582.8
595.9
597.2
602.9
595.3
600.4
598.7
598.8
599.7
597.3
596.5
588.2
590.8
592.3
597.4
603.3
617.9
598.5
596.1
600.3
593.3
593.6
593.1
588
594.4
593
589.4
597.7
599.2
597.8
604.9
603.1
605.2
604.9
593.6
597.1
598.4
592.3
588.3
591.7
586.5
590.9
586.5
592.6
593.9
595.8
599.9
605.3
597.9
592.9
593.5
591.2
592.9
589.4
590.2
591.5
596.7
595.5
598.7
602.7
599.8
603
599.5
600.5
597.4
598
588.2
587.2
584.7
585.7
583.8
587
585.1
590.6
594.4
594.4
595.8
602.7
595.6
593.3
597.4
595.1
588
585.1
592.8
592.4
587.7
589
591.8
593.4
598.9
592.4
594.2
596.4
595.1
599.1
590.5
592.2
592.9
589.9
582.8
587.3
590.9
596.8
614.3
615.3
617.3
619.8
625.9
625.2
630.4
636
643.4
640.1
649
643.6
642.9
654.1
653.1
655.1
655.8
664.6
667.3
673.6
671
665.9
672.3
672.9
673
669.4
671.7
675.1
673.1
674.2
680.3
689.2
694.4
698.6
704
702.4
696.4
695.6
700.5
697.3
700.8
704.6
697.1
705.3
704.2
708.3
715.6
718.3
719.7
723.6
719.2
710.3
725.8
729.4
728.8
725.6
732.1
725.2
726.5
731.5
733.2
739.3
734
727.6
728.7
737.5
735
736.2
735.8
728.8
735.6
734.3
733.7
736
737.9
747.2
745.1
748.9
751.4
750.9
755
760.2
749
748.3
744.7
748.3
748.7
755.8
753.7
750.7
762.1
767.4
774.1
774.9
781.3
775
774.7
768.1
776
776.5
771.9
777.8
775.5
771.3
779.5
775.4
781.3
785.3
787.3
785.5
784.3
789
788.9
782.2
786.9
788.5
786.9
790.9
796.7
794.6
797.9
800.9
803.2
809.3
819.3
812.2
811.6
811.6
814
815.1
823.2
819.4
815.8
812.4
815.1
821.2
822.5
818.2
823.4
829.4
834.5
830.7
835.9
829.4
829.3
840.6
838.9
841.9
847.9
846.7
841
845.9
847.1
848.7
853.5
849.1
838.9
837.6
838
828.4
829.7
835.1
834.7
835.2
837.3
829
833
835.9
836.1
839.3
846.3
843.3
828.5
829.6
829.8
823.6
820.8
825.3
824.3
825.5
832.1
826.2
831.7
842.5
846.3
856
856.8
851.5
851.8
849.5
849.4
844
845.4
848.4
849.7
842.3
856
857.7
865
868.1
861.6
866.4
860.2
863.4
859.5
861.4
864.4
856.5
858.6
862.8
859.1
872.7
867.4
870.9
875.4
874.9
873.3
872.4
874.7
872.2
868.6
865.6
868.8
863.7
872.6
870.2
864.2
868.4
873.2
876.3
878.7
881.5
884.5
877.7
865.4
874
873.9
870
871.8
874.1
874.4
871
872.3
877.4
877.7
880.4
886
888.8
882.2
884.4
883.7
886.5
883.1
880.2
877.6
879.6
877.3
882.7
886
885.6
896.9
890.2
896.1
891
893.5
890.3
884.1
887.6
885.9
886.4
881.2
883.4
889.6
888.5
894.6
893.5
902.2
904.5
898.2
902
896.1
896.9
889.1
892.7
899.9
894.1
889.7
894.4
890.3
899.8
906.3
903.2
908.2
912.8
909.6
899.9
902.7
903.3
900.4
899.8
895.3
899.1
902.7
906.5
904.2
910.8
910.3
916.4
916.1
914.2
917.2
904.4
912
903.1
905.3
906.7
902.7
911.5
906.5
914.6
912.3
921.4
920.1
914.2
911.8
907.7
904.5
914.2
903.4
910.9
914.1
916.1
921
919.8
921.2
914.5
916.3
908.5
907.5
903.4
902.1
898.6
899.7
901.5
902.6
898.1
902.9
906.9
903.1
897.6
910.5
913.8
911.4
919
920
916.6
919.3
913
919.1
913.3
916.1
916.8
911.9
917.7
921.2
925.4
923.6
916.5
924.7
927.7
931.5
914.9
923.5
920.9
925.2
918.6
923.8
920.1
926.7
932.6
928.5
929
943.5
934.3
936.2
919.9
922.1
921.5
928.4
924.7
921.1
913.7
928
929.1
921.2
933
933.3
935.7
938.6
929.4
927.7
926.7
933.2
935.5
930.3
929.9
934.3
939.4
939.7
940.2
947.6
944.6
942.2
952.5
947.2
947.4
941.6
925.1
936.8
943.5
941
944.2
943.9
947.6
952.8
958.7
969.4
974.8
975.6
983.3
986.3
983.7
981
987.9
990.1
1002.5
1002
1007.6
1006.4
1009.7
1013.6
1015.2
1010.9
1005.7
1008
1002.6
998.1
1007.8
1006.9
1007.8
1013.5
1010.3
1016.7
1023.1
1024.8
1023.1
1023.9
1031.5
1025.6
1034.3
1030.1
1031.8
1035.9
1042.9
1039.5
1046.3
1051
1049.6
1054.3
1061.6
1071
1061.7
1062
1065.2
1064.5
1058.1
1053.6
1061.1
1055.3
1057.1
1062
1056
1064
1081
1080.5
1076.8
1082.4
1078.8
1076.2
1074.4
1073.9
1076.1
1078.2
1074.7
1074.7
1072.9
1080.8
1092.4
1098.2
1105.3
1100
1105.1
1103.8
1104.1
1102.3
1083
1071
1091
1094.3
1096
1092.2
1100
1103.5
1107.3
1096.5
1098.9
1091.5
1093.2
1090.4
1080.3
1083
1079.7
1075.3
1074.1
1075.9
1083.4
1073.5
1083.2
1086.9
1100.5
1109.7
1101.1
1105.8
1104.5
1099.1
1090.1
1088.6
1087.2
1087.1
1088.1
1087
1088.9
1094.3
1102.2
1098.5
1109.8
1111.3
1099.9
1088.5
1087.6
1092.2
1098.9
1093.1
1095.6
1094.1
1098.6
1112.3
1115.7
1117.7
1119.2
1122.3
1117.6
1125.9
1115.6
1115.3
1119.3
1117.2
1120
1129.9
1129.8
1132.4
1142.6
1136.6
1140.4
1141.8
1142.9
1151
1154.1
1153.9
1159.5
1142.4
1140.3
1153.4
1158
1150.7
1154.7
1154.2
1157.6
1168.5
1164.8
1157.4
1165.9
1156.2
1159.5
1164.9
1166.4
1167.3
1159.1
1166.3
1154.6
1168.8
1174.3
1172.9
1170.5
1182.9
1184.9
1186.1
1188
1183.3
1187.2
1186.9
1145
1152.7
1160.4
1166.1
1167.5
1169.8
1176.4
1171.8
1178.3
1164
1162.9
1162.4
1159.4
1149.7
1155.5
1143.7
1136.8
1142.4
1143
1140.8
1132.2
1137.2
1139.1
1135.9
1130.5
1123.4
1118.4
1103.6
1101
1101.8
1095.4
1095.9
1102
1094.5
1085.4
1097.2
1094.3
1105.3
1122.2
1114.3
1127.6
1130.9
1154.5
1145.8
1151.4
1152.3
1159.2
1158.3
1165.9
1173.6
1191.9
1192.5
1203.7
1201.2
1223.6
1214.3
1227.3
1225.5
1226.9
1224.5
1219.7
1213.4
1210.1
1220
1229.3
1230.7
1238.1
1245.9
1252.9
1259.6
1262
1270.7
1265.7
1268
1270.5
1264.3
1264.2
1280.1
1284.3
1276.1
1267
1277.8
1278.2
1289.2
1291.7
1294
1318.6
1312.2
1304.7
1304.9
1301.4
1293.2
1297.3
1303.9
1299.7
1308
1313
1313.5
1316.2
1318.1
1330.1
1327.2
1334.9
1328.4
1335.2
1337.7
1342.2
1337.3
1343.6
1340.8
1344.1
1343.2
1353.7
1358
1365.2
1369.4
1368.7
1371.3
1373.5
1369.9
1366.9
1369.3
1367.5
1366.5
1367.6
1368.7
1371.2
1379.9
1382.3
1382.9
1387.6
1384.7
1413.6
1407.3
1410.6
1414.5
1410.1
1414.9
1404.6
1406.4
1409.5
1416.2
1413.4
1421.7
1426.2
1432.3
1431.5
1437.3
1438.8
1436.1
1432.6
1433.1
1428.3
1430.5
1439
1438.8
1437.7
1448.7
1455.2
1451.8
1445.4
1458.3
1463.7
1471.5
1481.1
1472.6
1484.3
1486.4
1467.3
1468.7
1472.9
1470.7
1482.2
1479.6
1479.2
1494.8
1506.9
1507.8
1527.4
1513.1
1511.5
1508
1490.7
1497.7
1494.1
1497.6
1503.8
1505.6
1508.3
1500.4
1503.8
1506.3
1508
1518.1
1506.9
1518.7
1518.5
1513.2
1518.5
1503.1
1484.3
1481.8
1479.2
1454.4
1436.3
1439.4
1408.6
1388.5
1391.2
1381.7
1387.5
1380.4
1370.7
1364.9
1334.2
1341.6
1352.3
1350.8
1358.8
1357.1
1345.7
1328.4
1334.5
1349
1367.9
1375.7
1382.5
1369.5
1376.7
1373.9
1387.5
1389.2
1388.9
1391.3
1392
1386.9
1387.6
1389.4
1392.8
1406.5
1405.7
1417.4
1418.5
1411.5
1404
1407.8
1411.6
1415.3
1408.9
1422.7
1432.1
1425.2
1436.6
1434.4
1432.8
1443.4
1444.4
1446.5
1461.7
1450.6
1452.8
1453.6
1448.2
1449.9
1437.1
1439.3
1442.1
1450.8
1452.7
1463.7
1460.4
1470.6
1453.3
1454.5
1464.1
1473.7
1468.3
1447.6
1434.2
1411
1410.1
1419.1
1427.3
1421.5
1404.4
1404.4
1390.8
1376.9
1359
1323.1
1332.3
1293.5
1280.9
1251.3
1222.8
1238.6
1270.1
1276.8
1285
1293.6
1295.7
1298.3
1293
1292.1
1284
1272
1275.9
1277.4
1263.4
1264.3
1256.3
1246.4
1249.2
1239.6
1226.6
1231.1
1228.2
1218.4
1217.1
1213.6
1203.2
1195.6
1190.2
1195
1192.4
1177.2
1162.5
1173.9
1174.2
1170.6
1166.5
1156.3
1158.1
1153.1
1148.8
1145
1141.8
1127.2
1120.7
1117.2
1117.2
1101.3
1106.4
1091.7
1101.3
1100.7
1102.8
1101
1100.3
1093.8
1086.8
1082.1
1068.9
1054.5
1043.8
1035.8
1033.4
1030.1
1031.7
1024.6
1031.1
1025.4
1016.7
1020.9
1012
1003.8
997.2
995.2
988.5
984.7
980.4
975.8
970.3
976.2
971.2
974.7
969
960.6
961.6
958.5
958.9
951.6
950.1
942
938.3
946.1
938.9
938.3
944.1
944.3
943.3
940.4
941.1
937.1
934.7
933.8
928.5
924.5
921.2
915.1
915.6
914.7
912.7
906.2
913.9
919.2
925.2
928.3
914.1
912.1
921.5
918.7
919.3
922.3
927.6
919
914.9
915.3
918.1
923.7
923.7
925.5
923.7
930.2
923.5
916.7
923.3
913.2
908.5
904.9
912.5
904.6
906.4
913.4
918.2
926
933.3
932.8
941.6
940
943
937.7
944.5
945
941.1
935.5
941.1
940.2
942.1
944.5
949.4
949.8
947.9
959.5
962
968.5
965.5
958.2
961.3
949
955.4
957.6
955.5
961.6
959.9
962.2
958.9
961.4
958.6
956.6
954.7
953
955.9
953.5
948.6
951.4
946.3
953.2
949.5
947.6
945
954.3
952.4
966.3
963
966.9
963.8
967.8
960.4
961.9
958.3
954.2
954.4
952.9
949.4
956.8
952.8
954.7
961.5
959
965.5
959.4
954.5
958.1
952.4
946.1
941
944
945.1
947.6
949.5
960.2
949.6
956.2
958.5
957.5
963.4
957.1
953.8
948.7
944.2
938
939.4
938.1
935.6
939
946.6
944.4
942.3
943
942.5
944.7
939.9
947.2
937.5
924.7
925.4
924.5
926.7
922
918
921.4
915.7
924.7
932.1
943.3
934.9
921.4
921.4
920.9
921.6
912.8
911.5
916.1
916.4
913.1
926.2
927.5
928.1
933.9
932.3
923.7
930
924.9
921.4
929.3
920
914.1
918.5
912.7
910
915.2
914.8
914.6
922.9
924.8
921.3
917.3
918.2
915
915
912.5
912.3
905.9
893.3
907.4
909.7
909.2
912.8
908.9
914
920.4
914.6
910.5
907
901.7
896.9
898.4
904.7
904.1
904.4
908
905.5
911.5
908.9
910.1
915.4
915.3
919.5
919.2
908
906.2
905.7
903.8
896.3
904.1
901.7
908.3
914.2
907.6
914.5
919
909.4
908.3
908.3
910.4
908.3
907.2
900.6
903.7
901.8
900.5
916.8
903.9
912.6
915.2
908.1
915.4
910
907.7
905.6
903.2
902.9
895.7
899.7
897.8
905.4
898.5
895.4
910.6
907.3
917
908.2
912.4
903.9
898.4
891.3
900.3
902.5
898.7
894.9
886.4
898.9
896.8
902.5
896.6
899.1
898.1
904
887.5
892.1
891.7
886.4
894.1
888.8
889.8
887.4
889.3
891
895.3
897.4
895.8
899.2
903.3
894
890.9
891.4
887.2
887
887.8
884.6
882.7
889.4
888.4
890.1
890.5
898
894.9
886.4
892.1
882.2
889.6
879.3
867.5
879.5
873.1
872.6
873.7
878.8
877.2
885.5
878.4
892.1
887.3
886.1
883.6
881
876.2
869.2
874.1
876.6
868.9
865.7
867
873.9
869.1
880.5
876.7
881.7
882.2
877.8
874.6
873.7
867.5
870.6
867
866
864.5
869.5
872.1
862.7
875.7
870.7
868.1
876.7
874.6
871.4
870.6
868.7
856
864.6
859.3
858.6
868
859.3
863.3
865.5
860.4
865.1
872.4
872.2
861
860.5
868.9
865
863.3
847.2
861.3
852.9
860.8
861.5
860.6
860.8
869.8
863.8
862.9
856.7
862.4
863.8
857.2
846.8
863.2
852.4
846
849
854.5
858.5
860.3
858.5
861.1
859.8
864.4
856.6
854
849.7
850.2
851.1
852.3
861.5
881.1
884.4
883.7
892.9
897.1
882.3
892.5
898.5
905.1
903.1
892.9
886.6
896.9
888.3
883.4
885.2
871
865.8
872.8
869
863.4
860.2
862.9
852.7
840.8
839.9
836.9
831.2
826.8
826.1
822.8
822
819.3
824.8
828.8
827.8
836
834.7
829.7
821.7
817.6
814.2
812.9
830.1
831
840.4
841.5
849.7
841.8
856.5
869.2
883.1
860.2
858.6
860.9
848
847.1
848.2
850.3
857.8
853.2
858.6
854.2
856.2
855.8
853.4
862.1
858.6
851.7
844.1
853.7
845
849.2
850.6
844.9
847.8
848.2
855
851.9
863
865
860.3
864.1
855.3
856.2
856.8
852.3
851.7
866.5
873.2
880.2
886
889
895.8
902.6
909.4
906.3
915.6
918.1
903.5
913.9
919.8
916.8
923.9
915.9
932.5
922.4
928.9
932.4
945.8
933.5
934.9
943.2
942
941.7
946.7
940
936.3
948.9
943.2
961.5
951.3
974
981.2
971.5
977.2
976.6
979.7
974
968.4
980.5
983
983.5
989.3
988.4
992.5
992.6
991.2
996.1
1004.3
1007.2
1017.8
1021
1018.5
1020.1
1015.7
1016.8
1015.6
1011.4
1008.1
1014.7
1015.7
1023.3
1035
1047.2
1061.6
1063.6
1070
1067.5
1059.2
1058.9
1049.2
1047.2
1042
1028.6
1029.6
1021.2
1027.1
1021.4
1026.2
1016.7
1029.4
1031.8
1031.8
1035.6
1020.6
1019.5
1003.7
995.6
996.6
991.1
981
978.5
979.7
993
1001.7
1014.8
1015.1
1010.1
1005.9
990.9
998.8
985.8
990.8
994.4
998.7
1000.9
1004.6
1021.7
1024.9
1032.6
1034.9
1043.4
1043.9
1046.6
1047.2
1046.3
1047.5
1054
1061.8
1055.9
1074.9
1075.8
1081.4
1095.2
1103.4
1101.3
1098.7
1097.3
1102.3
1101.4
1094.4
1105.2
1115.2
1113.1
1123.4
1129.1
1113.8
1129.3
1135
1143.7
1149
1173
1156.5
1158.7
1161.1
1166.4
1168.3
1166.9
1168.9
1168.3
1170.6
1181.7
1194.7
1195.9
1208.2
1203.5
1205.3
1216.2
1221.8
1228.3
1211.8
1211
1220.5
1224.5
1220.8
1221.4
1239.1
1227
1232.9
1235.2
1243
1256.9
1252.1
1260.7
1264.4
1265.6
1258.9
1259.4
1238.7
1250.6
1257.9
1266.4
1279.1
1289.8
1291.7
1294.6
1301.9
1290.8
1311.4
1317
1325.1
1315.9
1323.3
1321.1
1333.5
1334
1339.4
1341.5
1348.3
1354.8
1358.8
1365.8
1377.2
1376.6
1371.2
1386.6
1378.1
1382
1383.4
1391.5
1397.5
1391
1405.2
1404.3
1392.3
1406.4
1411.2
1405.9
1408.6
1412.4
1418.6
1358.5
1384.5
1403.5
1420.8
1409.3
1416.6
1421.6
1424.6
1422.8
1419.6
1399.7
1372.9
1346
1343.4
1300.8
1277.4
1250.8
1218
1197.5
1182.4
1170.1
1164
1166
1155.6
1138.3
1131.3
1127.4
1101.5
1117
1090.2
1090.4
1077.6
1052.4
1053.2
1045.2
1047.6
1057.3
1074.9
1085.6
1090.7
1109.2
1099.7
1108.3
1099.6
1117.7
1117.6
1116.2
1116.4
1115
1116.8
1118.9
1124.7
1137
1134
1132
1141.2
1147.5
1149
1165.3
1158.6
1171.2
1173.3
1178.3
1171.8
1170.4
1174.3
1169.5
1177.8
1186.2
1185.4
1184.5
1194
1197
1203.4
1215.9
1230.6
1237.7
1231.3
1230
1222.2
1223.6
1210.2
1207.8
1212.9
1231.2
1225.7
1235.7
1240.6
1246.7
1244.8
1252.2
1251.5
1255
1249.9
1251.4
1254
1258.8
1264.6
1267.6
1270.5
1271.1
1271.5
1279.7
1290.4
1298
1297.5
1300.6
1304.4
1312.8
1304.1
1302.7
1298.1
1319.7
1311.6
1315.7
1327.9
1322.7
1323.1
1327.2
1333.1
1332.7
1345.8
1357.6
1352.4
1358.6
1351.8
1348.8
1344.2
1348.2
1340.6
1358.3
1360.8
1367.9
1368
1368.4
1359.3
1369.9
1377.6
1382.4
1386.6
1388.1
1398.5
1396.5
1389.2
1391.6
1394.9
1386.8
1410.5
1410.2
1423.9
1410.1
1422.7
1418.6
1417.6
1414.9
1419.7
1417.3
1407.2
1430.8
1422
1416.9
1422.4
1423.3
1421.9
1422.7
1431.4
1424.3
1433.4
1431.8
1444.5
1436.1
1434.1
1435.5
1438
1441.4
1447.2
1451.8
1460.8
1465.4
1472.4
1473.9
1480.7
1474.6
1478.8
1471
1470.8
1476.3
1466.5
1476.1
1486.2
1483.9
1487.6
1493.9
1487.4
1466.2
1469.5
1471.8
1484.1
1492.5
1495.3
1490.7
1487.5
1488.9
1486.7
1492.2
1498
1499.8
1499.7
1501.7
1508.5
1505.2
1488.1
1448.2
1470.8
1486.6
1490.3
1485.6
1487.8
1469.2
1465.8
1462.5
1452.4
1451.1
1443.9
1442.8
1449.9
1438.9
1429.8
1421.1
1414.9
1413.5
1399.5
1373.7
1370.9
1354.6
1347.8
1364.7
1361.9
1354.5
1360.2
1355.8
1356
1359.2
1367
1364.7
1357.2
1364.4
1382.3
1377.5
1371.3
1363.8
1362.5
1356.7
1355.7
1364.2
1354.6
1351.6
1356.9
1357.7
1362
1360.5
1351.7
1348.7
1338.7
1331.2
1333.6
1336.4
1327.9
1311.1
1326.1
1334.1
1339.3
1332.6
1324.2
1317.6
1322.4
1337.7
1327.4
1322.9
1321.5
1315.6
1319.9
1317.3
1321.7
1308.5
1294.3
1304.3
1294.4
1301.2
1304.6
1300.7
1292.6
1283.7
1276.9
1267
1266.7
1275.2
1271.5
1269.7
1264.7
1267.3
1273.8
1273.3
1286.9
1279.7
1280.4
1275.7
1253.8
1245.9
1248.8
1248.9
1246.2
1250.6
1245.6
1236.1
1241
1235.7
1246.3
1244.3
1257.8
1251.8
1245.6
1256
1246.6
1243.6
1225.8
1231.4
1217.8
1236
1233.2
1230.6
1238.4
1243.7
1246.9
1249.7
1254.4
1259.2
1266
1265.8
1253.5
1240.1
1218.9
1206.7
1215.5
1221.1
1227.4
1236.9
1234
1247
1245.9
1245.4
1235.1
1240.1
1230.2
1227.7
1221.8
1219.9
1206.6
1212.8
1220.8
1214.8
1227.4
1228.4
1227
1218.8
1231.6
1222
1205.9
1218.1
1203.6
1191.1
1206.2
1209.9
1212.7
1222.6
1196.8
1181.7
1199.5
1192.6
1202.4
1207.8
1191.7
1206.5
1216.5
1199.7
1193.9
1179.7
1178.6
1157
1166.9
1179.5
1182.3
1172
1187.9
1177.4
1186.6
1187.8
1192.5
1183.3
1188.7
1190.9
1178
1174.7
1187.2
1184.5
1167.7
1172.8
1183.9
1167.7
1155.5
1146.9
1148.6
1149.4
1173.8
1164.8
1161.7
1169.7
1171.6
1166.4
1158.7
1142.4
1131.3
1146.8
1183.9
1185.4
1192.8
1196.3
1199.5
1191.3
1190.3
1176.4
1171.7
1176.7
1170.7
1159.6
1166.9
1161.2
1154.2
1149.3
1146.8
1151.3
1144.2
1137.6
1137.7
1124.2
1114.2
1117.1
1105.6
1099.6
1099.1
1098.2
1086.1
1090.6
1097.7
1098.3
1096.2
1097.2
1096.5
1095.4
1090.5
1086.8
1067.6
1072.8
1066.6
1066.6
1071.9
1077
1071
1065.3
1080.6
1076.7
1077
1069.8
1073.5
1058
1046.2
1034.3
1047.3
1055.4
1041.3
1039.3
1050.1
1051.4
1039.9
1041.8
1045.4
1042
1034.4
1039
1042.4
1022.2
1031.1
1034.9
1026.8
1030.9
1032.1
1035
1026
1035
1031.3
1037.7
1048.8
1049.3
1057.6
1051.2
1041.2
1032.2
1033.8
1036.5
1031.7
1039.6
1037
1035.4
1026.5
1033.6
1037.7
1043.9
1037.8
1039.3
1041.1
1041.1
1030
1020.8
1022.4
1016.8
1026.1
1032.4
1023.3
1027.8
1026
1032.4
1026.4
1029.6
1035.3
1026.5
1023.7
1022.6
1013.5
1013.8
1015
1012.1
1016.7
1012.5
1016.8
1019.1
1021.3
1024.9
1045
1043
1050.8
1057.6
1053.4
1057.9
1069.6
1065.7
1065.7
1068.6
1082.6
1095.2
1111.7
1123.3
1131.3
1128.2
1130.8
1145.9
1140.5
1150.6
1160.7
1146
1156.3
1146.4
1151.3
1141.3
1148.2
1151.2
1157
1168.6
1163.8
1176
1182.5
1190
1196
1195.1
1199.9
1188.2
1198.8
1189.9
1186.5
1189.2
1179.3
1197.9
1200.5
1192.4
1200.5
1212.9
1218.5
1217.6
1222
1206.6
1202
1211.3
1213.6
1224.6
1231.7
1242.3
1243.9
1243.1
1259.4
1253.4
1261.5
1261
1270.5
1270.3
1269.4
1270
1276.4
1275.2
1282.6
1289.9
1284.6
1288
1293.9
1298.2
1300.6
1304.9
1308.5
1309.1
1314.4
1326.9
1323.7
1323.9
1320.6
1321.2
1329.2
1333.2
1335.5
1338.2
1342.1
1351.4
1348.5
1356.9
1352.9
1357.7
1356
1367.9
1360.1
1360.2
1357.4
1344
1357
1350.5
1355.5
1360
1374.6
1369.1
1387
1388
1386.8
1379.8
1382.3
1375.4
1380.7
1374.7
1384.2
1388.8
1393.3
1395.3
1391.8
1400.3
1390.8
1404.2
1427.7
1432.2
1432.1
1430.5
1418.2
1429.1
1431.7
1432.3
1437.6
1433.2
1429.4
1431
1447.5
1446.9
1446.9
1453.7
1460.5
1460.2
1454.8
1461.7
1459
1465.4
1465.2
1465.2
1474.4
1472.8
1477
1485.5
1484.9
1504.6
1493
1492.2
1485.6
1489.7
1496.7
1493.7
1496.5
1492.3
1498.5
1507.7
1506.2
1510.8
1516.4
1508.5
1523.3
1520.8
1517.9
1518.2
1512.2
1518.8
1514.6
1523.7
1528.9
1531.4
1535.8
1544.9
1544.6
1553.8
1558.3
1549.8
1553.4
1549.8
1550.5
1557.8
1549
1546.4
1552.9
1550.8
1561.4
1560.3
1553.8
1565
1563
1570.3
1576.4
1578.2
1577.8
1582.4
1580.6
1572.5
1573.8
1575.2
1578.2
1595.3
1595.9
1606
1611.4
1611.7
1619.8
1614.4
1631.4
1627.2
1607.5
1604.7
1604.1
1611.6
1600.6
1611
1599.6
1607.6
1606.3
1618
1625.8
1630.8
1625.2
1624.4
1630.9
1618.5
1630.7
1624.8
1631.4
1632
1637.4
1643.7
1669.9
1695.6
1702
1694.2
1657.2
1644.1
1637.7
1626
1661.2
1654.1
1648.9
1622.7
1611.7
1613
1626.5
1623.8
1635.7
1638.4
1629.4
1628.5
1637
1625
1607.3
1596.6
1563.5
1522.1
1491.1
1457.2
1429.4
1417.9
1403.6
1408.5
1410.5
1405.8
1410.4
1398.5
1399.2
1389.5
1402.2
1394.7
1383.5
1379
1372.8
1381.3
1359.9
1355.3
1350.9
1361.3
1354
1352
1355.5
1372.8
1350.2
1352.3
1351.2
1352.1
1339.5
1341
1350.1
1366.6
1371.9
1394.1
1397
1404.8
1411.2
1416.3
1407.7
1411
1413.1
1407.2
1403.6
1390.9
1381.1
1379.3
1365.8
1366.7
1360.1
1344.9
1331.5
1332.7
1328.3
1316.1
1316.4
1298.3
1291.9
1284.7
1268.2
1263.2
1238.8
1231.2
1223.7
1212.3
1207.1
1194.3
1213.4
1212.6
1214.9
1210.3
1209.6
1207.9
1184.4
1188.2
1174.3
1178.3
1172.8
1175.1
1188.7
1189.4
1191.4
1194.1
1210.1
1217.8
1215.5
1211.5
1212.1
1207.2
1197.8
1189.2
1169.9
1174.4
1177.1
1178.8
1182
1185
1197.6
1194.5
1204.8
1201.9
1201.1
1210
1216.6
1209.7
1209.3
1197.1
1191.3
1193.8
1192.2
1191.1
1188.9
1203
1201.9
1214
1209.6
1197.2
1202.8
1207.2
1201.5
1193.5
1194.4
1191.3
1186.9
1184.9
1166.7
1167.3
1168.3
1165.4
1168.4
1176.2
1180.6
1179.3
1177.4
1163
1161
1161.4
1145.6
1154.3
1158
1154.2
1147.3
1148
1163.6
1163.9
1171.1
1173.3
1174.7
1170.4
1180.5
1171.6
1167.8
1155.2
1159.3
1152.7
1154.9
1166.1
1171.9
1171.7
1177.7
1180.5
1186.6
1194.5
1189.1
1194.3
1189
1188
1182.4
1181.6
1182.3
1183.4
1170.8
1182
1185.8
1205.4
1204.3
1207.1
1208.1
1198.7
1201.4
1191.6
1180.9
1182.7
1177.8
1181.2
1175.7
1168.5
1157.9
1163.4
1170.6
1174.9
1176.5
1168.8
1163.1
1165.2
1166.7
1155.6
1154.4
1142.7
1144.2
1142
1137.6
1142.6
1143.1
1136.8
1131.1
1126.9
1130.3
1134.5
1127.6
1121.5
1120.4
1114.6
1106.5
1105.2
1102.3
1101
1105
1108.1
1103.7
1092.9
1096.4
1093.1
1098.9
1090.2
1101.2
1099
1096.8
1103.2
1107.3
1104
1104.8
1098.4
1104.7
1111.4
1110.3
1114.2
1097.3
1089.2
1080.9
1074.7
1069.6
1070.1
1064.4
1078.5
1052.4
1058.5
1063.9
1067.5
1062.7
1058.5
1067.1
1064.5
1055.6
1050.5
1051.9
1046
1039.3
1044
1038.5
1037.3
1035.5
1041
1042.7
1044.2
1038.2
1043.4
1049.7
1054.1
1045.3
1036.8
1025.4
1031.6
1029
1027.3
1033.2
1028.8
1032.4
1035.5
1035
1030.4
1035.5
1036.9
1037.8
1030.5
1024.1
1018.1
1015.9
1020
1016.2
1009.7
1016.7
1015.1
1021.3
1024.6
1020.6
1023
1014.3
1018.7
1017.7
1014
1013.1
1011.9
1003.1
1003.5
1006.3
1006.8
1005
1008.8
1013.8
1012.6
1017
1013.6
1007.5
1010.1
1000.9
1000.2
1000.9
1002.9
986.6
989.1
985.3
991
992
1000.2
998.1
997
1004.2
990.1
993.5
992.5
984.3
985.7
982.5
981.6
981.8
979
981.4
977.8
987.2
983.3
991.8
992.7
987.2
982.7
972.8
974.9
972.2
974.4
973.7
977
968.7
965.4
961.8
967.9
971.2
973.3
975.5
974.8
971.6
971
967.3
964
958.1
962.1
961.2
962.6
964.3
959.4
962
962.5
972.1
960.2
965.2
962.9
955.5
953
961.7
956.2
955.2
948
946
944.4
949.2
951
954.8
953.1
955.2
962.9
955.8
950.9
948.7
947.1
941.8
935.2
942.7
941.4
944
938.8
942.3
940.4
942.2
960.6
952.9
950.9
950.1
939.7
937.5
949.7
939
946.1
959.9
967.3
966.7
969.1
972.3
963.4
977.6
977.9
982.2
976.2
977.9
972
975.7
971.7
973.5
976.3
966.1
974.1
975.7
974.1
983
977.6
974.2
987.3
984.5
986.2
987.2
984.2
985.1
984.9
978.6
983.2
975
987.7
983.5
980.5
986.1
999.5
1004.7
1002.9
998.3
991.6
995.7
994.3
978.1
984.5
987.6
986.4
990.9
997.8
988.8
997.4
1002
1005.2
1002.1
1011.1
1014.7
1006.8
1001.7
1001
1001.1
996.6
1003.4
997.9
998.9
1009.4
1004.6
1018.2
1005.4
1002.3
997.3
1001.1
996.3
995.6
1007.4
1001.8
1013.4
998.7
1002.6
1007
1009.6
1006.6
1001.1
1017.5
1013.5
1013.7
1009.9
1001.8
1001.1
995.3
1003.5
1002.1
1010.4
998
1002.8
1000.1
1010.1
1014.7
1015.6
1013.4
1019.3
1021.9
1020.5
1015.7
1010
1013.3
1010
1002.5
1004.4
1002.2
1005.5
1011.3
1009.4
1021
1021.8
1021.9
1019.9
1016.5
1014.6
1002.8
999
994
996.9
993.8
987.8
992.1
999.2
997.2
999.7
1001.1
998.9
996.2
984.9
986.8
984.1
974.8
978.9
976.4
973.1
974.6
983
985.9
976
980.2
987.8
987.9
973.6
972
969.9
974.8
967
973
966.8
966.8
965.2
964.5
972.2
979.2
974.4
974.2
973.4
965.6
959.6
959.9
960.2
958.8
948.3
953.8
949.8
956.6
958.1
962.8
971
960.2
963.5
961.4
949.9
950
966.2
944.5
945.3
940.3
944.6
943.7
948.3
942.9
944.6
946.3
942.9
947
945
946.7
940.2
934.1
932.4
929.5
936.1
933.9
941
940.2
935.6
945
934.1
942.7
940.6
938.7
936.6
925.8
929.2
932.9
926.1
917.7
927.1
926.7
922
928.4
933.7
932.7
932.7
927.7
926.7
928.1
924
919
918.6
912.4
912.5
910.3
913.9
918.1
922.7
911
928.2
925.7
924
923.3
918
911.3
912.6
905.7
914.8
913
909.2
910
907
913.5
913
913.4
912.4
905
907.1
898.6
903.7
902.5
897.4
897.8
894
895.4
900.1
904.7
897.4
902.5
900.9
902.3
902.8
904.9
900.7
891.5
885.3
886.3
884.9
890.2
883.8
893.7
892.4
894.3
892.1
895.6
892.3
891.7
891.7
885
884.9
883.9
875.7
883.7
881.1
874.2
878.1
884.9
