522.5
523.7
522.4
522
518.8
517.1
516.7
511
527.2
528.7
523.2
519.8
519
520.4
526
539
550.6
554.2
559
560.7
557.8
562.9
564.2
565.5
570
572.1
575.8
579.9
587.7
585
590.2
583.1
593
598.2
599.2
598.1
602.2
593
597.5
601.9
599.3
594.8
597.7
601.9
600.4
612
611.2
617.7
620.5
624.8
619.9
612.9
613.3
621.2
630.6
638.8
641.3
639.1
650.1
649
643.9
655.7
653.6
639.5
638.9
641.2
636
637.5
640.5
647.5
649.4
656
663.4
664.5
679
679.6
679.8
674.7
680.6
677.1
676.1
672.2
670.6
672.9
662.8
670.1
672.2
673.5
680.9
684.6
683.4
684.4
693.3
690
685
674.9
677.4
678.2
683.2
685.2
691.6
694.8
699.1
700.1
709.5
714.8
717.5
714.4
717.1
721
714.8
710.6
706.4
709
716.8
713.1
718.5
714.9
722.5
723.4
732.9
739.7
740.6
737.7
731.2
735.4
736.8
735
739.5
735.6
726.3
733.5
725.3
733.3
736.3
737.2
736.3
743.4
749.3
744.1
747.5
741.2
738.8
739.2
735.6
738.2
733.3
740.1
737.1
741.2
748.2
746.7
754.3
753.5
757.9
751.5
752.3
756.2
757.1
754.3
743.1
747.7
749.4
755
751.1
763
763.6
765.2
774.8
770.3
772.7
772.9
766.1
766.1
768.8
768.9
765.9
763
760.7
763.4
770.2
769.6
767.5
789.3
790
786.6
809.9
815.2
792.3
788.8
781.8
784.6
778.8
774.5
784.9
785.2
792.9
797.3
791.7
796.8
807.5
805.6
791.6
784.9
778.6
776.6
771.3
769
767.7
761.4
771.7
767
772.9
765.1
772.7
768.2
768.7
762.6
759.5
751.9
761.7
764
755.5
748
754.1
756.2
763
772.9
784.8
791
791.2
789.3
789.2
783.3
779.8
788.4
783.5
794.3
795.3
804
804.6
815.9
815.2
815.7
810.6
797.4
795
802.6
799
797.9
804.4
806.6
803.2
803.5
814.7
810.9
809.2
802.1
802.1
808.1
806.7
810
796.9
798.1
799.5
796.9
795
789.5
797.9
797.5
798.1
801.7
804.6
804.2
806.6
802.5
791.8
788.3
784.9
772
780.5
778.7
783.3
789.2
789.3
794.2
808.4
814.7
837.1
850.5
853.5
859.7
855.9
857.1
849.9
858.1
861.5
860
866
869.7
878.8
883.8
880.9
883.7
884.7
888.3
887.8
893.9
885
894.3
912.5
904.3
901.9
911.6
896.7
898.4
904.4
901
900.7
896.7
896
888.2
887.6
887.1
886.7
883.6
887.3
882.2
887.4
891.1
900.3
885.6
897.6
893.9
896.1
896.1
871.1
874.1
873.9
874.2
872.8
870.5
873.2
875.6
888.7
890.1
903.7
914.8
911.7
915.8
915.8
917.1
917.5
921.5
923.1
925.9
930.3
934.1
931.6
942.1
945.4
944.4
942.9
952.3
951.5
951.9
952.1
961.8
943.9
956.6
953.5
957
964
969.9
967.5
967.9
986.5
988.7
987.1
1002.4
1004
1011.4
1012.5
1007.2
1005.6
1007.8
1010.8
1003.3
1014.4
1022.9
1020.4
1026.8
1030
1040
1025.9
1028.8
1016.2
1016.9
1011.4
1003.6
998
999.5
997.7
993.7
1002.5
1003.4
998
999
993.6
994.7
989.3
989.7
993.7
993.1
996.7
998.9
1000.1
999.9
996.8
999.5
1006.1
1018.9
1016.9
1023.6
1021.5
1020.9
1014.5
1025.5
1023.9
1026.1
1020.4
1014.7
1021.3
1023.5
1017.9
1024.5
1028.4
1025.5
1027.8
1031.6
1033.4
1030.5
1017.1
1029
1025
1025.9
1030.1
1034
1041.7
1033.6
1032.4
1035.3
1048.1
1046.1
1052.3
1046.7
1047.9
1049.1
1055.7
1053.9
1049.9
1047.7
1048.5
1042.4
1043.3
1047.3
1054.3
1057.3
1037.1
1043.5
1052.9
1065
1062.2
1060.6
1052.3
1052.9
1049.9
1034
1040.8
1040.4
1033.7
1036
1049.2
1043.1
1044.6
1039.1
1045.4
1036.1
1025.3
1023
1014.8
1019.2
1017.7
1016.3
1008.9
1012.7
1006.9
1000.7
1005.4
996
995.5
994.2
987.7
994.1
995.9
996.9
997.9
997.1
1005.9
1003.2
1009.2
1025.4
1025.1
1036.9
1048.2
1057.5
1060.9
1060.4
1050.4
1049.4
1050.5
1053.9
1048.6
1053.6
1053
1061.3
1071.9
1073.5
1077.4
1079.6
1088.2
1088.4
1095.3
1095.5
1094
1093.5
1093.9
1094.1
1097.4
1094.4
1104.1
1118
1123.4
1120.6
1127.8
1130.6
1122.1
1126.3
1129.8
1131.3
1132.6
1131.1
1140.1
1133.8
1136.1
1140.1
1133.5
1145.3
1139.9
1145.1
1159
1157.7
1156.1
1172
1160.6
1162.3
1158.5
1168.6
1164
1170.5
1171.8
1177.3
1175.7
1188.2
1190.8
1207.1
1205.1
1204.1
1208.1
1197.7
1198.5
1200.8
1195.5
1202.5
1208
1211.4
1210.6
1226.1
1218.4
1224
1225
1221.9
1230.9
1230.6
1230.9
1235.7
1224.3
1234.9
1228.3
1226.4
1246.4
1248.7
1247.8
1250
1259.8
1254.5
1261
1266.4
1268.9
1262.2
1266.8
1267.7
1269.1
1262.6
1266.9
1262.6
1265.3
1274.8
1276.7
1280.6
1282.1
1288.9
1285.8
1291.9
1293.1
1292.7
1288.2
1289.3
1291.4
1297.6
1290.5
1296.1
1301.6
1306.4
1304.8
1320.1
1333.6
1331.7
1334.1
1325.4
1307
1312.5
1315.5
1323
1323.2
1321.5
1319
1319.7
1328.1
1318.6
1329.9
1322.7
1322.6
1326.7
1334.5
1333.5
1320.7
1333.3
1337.6
1336
1333.7
1333.9
1342.3
1344.5
1355.6
1351.8
1364
1359.4
1362.2
1358.8
1359.9
1355.6
1351.5
1344.9
1344
1339.7
1338.2
1341.7
1348.1
1346.5
1353.6
1364.6
1367.8
1360
1359.3
1366.4
1367.6
1356.8
1357.5
1365.5
1356.1
1366.7
1352.1
1367.3
1365
1378
1368.5
1390.8
1384
1378.4
1382.8
1375.9
1372.2
1362.2
1370.1
1365.7
1355.6
1363.9
1366.6
1374.4
1376.6
1388.5
1390.6
1389.2
1396.3
1396.8
1380.3
1380.9
1370.6
1378.5
1371.9
1372.1
1375.5
1373.7
1361.1
1368.5
1379.7
1401.2
1400.7
1406.6
1407.9
1408.8
1411.5
1406.4
1398.7
1415.5
1418.8
1421.2
1426
1429.5
1433.9
1449.7
1451.8
1446.9
1449.7
1457
1451.5
1441.7
1437
1439.7
1447.8
1448.7
1458.3
1439.1
1451.3
1464.7
1467.1
1491.9
1481.5
1472.3
1470.7
1473.8
1482.4
1467.9
1480.9
1481.1
1482.6
1492.4
1493
1492.7
1499.2
1504.6
1501
1514.5
1522.9
1519.5
1521.2
1513.2
1513.6
1508.6
1517
1518
1523.9
1527.8
1531.7
1532.8
1542.9
1547.5
1541.3
1542.8
1549.6
1564.8
1575.3
1566.4
1571.3
1560.4
1559.3
1566.8
1572.8
1568.5
1578.1
1575.8
1584.6
1587.5
1576.9
1585.8
1586.4
1583.3
1576.1
1579.9
1592
1588.5
1576.6
1578
1577.7
1588.2
1596.8
1602.3
1604.2
1598.5
1610.1
1608.1
1610
1610.7
1606.6
1613.9
1600.7
1601.7
1627.3
1606.2
1613.4
1614.6
1630.3
1634.9
1622.6
1630.8
1635.3
1632.2
1637.6
1630.8
1639.3
1638.2
1646.8
1645.1
1658.9
1639.4
1644.7
1655
1654.3
1667.9
1678.5
1679.7
1681.6
1662
1666.4
1657.5
1662.6
1665.8
1674.1
1673.7
1668.5
1666.4
1674.1
1686.3
1676.9
1680.3
1692.7
1689.7
1691.5
1692.3
1684.7
1681.6
1693.3
1698.9
1702
1700.6
1704.8
1711.1
1718.5
1714.7
1723.5
1712.2
1711.6
1713.2
1713.3
1705.4
1704.1
1719.1
1714.7
1711.4
1724
1716.7
1721.9
1726.7
1727.2
1740.3
1735.1
1725.7
1727.5
1749.4
1738.2
1740.5
1739
1740
1730.8
1739.4
1741.1
1747.1
1743.7
1748.9
1747.4
1745.6
1744.3
1744.6
1740.6
1739.9
1745.2
1748.8
1744.7
1733.3
1746.4
1740.5
1746.2
1754.4
1768.2
1766.4
1774.6
1757.5
1756
1759.7
1743
1746.9
1754
1759.8
1764.5
1760.8
1762.2
1770.7
1784.4
1782.6
1779
1797
1801.9
1794.3
1789.8
1783.3
1777.5
1778.5
1779.6
1783.6
1790.1
1796.9
1789.8
1793.9
1797.2
1803
1804.2
1808.7
1791.7
1808
1804.7
1793.8
1795.6
1800.9
1795.3
1792.8
1792.5
1792
1798.7
1797.3
1794.3
1798.3
1809
1804.6
1805.8
1798.5
1806.2
1808.5
1803.8
1814.9
1812.6
1823.8
1769.3
1770
1786.1
1807.3
1812.1
1831.2
1832.5
1821.9
1811.7
1801.5
1782.4
1737.3
1743
1752.1
1758.1
1765.6
1763.7
1761.6
1767.8
1756.8
1743.9
1732.8
1720.3
1709.1
1703.2
1684.8
1686.6
1673.9
1654.6
1652.3
1641.6
1642.6
1631.8
1631
1628.9
1630.9
1628.3
1628.6
1614.7
1620.2
1607.4
1604.3
1600
1591.5
1599.7
1595.7
1582.7
1585.7
1577.8
1583
1583.6
1584.4
1578.5
1570.5
1554.5
1542.2
1525.5
1537.5
1536.7
1528.9
1530.6
1525.3
1531.6
1543.6
1545
1532.4
1509.1
1526.3
1524.3
1505.6
1497.2
1494.8
1477.9
1474.3
1482.7
1488.9
1498
1503.4
1499.9
1495.3
1490.7
1492.7
1503.8
1492.6
1505.8
1505.5
1512.4
1521.6
1518.8
1508.9
1525.2
1515.4
1524.1
1521.5
1541.1
1533.1
1551.3
1552.9
1552.8
1548
1539.7
1492.9
1509.9
1505.1
1462.2
1430.1
1410.2
1399.8
1368.9
1356.5
1319.5
1320.7
1320.3
1299.3
1277.3
1265.2
1260.5
1252.3
1240.6
1239.9
1234.7
1238.3
1238.4
1237.1
1235.6
1232.6
1230.9
1224.7
1225.7
1218.8
1222
1210.5
1218
1214.6
1214.8
1215.8
1211.5
1215.9
1220.9
1214.4
1219.5
1219.6
1211.4
1215.5
1204.5
1188.7
1191.2
1193.8
1185.9
1189.5
1195.9
1188.5
1195.4
1199.4
1211.4
1211.4
1206.8
1200.4
1202.6
1196.5
1186.7
1185.6
1190.5
1186.7
1179.8
1184.5
1189.3
1176.3
1183.2
1183.1
1183.8
1178.8
1189.3
1180.3
1174.3
1176
1165.3
1157.8
1164.5
1161.2
1168
1158.7
1168
1168
1172.1
1170.7
1157.5
1163.8
1166.2
1169.7
1156.8
1142.5
1147.2
1147
1150.9
1147.8
1159.1
1154.8
1156.1
1161.6
1169.4
1171.5
1171.6
1170.4
1190.7
1185.3
1186.3
1188.2
1190.9
1198.4
1195.5
1198
1193.6
1195.3
1194.8
1199.1
1199.7
1195.8
1194.1
1189.4
1198.4
1191.3
1183.5
1183.2
1184.5
1181.4
1177.2
1183.1
1182.3
1186.2
1194.8
1192.1
1189.1
1191.7
1184.2
1189.9
1189.8
1187.3
1180.6
1189.6
1176.7
1176.5
1169.4
1186.8
1189.7
1199.5
1192
1198.5
1185.3
1201.4
1200
1200
1193.6
1180.8
1186.9
1184.5
1189.2
1179
1180.9
1179
1174.7
1191.4
1189.1
1184.5
1191.5
1195.1
1186.3
1200.7
1183.4
1190.3
1187.2
1186.5
1188.8
1188.3
1179.5
1188.3
1187.5
1182.1
1196.3
1195.2
1193.6
1196.7
1196.7
1191.6
1202.5
1180.2
1186
1183.9
1190.4
1186.1
1179.5
1182.6
1188.8
1197.9
1200.7
1205
1196.7
1197.6
1199.7
1197.6
1189.2
1195.7
1192.4
1193.4
1180.9
1186.6
1181.5
1192.5
1187.2
1195.4
1197.7
1192.9
1202.8
1194
1200.5
1185.6
1193.8
1194.1
1193.8
1182.6
1176.2
1194.4
1180.7
1189.3
1210.6
1204.7
1203.6
1207.9
1214.8
1211.6
1193.6
1204.8
1200.2
1191.2
1201.2
1193.4
1199.8
1189.9
1183.4
1192.6
1198.8
1209
1203.4
1204.8
1208.2
1210.9
1197.3
1193
1192.3
1194.2
1203.8
1196.2
1206.5
1202.1
1213.5
1213.3
1209.3
1215.5
1215.1
1202.2
1208.4
1204.9
1201.5
1203.5
1201.9
1198.2
1201.9
1197.1
1206.2
1196.8
1198.9
1207.2
1206.3
1220.8
1212
1220.5
1221.3
1216.4
1209.8
1206.8
1200
1207
1198
1195.8
1202.4
1182.5
1196.7
1215.6
1205.5
1209.9
1218.8
1212.3
1209.9
1215.4
1204.9
1200.9
1206.6
1211.4
1205
1201.6
1215.4
1209.2
1207.7
1216.1
1221.4
1221.6
1212.7
1206.2
1201.5
1201.9
1201.5
1223.5
1212.4
1219.8
1221
1214.9
1215.7
1211.9
1205.5
1212.3
1211
1205.4
1198.9
1196
1200
1202.5
1188.5
1189
1194.6
1199.5
1208.8
1218.3
1214.5
1220.4
1215.5
1217.8
1222.3
1215.7
1216.9
1211.2
1210.6
1204.6
1205.2
1201.7
1210.3
1203.7
1199.6
1202.6
1211.9
1208.8
1201.5
1217.2
1207
1214.9
1206.9
1217
1221.4
1217
1213.7
1212.8
1224.1
1222.8
1217.7
1211.9
1215.5
1220.6
1207.6
1214
1209.3
1199
1208.2
1210.7
1218.5
1202.9
1209.7
1211.7
1210
1218.8
1215.9
1209.3
1201.1
1204
1203.1
1210.5
1209.5
1204.3
1203.5
1186.5
1171.8
1186.6
1194.1
1205
1204.7
1213.7
1201.2
1197.5
1179.7
1179.3
1178.1
1175.7
1174.7
1169.2
1164.7
1165.7
1163.4
1167.3
1169.4
1173.5
1177.4
1169.9
1163.7
1159.8
1159.4
1155.6
1156.8
1144.9
1153.6
1143.9
1140.5
1133.6
1135.8
1135.2
1133.6
1126.5
1092.6
1090.8
1088.5
1073.5
1052.7
1056.5
1059.8
1047
1053
1051
1042.2
1039.6
1025.8
1028.3
1023.6
1030.9
1019.2
1028.3
1013.2
1009.1
999.5
995.8
984.7
975.7
966.9
964
955.4
965.7
974.8
965.4
965.8
968.5
968.5
970.5
953.9
937.7
935.8
927.1
922.3
919.6
918.9
928.8
927.1
928.6
926.4
930.6
923.7
922.5
920.6
915.7
908
900.6
908.2
908.7
903.4
905.2
908.7
913.3
906
920.5
908
912.2
905.8
890.4
894.8
893
894.7
895.3
894.3
892.5
898.2
903.2
899.4
899.1
900.4
890.3
887.6
890.8
885.9
879.1
872.2
870.7
871.5
869.5
865.1
871.1
870.4
870.3
880.3
886.5
888.7
890.6
876.6
885.7
877.6
879.1
882.3
898.4
899
901.9
910.4
913.9
911.8
916
911
917.8
919.5
917.8
916.6
914.5
920.3
919.4
921.3
919.4
922.5
925
927.6
920.5
928.9
936.9
935.5
939.4
930.8
938.5
931.3
923.9
916.8
929.4
932.1
932
930.8
921.4
927.2
913.2
927
918.1
927.6
924.4
925.5
922.7
921
917
911.6
917.3
912.4
913.5
912.2
918
917.2
921.8
926
931.6
924.6
915.4
924.2
915.6
915.8
928.2
920.9
913.3
914.5
913.2
916.2
917.9
920.6
930.1
932.7
943.5
935.1
931.1
935
935.2
936.6
930.8
922.9
927.7
937
946.2
947.2
955.8
958.7
959.8
955.7
955.1
955.7
954.5
945.3
925.6
937.4
934.9
940.2
933
936.9
942.2
949.4
948.8
959.3
953.6
951.5
970.2
955.5
956.2
981.3
984.1
996.5
985.1
987
986.2
995.5
1008.3
1013.4
1024.4
1031.8
1036.2
1034.9
1033.8
1041.1
1045.7
1041.1
1044.7
1036.4
1044
1043.6
1061.6
1068.5
1079.3
1080.7
1095.4
1097.7
1101.8
1108
1113
1112.6
1117.5
1113.7
1118.2
1127.5
1129.9
1127.3
1129.3
1121.8
1131.9
1139.6
1140.6
1152.2
1148.9
1147.2
1145
1147.5
1153.3
1159
1153.6
1162.5
1169.6
1171.3
1170.3
1180.2
1195.2
1205.6
1206.7
1206.3
1198.9
1190.8
1199.4
1199.7
1210.8
1220.5
1208.2
1216.6
1227.8
1235.8
1249.8
1241.2
1246.8
1249.5
1250.8
1247.5
1249.9
1247
1244.4
1257.6
1263.4
1261.1
1269.9
1263.6
1272
1282.2
1286.3
1293.7
1303.3
1298.9
1302.4
1303.2
1297
1295.5
1306.2
1318.6
1320.2
1324.5
1343.3
1335.8
1336.9
1354.7
1342.3
1361.5
1355.8
1354.9
1359.3
1360.3
1363.5
1362
1367.9
1369.9
1368.7
1376.3
1380.4
1386.9
1399.1
1404.5
1399.6
1401.8
1399.2
1394.8
1399.8
1399.5
1394.1
1391.3
1407.5
1416.5
1415.8
1423.1
1426.4
1432.9
1438.7
1443
1461.7
1466.9
1460.9
1459.2
1451.4
1454.4
1449.3
1450.7
1459.9
1461.3
1462.3
1474.1
1490.3
1502.1
1506.1
1502.3
1505.3
1518.1
1507
1482
1488.1
1501.2
1496.8
1496.5
1502
1500
1515.6
1511.1
1512.4
1512.2
1505.4
1507.1
1506.4
1504.8
1505.7
1497.2
1502.1
1495.5
1490.2
1497.4
1494.8
1499
1497.1
1501.6
1498.2
1498.4
1493.1
1483
1472
1464.7
1459
1453.8
1456.9
1458.3
1454.8
1446.6
1444.6
1432.7
1441.7
1436.6
1425.8
1419.8
1405.2
1403.2
1400.1
1414.9
1413.7
1414.9
1402.3
1396.3
1395.3
1393.5
1390.9
1373.5
1369.6
1369.1
1367.7
1357.4
1360.9
1340.3
1336.2
1341.3
1339
1319.5
1331.9
1327.1
1329.6
1333.9
1330.9
1328.5
1330.4
1306.7
1316.2
1324.3
1327.1
1306.4
1314.6
1308.2
1309.9
1313
1318.3
1302.7
1309.1
1310.1
1311.7
1309.6
1306
1304.7
1307.3
1302.9
1294.6
1299.4
1293.5
1295.5
1284.6
1299.4
1288.7
1293.2
1299.4
1300.1
1298.7
1302.8
1291.2
1297.7
1283.7
1282.8
1286.2
1280.9
1283.5
1275.9
1276.7
1275.9
1284.8
1275.5
1288.7
1294.9
1307.9
1301.8
1301.6
1295.7
1299.1
1297.7
1307.8
1305.4
1299.3
1310.5
1307.6
1315.8
1336.5
1330.2
1325.5
1335.2
1335.2
1322.8
1322.7
1316
1308.7
1317.1
1314.7
1313
1310.3
1308.5
1306.2
1303.9
1308
1316.6
1316.8
1320.4
1313.6
1318.3
1304.9
1315.7
1308.7
1305.8
1300.9
1303.2
1304.6
1302.7
1305.2
1309
1307.2
1319.9
1315.3
1303
1304
1312.6
1310.1
1307.5
1295.8
1295.1
1301.6
1299.1
1296
1301.2
1301.8
1301.6
1306.9
1293.5
1291.9
1293.1
1290.6
1295.6
1289.6
1276.1
1280.9
1283.1
1285.7
1287.3
1292.9
1290.9
1297.5
1297
1290.7
1298.8
1293.7
1293.3
1283.2
1285.7
1279.8
1279.7
1285.9
1288.3
1296.8
1288.4
1289.2
1284.4
1283.7
1275.4
1272.5
1264.9
1264.4
1256.2
1256.9
1249.8
1245
1253.6
1246.2
1239
1240.5
1238.9
1235.9
1224.7
1223.7
1203.4
1193.1
1194.1
1178.3
1177.2
1159
1162.8
1151.3
1156.4
1159.3
1171.4
1184.9
1188.2
1201.3
1192.1
1195.4
1189.9
1190.6
1190.8
1187.2
1190
1196.9
1193.8
1208
1209.3
1218
1225.8
1227.6
1226.8
1234.5
1234.2
1240.4
1239.8
1237
1238.2
1238.9
1248.9
1242.7
1267.1
1260.8
1253.8
1262.6
1271.8
1267.3
1278
1272.8
1272
1273.1
1273.3
1279.5
1282.7
1295.5
1293.5
1295.1
1289.7
1287.9
1301.8
1303.6
1300.9
1318.6
1320.3
1323
1316.9
1316.3
1314.7
1301.9
1300.1
1289.2
1289.9
1286.8
1283.3
1287.9
1295.6
1296.2
1303.2
1298.3
1281.9
1283.3
1266.4
1267.5
1245.3
1248.5
1250.2
1246.2
1240.3
1228.1
1218.8
1222
1222.4
1226.7
1229.1
1224.4
1216.8
1208.2
1206.9
1205.2
1198.1
1186.6
1180.4
1176.1
1177.3
1171.5
1180.8
1188.9
1184.8
1196.1
1185.3
1207.1
1205.9
1208.1
1195.5
1201.5
1209.8
1194.9
1196
1197.2
1190.8
1199.5
1193.9
1197.8
1203.4
1220.4
1210.9
1227.8
1221.2
1208
1203.8
1216.5
1210.1
1224.4
1219
1218.3
1226.8
1234.3
1251.4
1255.1
1261.4
1281
1292.8
1311.4
1310.1
1311.5
1310.4
1306
1304.5
1305
1302.7
1313.9
1321.9
1321.8
1325.9
1328.9
1326.6
1317.1
1329
1336
1317.6
1330.9
1327.7
1327.8
1327.8
1327.3
1335.6
1343.5
1347.3
1348.6
1360.9
1368.5
1361.2
1359.4
1357.7
1358
1354.1
1357.6
1356.3
1368.8
1365.9
1370.1
1385.8
1407.5
1400.8
1399.5
1414
1397.6
1398.3
1394.2
1396.4
1393.7
1399.6
1399.3
1408.4
1408.4
1412.1
1407.5
1422.2
1425.2
1440.3
1446.9
1452.2
1436.2
1437.8
1433.4
1433.2
1436.9
1441.3
1442.7
1433.3
1446.1
1458.2
1461.6
1465.8
1475.4
1469.5
1477.3
1479.5
1477.7
1473.4
1475
1482.7
1485.4
1476.5
1486.1
1492.9
1498.4
1493
1507.9
1510.6
1491.6
1499.5
1498.3
1510.1
1509
1504.4
1513.3
1511.1
1502.7
1519.4
1520.8
1531.6
1536.3
1537.5
1535.7
1549.5
1548.5
1538.2
1531.1
1534.3
1530.8
1535.1
1535
1538.2
1544.9
1543.3
1556.8
1560.6
1565.6
1573.3
1561.5
1573.9
1571.5
1574.7
1577.8
1586.6
1582.4
1584.6
1581.2
1575.6
1586
1580.6
1597.7
1600
1604.7
1599.5
1607.8
1612.5
1621.7
1606.7
1607.4
1605.2
1617.4
1617.8
1611.3
1617.2
1612
1618.1
1625
1631.3
1634.2
1636.7
1633.6
1635.7
1613.3
1625.8
1622.8
1630
1642.8
1633.2
1645
1654.3
1656.5
1654.3
1660.2
1663.2
1684.8
1670.2
1668.9
1666.5
1663.5
1665
1652.8
1645.4
1663.5
1670.3
1669.4
1671.5
1668.1
1662.6
1652.9
1632.5
1615.4
1606.7
1595.5
1574.3
1567.4
1555.2
1522.6
1521.9
1508.5
1485.4
1480
1444.4
1436.9
1451.8
1447.2
1360.6
1302.5
1257.5
1224.2
1206.1
1236.1
1271.2
1221.1
1222
1224.1
1226.5
1217.6
1201
1166.8
1156
1144.7
1141.1
1146.6
1129.5
1131.9
1122
1115.6
1111.9
1112.8
1106.9
1114.8
1113.2
1114.3
1112.6
1116.2
1108.5
1103.6
1098.6
1094.5
1090.3
1091.1
1095.9
1091.7
1089.5
1087.2
1084.3
1090.5
1085.1
1088.7
1087.8
1094.8
1086.5
1063.3
1067.8
1071.1
1069.1
1070.6
1055.8
1032.1
1052.1
1048.3
1054.5
1055.1
1054.3
1061.7
1058.1
1061.5
1051.5
1044.6
1042.6
1041.8
1035.4
1049
1048.8
1046.9
1065
1073.4
1086.3
1100.3
1119.5
1126.4
1140.1
1144.3
1138.5
1131.5
1133.6
1139.8
1149.4
1142
1155
1155
1168.9
1174.7
1187.6
1172.5
1174
1165.8
1153.3
1146.8
1140.4
1129.7
1129.2
1134.8
1137.5
1139
1141.3
1145.1
1136.2
1141.2
1132.1
1136.1
1141.9
1135.8
1133.5
1135.8
1125.9
1119.7
1115.6
1118
1108.1
1104.6
1110.9
1116
1125.1
1121.5
1121.4
1124.8
1114
1103.2
1101.6
1096.2
1100.6
1083.5
1092.7
1089.3
1098
1098
1094.9
1094.4
1098.7
1101.3
1096.6
1092.4
1097.2
1094.6
1090.1
1083.2
1072.9
1078.9
1077.2
1073.8
1075.8
1074.2
1073.3
1064.5
1067.6
1069.5
1065.5
1062.5
1063.6
1059.1
1059.4
1053.8
1051.9
1055.7
1055.2
1055.7
1069.5
1058.7
1069.6
1074.4
1076
1087.6
1089.5
1082.1
1081.2
1077
1071.2
1077.7
1080.4
1072.6
1063.7
1066.4
1060.1
1071.5
1068.7
1070.8
1072.7
1066.7
1068.2
1061.4
1060.2
1060.1
1052.8
1053.6
1044
1043
1047
1056.6
1066.5
1077.4
1085.4
1083.4
1081.1
1075.8
1071.1
1067.3
1052.3
1056.7
1064.5
1067.1
1072.7
1067.5
1075.5
1088.9
1095.4
1094.3
1102
1098.2
1070.1
1068.6
1079.5
1074.1
1065.9
1069.8
1057.4
1057.1
1052.2
1056.9
1065.1
1073.9
1088.5
1086.3
1079.4
1085.8
1084.1
1088.7
1081.5
1079
1071.5
1070.2
1069.1
1073.2
1082.3
1104.8
1107.7
1116.6
1109.2
1098.7
1100.1
1095.6
1085.1
1077.8
1071.6
1080
1080.3
1089.6
1078.8
1084.1
1080.1
1069.9
1069.3
1070.5
1070.8
1074.2
1062.1
1056.9
1054.9
1054.5
1054.5
1055.3
1050.2
1052.2
1052.3
1054.2
1057.7
1061.6
1057.9
1057.1
1049.6
1051.4
1048.8
1070.8
1049.4
1041.5
1038
1044.2
1041.1
1052.3
1069.9
1070.5
1091.6
1101
1113.6
1109.6
1099.5
1086.9
1076.3
1074.2
1069.3
1068.9
1065
1062.5
1063
1053.5
1067.9
1054.1
1055.6
1031.1
1022.4
1003.7
1006.8
1003.5
1010.8
1006.6
1008.3
1015.1
1013.9
1016.6
1024.2
1026.5
1031.2
1033.3
1037.2
1037.7
1025.3
1031
1031
1035.7
1043.8
1042.2
1033.6
1041.4
1046.4
1044.5
1057.9
1055.6
1060.8
1054.5
1052.6
1043.6
1038.7
1045
1027.5
1032.8
1029.6
1031.4
1022
1029.3
1029.2
1032.9
1037.8
1032.1
1035.5
1033.8
1028.9
1019
1017.3
1017.2
1017.3
1029.5
1027.7
1022.9
1025.1
1037
1036.4
1035.8
1042.5
1043.5
1041.7
1039.9
1035.1
1036.4
1047.3
1045.9
1042.4
1038.8
1040.9
1046.8
1050.2
1046.2
1057
1050.9
1050.2
1052.3
1051.2
1044.6
1044
1034.3
1042.6
1047.4
1038.5
1044
1035.7
1038.3
1041.2
1045.5
1050.2
1047
1045.8
1041.4
1034.3
1024.6
1020.3
1021.6
1029.6
1032.1
1030.1
1029.2
1028.9
1038.1
1040.8
1040.3
1042.3
1032.6
1032.2
1031
1025.6
1018
1028.7
1042.1
1034.2
1041.9
1047.7
1037
1040.5
1042.2
1052.5
1052.3
1052
1044.6
1044.5
1058.3
1070.2
1082.5
1095.8
1095.9
1094.4
1106.9
1103.6
1112.6
1116.3
1114.2
1122
1126.6
1130.9
1144.3
1138.1
1136.2
1139.2
1130.1
1132.7
1135.1
1128.7
1086.1
1066.2
1045.4
1044.2
1062
1048.2
1063.1
1060.6
1035.1
1018.7
1014.7
1025.5
1033.3
1009.9
1016.6
1023.6
1007.9
1004.3
1003.7
1001.9
991.2
983.2
979.2
974.8
970.4
970
970.1
966.3
980.8
982
990.9
995.9
997.4
1008.8
1003.9
1006.1
1002.4
998.9
988
987.1
981.5
986.5
988.7
982.7
981.8
985.8
996.6
1001.3
996
991.4
992.5
996.3
988.6
984.2
991.3
990
993.5
996.7
1001.3
1005.8
996
1004.6
1002.7
1005.8
1013
1009.4
1012
1011.6
1009
1007.5
998.6
1004.6
998.1
999.6
995.1
999.8
1005.8
1002.1
1013.2
1013.8
1013
1017.8
1013.2
1016.6
1010.5
1004.8
1010.4
1006.4
1000.9
1005
1008.1
1005.5
1003.5
1012.8
1012.7
1014.8
1021.2
1008.7
1017
1020.6
1012.6
1018.2
1010.4
1009.8
1014.4
1014.4
1007.7
1016.5
1010.7
1014.8
1023.6
1032.5
1039.9
1038.8
1026.2
1022.4
1018.6
1026.7
1020.2
1024.1
1026.1
1027.3
1019.4
1031.8
1027.2
1021.1
1027.5
1031.5
1027.6
1016.4
1027
1025.7
1021.1
1020.8
1015.6
1013.8
1018.4
1017.1
1027.9
1021
1025.2
1028.9
1026.2
1026.3
1025
1038
1029.3
1022.5
1021
1027.2
1024.2
1020
1027.7
1034.5
1033.4
1022.4
1053.2
1053.7
1048.9
1037.7
1037.3
1030.2
1033
1026.5
1026.9
1028
1041.5
1034.9
1035.6
1038.2
1046.6
1049.7
1045.6
1044.1
1052.1
1050
1046.1
1041.3
1039.6
1031.6
1030.6
1035
1027.2
1044.3
1036.4
1050.3
1059.8
1049.5
1056.3
1048.3
1041.3
1028.2
1036.4
1034.1
1036.7
1046.7
1043.8
1052.8
1044.3
1049.7
1053.7
1059.7
1056.5
1042.9
1044.7
1037
1033.6
1027.4
1026.9
1029.2
1031.7
1031.4
1036.4
1032.2
1035.8
1033.4
1036
1040.1
1045
1039.9
1034.2
1039.2
1023.8
1034.6
1034.4
1034.9
1033.6
1043.1
1037
1049.6
1051.2
1050.4
1052.2
1054.9
1039.4
1041.1
1039.1
1028.8
1029.2
1025.4
1033.2
1035.6
1039.1
1032.8
1035
1041.1
1039.4
1042.1
1040.7
1037.8
1031.9
1028.2
1029.5
1037.7
1036.9
1035
1037.5
1037.5
1038.6
1049.3
1055.1
1051.2
1058.3
1047.4
1047.9
1040.2
1042.1
1037
1033.7
1030.2
1020.4
1039
1032.5
1023.7
1025.3
1006.5
1018.7
1006.2
992.8
990.8
977
965.7
952.7
937.9
921.8
904.9
904
915
916
924.6
916.3
920.1
924.9
917.6
913.6
907
904.5
916.6
913.3
917.6
920.5
923.9
927.9
919.9
928.2
932.4
944
936.9
928.1
935.9
933.1
934.4
925.1
908.6
890.8
877.7
884
886.7
888.5
886.9
884.8
880.5
876.3
857.2
860.3
859.8
870
864.5
863.4
857.8
855.8
853.7
858.1
847.1
853.8
854.4
849.4
849.7
838.7
839.1
831
829.3
827.2
834.5
827.6
833.7
828
836.2
835.7
847.3
838.9
842.1
837.7
834.7
829.6
828.6
826.6
826.4
822.9
825.9
832.1
831.9
825.4
836.9
833.3
842.1
835.6
840
827
823.8
825.9
818.6
824.1
822.5
822.1
821.6
828.1
822.4
827.8
828.4
830.3
830.6
833.2
830.1
820.6
816.2
817.6
814
814.5
813.2
816.7
817.2
821
817.1
820.7
827
821.3
819.2
828.1
825
819.7
810.2
817.4
811.8
820.3
810.8
813.7
817.2
821.8
815.6
825.9
822.9
818.9
818
811.9
810.8
808
808.5
803.4
802.8
807.3
804.2
810
815.4
806.4
810.7
810.9
817.6
809.7
806.8
809.8
799
796.9
799.3
798.7
795.9
797.4
809.2
804.5
804.1
804.2
802
801.8
802
800
794.5
791.7
789.6
792.5
789.4
791.7
794.3
796.4
797.5
798.1
795.1
796.3
806.5
804.8
799.7
797.2
800.2
792.4
792.6
789.9
792.3
788.6
795.9
797
798.9
798.3
790.6
805.5
