918
906.9
903.6
910.7
912.4
913.3
922.1
929.4
933.6
937
941.4
940
938.6
938.6
931.3
944.5
933.8
938.8
932.2
934.6
934.7
933.2
933.7
941.1
955.5
958.5
959.3
967.5
980.5
967.2
976.4
971.8
979.2
978
981.2
976.4
989.4
993.9
1001.4
1009.2
1013.2
1022.1
1025.7
1020.9
1033.4
1024.3
1029.3
1032.8
1032.4
1040.6
1039.2
1048
1049.7
1042.3
1059.9
1064
1065.9
1075.4
1075.6
1084.8
1082
1067.5
1068.2
1059
1062.5
1079.1
1079.4
1090.9
1092.7
1098.3
1107.5
1114.7
1116.5
1112.3
1106.4
1110.3
1104.2
1103.2
1106.5
1101.6
1105
1111.6
1120.1
1119.1
1119.2
1128.1
1137.6
1131.9
1129
1129.4
1133.1
1129
1127.4
1134.3
1135.5
1132.6
1140.9
1145.4
1147
1139.5
1137.8
1147.6
1159.8
1161.1
1158.2
1165
1162
1155.4
1150.9
1151.2
1151.7
1155.1
1159.4
1157.8
1160.5
1162
1162
1158.5
1160.1
1160.8
1153.7
1148.9
1159.1
1147.6
1136.9
1144.3
1157.5
1164.4
1173.3
1181.3
1187
1188
1189.1
1196.1
1218.4
1207.9
1212.5
1209.2
1210.4
1195.8
1202.2
1207.9
1208.4
1223.1
1230.7
1238.8
1237.5
1233.8
1242
1228.3
1220.6
1228.8
1220.2
1221
1234.1
1245.9
1251.2
1254.6
1245.5
1249.2
1258.4
1261.1
1254.9
1268.2
1273.7
1263.4
1268.7
1268.9
1262.6
1268.8
1271
1266.4
1270.2
1279.6
1292.9
1291.6
1289.1
1293.3
1291
1287.7
1299
1297.5
1301
1298.2
1297
1297.4
1304.1
1304.5
1319.7
1325.5
1330.2
1332.3
1338.7
1327.7
1323.6
1329.8
1333.6
1346.2
1326.3
1337.8
1341.3
1345.5
1340.6
1344.3
1349.8
1356.3
1356.2
1365.1
1358.3
1351.9
1341
1318.3
1311
1291.1
1211.5
1180
1131.9
1107.9
1086.9
1080.8
1051
1037.9
1027.7
1019.5
1003.8
997.4
976.1
992.5
989.4
990.8
1003.9
1001.6
1030.1
1032
1038.9
1048
1046.2
1057.9
1049.7
1060
1059
1063.7
1063.1
1074.9
1071.4
1065
1071.2
1073.4
1096.3
1117.1
1126.8
1132.1
1139.4
1149.1
1147.6
1145.2
1149.8
1157.9
1171.9
1164.4
1163.7
1176.7
1182.9
1183.4
1188.1
1197.8
1191.7
1198.8
1206.3
1210
1208.9
1207.4
1199.3
1204.8
1201.2
1209.7
1211.1
1215.6
1222.5
1237.3
1239.9
1245.8
1246.8
1242.2
1258.3
1257.5
1252.9
1249.7
1255.8
1255
1254.1
1260.2
1266.6
1266.3
1271.6
1278.1
1272.6
1280.7
1286.7
1284.5
1285.4
1292.3
1292
1291.9
1285.9
1292.7
1295.1
1301.1
1289.7
1303.6
1300.1
1321.5
1320.6
1328
1325.5
1319.5
1323.3
1322.3
1326
1324.3
1328.3
1333.2
1331
1328.4
1339.4
1344.6
1339.2
1335.9
1349.1
1354.6
1349.8
1354.6
1353.8
1345.2
1346.1
1352.4
1351.5
1355.7
1360.8
1353.8
1366
1377.8
1383.9
1394.7
1387.5
1395.8
1384.5
1389.2
1387.5
1405.3
1389.5
1388.7
1359
1328.2
1359.8
1378.8
1396.9
1404.2
1402.3
1401.4
1408.2
1410.1
1387.5
1382.1
1378.8
1369.7
1379.1
1357.3
1359.1
1353.7
1360.5
1345.1
1351.2
1349.4
1339.6
1341.5
1328.4
1324.1
1323.2
1312.2
1316.2
1311.8
1307.5
1302.5
1292.6
1290.3
1296.1
1297.7
1305.1
1292.8
1293.6
1281.2
1285.7
1283.5
1267.9
1264.8
1264.2
1256.4
1258.4
1249.1
1252.9
1252.2
1249.9
1255
1255.3
1255.4
1244.5
1237.4
1227.3
1227.2
1225.2
1226.9
1219.8
1217.3
1218.7
1211.2
1210
1212.4
1217.1
1220
1215
1206.8
1210.4
1200.3
1193.2
1191.2
1187.4
1180
1183.9
1182.9
1186.2
1183.7
1179.5
1181.8
1189.5
1190
1180.1
1184.1
1183.5
1185.5
1181.2
1176.8
1189.8
1179.8
1177.2
1168.5
1176.1
1174.8
1169.9
1162.6
1168.2
1168.7
1168.2
1165.1
1160.3
1165.6
1162.7
1162
1154.8
1163.8
1160.8
1141.2
1152.9
1160.5
1155.4
1161.8
1161.2
1165.5
1174.3
1171.6
1176.8
1174.3
1184.5
1185.8
1179.1
1190
1190.7
1193.3
1204.3
1216.8
1209
1216.8
1221.3
1218.5
1225.2
1225.3
1225.7
1219
1220.3
1220.8
1226.9
1226.7
1233.5
1248.9
1264.3
1256.7
1257.5
1250.9
1249.8
1254
1250.3
1256.2
1248.1
1256.1
1255.5
1252.4
1256.9
1246.1
1259.4
1278.2
1274.6
1274.5
1277.2
1269.4
1279.1
1300.7
1286.9
1294
1304.9
1301.5
1295.2
1290.3
1289.7
1293.5
1288
1309.2
1293.6
1304.5
1309.8
1310.5
1309
1321
1312.2
1307.9
1306.1
1313.9
1317.3
1316.9
1316.7
1312.3
1313
1314
1316.8
1295.9
1294.8
1314.1
1318
1323.8
1322.9
1328.9
1322.3
1327.7
1320.6
1322.3
1327.8
1326.3
1330.4
1343.6
1349.9
1342.7
1341.1
1347.3
1349.9
1357.6
1354.7
1357.6
1357.8
1361.2
1354.9
1360.4
1389.7
1376.7
1393.5
1378.6
1384.3
1391.4
1385.7
1382.4
1375.1
1384.8
1375.5
1373.2
1382.2
1387.5
1394.9
1407.9
1413.2
1417.2
1423.8
1418.5
1414
1408.1
1418.8
1418.2
1417.1
1417.7
1418.7
1419.6
1429.6
1421.5
1423.5
1435
1429.2
1445.6
1448.4
1454.8
1449.2
1440.1
1441.7
1440.8
1439.2
1427.9
1436.2
1437.6
1455.8
1462.8
1466.6
1461.3
1473.2
1469.4
1466.6
1464.8
1461.7
1462
1469.7
1475.2
1469.8
1469.5
1470.4
1469.7
1476
1480
1489.3
1490.2
1484.5
1486.2
1480
1485.3
1477.1
1487
1489.5
1490
1499.8
1498
1501.1
1505.1
1499.8
1507.3
1510
1514.6
1505.8
1507.5
1509.5
1511.3
1510.6
1510.1
1510.9
1512.7
1510.4
1508.2
1508.2
1511.8
1523.3
1529.7
1524.7
1524.2
1527.1
1527
1522.1
1521
1520.2
1519.3
1523.3
1524.4
1524.5
1536.3
1543.6
1543.7
1541.4
1547.8
1559.5
1556.8
1549.2
1554.3
1564
1558.8
1559.2
1562.8
1555
1560.6
1567.7
1579.4
1575.6
1584.4
1582.9
1587.8
1587.6
1584.8
1580.2
1577.4
1568.7
1575.8
1578.7
1579.7
1568.3
1579.3
1586
1578.8
1584.8
1596.6
1595.5
1603.2
1589.3
1591.5
1577.5
1587.2
1592.7
1602.4
1607
1605.6
1600.2
1621.5
1611.7
1622.4
1633.1
1626.3
1623.1
1631
1622.9
1605.5
1604.4
1607.8
1608.7
1623.2
1622.4
1641.7
1641.8
1643.1
1643.5
1656.6
1637.5
1634.9
1637.5
1638.1
1635.1
1632.8
1620.2
1638.9
1638.6
1642.8
1640.7
1645.8
1652
1650.1
1650.1
1660.4
1660.6
1662.6
1667.4
1660.2
1655.5
1651.9
1664.2
1650.8
1652
1655.3
1661.4
1665.4
1680
1675.8
1665.5
1668.1
1668
1671
1666.6
1655.9
1664.8
1656.6
1664.7
1667.1
1666.7
1677.5
1674
1681.8
1689.4
1685.2
1690.2
1683.4
1684.7
1680.7
1685.9
1684.7
1684.1
1690.4
1682.8
1681.6
1680.8
1692.4
1695.3
1697.9
1702.7
1725
1702.9
1706.9
1697.7
1704.4
1703.3
1707.1
1713.1
1735.3
1738
1717.7
1692.2
1663
1602.6
1579.6
1548
1522.6
1493.6
1484.3
1483.7
1487.1
1474.6
1477.7
1473
1467.4
1468.1
1476.9
1474.6
1474.7
1471.8
1460.4
1426.9
1455.9
1442.6
1435.7
1432.6
1432
1425.3
1423.7
1419.2
1424.6
1419.3
1423.1
1412.6
1407.7
1396.1
1384.7
1390
1395.2
1375.8
1370.9
1368.1
1370.3
1359.9
1382.5
1381.1
1379.3
1390.5
1384.4
1382.6
1380.7
1393.8
1390.8
1405.2
1395.5
1401.7
1389.1
1386
1382.1
1387.8
1388
1390.5
1402.7
1402.6
1411.2
1420.7
1405
1411.2
1414.9
1412.3
1405.2
1408.4
1418.6
1420.2
1426.5
1430.2
1434.3
1442.3
1434.7
1427.8
1437.1
1441.8
1436.4
1419.9
1436
1434.2
1431
1441.2
1434.8
1435.7
1444.6
1443.9
1442.7
1447.3
1444.6
1457.6
1463.1
1432.1
1436.6
1444.8
1453
1436.3
1450.3
1453.8
1407.7
1424.9
1439.8
1457.9
1464.5
1469.9
1474.1
1464.8
1463.9
1451.7
1454.4
1457.6
1450.8
1444.1
1454.5
1445.3
1448.1
1443.5
1452.6
1449.6
1445.9
1439.6
1451.6
1452.2
1449.1
1449.9
1445.6
1449
1457.4
1444.2
1446.6
1443.9
1438.2
1443
1448.3
1453
1453.9
1461.1
1457
1449.8
1452.1
1457.8
1441.6
1438.7
1440.7
1443.2
1439.3
1439
1444.5
1440.2
1446.9
1446.9
1454.1
1449.3
1459.5
1456.2
1451.1
1446.6
1441.8
1439.1
1444.7
1437.3
1441.3
1440.9
1444.7
1447
1451.5
1450.7
1458.1
1453
1455.6
1445.4
1450.3
1441.6
1442.2
1435.9
1443.2
1439.8
1450
1452.8
1441.5
1448
1455.8
1461.5
1459.3
1456.9
1453.3
1447.5
1446.3
1440.1
1442.3
1449.9
1455.7
1460.9
1472.2
1481.8
1481.9
1453.1
1431.9
1416.1
1407.7
1375.4
1357.3
1362.9
1339.2
1337.5
1330.7
1303
1276.3
1254.2
1226.8
1211.4
1205.4
1191.5
1171.1
1152.2
1120.2
1109
1101.4
1102
1097.1
1096.8
1098.1
1088.4
1091.4
1085.9
1084.2
1067.6
1072.7
1065.7
1059.6
1058.8
1055.2
1029.8
1006.7
986.8
971.5
995.6
983.2
980.9
971.1
975.8
989.9
996.4
997.9
993.4
999.1
997.1
996.4
985.4
968.8
970.4
970
965.2
972.5
975.3
978.4
990.8
989.7
999.7
995.1
973.1
966.2
950.6
955.8
952.5
937.7
927.8
930.8
934.9
926.9
916.6
924.2
934.5
930.8
926.4
922.3
912.1
895.8
906.9
906.3
903.8
896.3
876.9
871.3
876.6
884
887.9
903.2
909.9
910
910.2
911.3
918.1
910.1
907.7
901.2
881.7
888.6
889.5
897.8
907.5
909.9
912.2
918.3
907.3
904.6
904.7
889.8
884.8
896
905
906.2
914
901.4
892.9
894.2
905.2
914.1
929.8
932.2
931.9
942.4
931.8
931.2
935.8
907.8
890.3
889
899.8
904.2
907.6
920
911.2
916.1
897
914.9
907.1
905.3
904.3
903.4
901.1
897.6
900.5
910.6
914.8
912.9
923.6
917.6
922.4
931.4
931.3
934.3
924.1
933.4
932.1
933.1
923
928
929.5
931.7
935.7
937.9
940.8
937.9
941.2
942.9
941.1
942.2
941
939.1
931.8
931.6
930.9
937.1
934.2
938.5
949.7
954.6
966.7
945.2
959
957.8
956.2
957.1
955.7
965.6
958
950.3
943.4
941.7
944.9
945.1
951.9
941.9
941.7
946
951.7
947.4
938.1
940.4
936.8
936.6
931.5
927.4
934.8
932.6
929.9
929.4
935.7
937
943.6
936
938.6
939
937.7
929
926.1
921.9
927.9
921.5
918.4
922
922.5
924.9
932.6
925.3
931.3
927.3
931.2
927.6
926.3
920.8
923.3
922
918.5
927.5
925
922.9
921.4
931.2
927.9
927.9
924.1
928.5
920.9
921.3
921.7
913.6
916.7
913.9
915
919.8
915.7
925.2
916.7
916
928.2
922.6
930.4
923.8
922.2
923.2
920
920.7
917.1
907.6
915.1
912.9
914.7
918.7
922.4
920.2
928.1
911.8
918.2
916.5
912
912
910.6
907.7
906.5
904.3
913.1
907.2
906.6
915.2
906.5
910
914.6
903.6
902.1
905
904
900.7
897.1
896.9
901.1
897.1
897.8
903.4
910.2
905.1
914.9
903.5
898.4
900.4
901.8
891.7
892.2
894.3
891.2
886.3
880.2
889.2
889.2
896.5
900.7
899.8
900.3
897.7
892.2
899.5
892.6
883.5
898.7
889.6
883.3
887.1
877.1
890.1
886.7
895.4
897.1
888.3
889.7
882.2
892.1
885.8
884.8
882.3
890.9
881.2
878.2
886.9
887.3
887
884.2
887.3
887.6
888.3
888.7
880.3
880
877.8
877.2
878.3
875.1
875.5
871.8
880.6
879.7
882.6
884.4
887.5
881.9
878.5
887.1
877.3
882.3
875.8
875.2
876.1
869.3
874.9
869.7
874.6
869.8
885.3
885.1
880.3
889.6
881.4
884.8
873.7
870.2
872.2
868.5
865.6
865.7
870.1
868.3
869.5
869.8
878.9
878
872.1
874.6
876.5
871.1
872.9
864.8
862.7
866.3
869.2
857.9
862.7
863.7
856.6
874.3
870.5
867.9
871.6
867.9
865.4
865.9
860.1
856.2
853.1
852.6
853
856.3
859.4
852.2
854
858.9
859.3
867.5
864.4
864.8
856.1
858
854.9
844.1
854.9
848.8
844.4
848.2
848.7
861.2
857.8
856.9
855.7
854.8
855.7
850.3
843.5
844.7
844.9
847
842.4
847.8
846.6
849.9
849.9
847.1
850.6
853.8
849.7
846
839.4
836
835.3
835.4
839.1
834.9
835.7
835.3
834.9
834.8
845.2
849.7
844.3
833.9
840
839.3
838.7
833.1
831.3
834
833.8
830
830.2
835.7
835.1
837.5
837.5
840.2
836.4
837.6
831.6
834
826.2
826.3
828.4
822.9
825.7
823.8
824.8
829.9
830.6
834.4
830.9
827.5
826.6
826.4
824.6
817.6
817.3
818.1
818.7
814.5
822.9
819.4
829.1
825.3
823.7
827.7
828.8
825.6
824.8
826.2
828.2
820.8
818.8
820.4
816.9
820.4
826.4
832.8
837.1
840.7
836.8
835.4
828.9
832.8
826.3
833.8
842.8
847.6
848.2
868.2
849.5
849.5
859.8
862.3
866.1
868.5
872.9
879
869.4
867.8
865
867.1
865.5
872
883.3
868.9
879.7
884
889.5
893.6
895.9
906.3
897.8
899.9
900
903.7
892.7
888
892.5
887.1
892.3
896.1
899.6
903.5
907.3
907.2
907.9
915.5
918.2
922.1
915.5
916
914.8
919
914.9
913.8
911.4
925
927.7
918.4
923.6
939.6
934.4
924.9
928.6
924.8
912.9
925.1
918.4
930.9
930.6
942
943.5
947.4
956.3
947.5
949.6
947.9
952.3
952.7
952.2
942.5
941
942.5
943.5
944.2
949.3
947.6
951.1
954.2
959.2
965.5
957.2
973.2
967.2
972
967.2
957
960.1
960.7
953.8
960.6
958.8
965.9
963.7
971.1
981
979.1
986.2
978.7
972.4
967.3
965.1
968.6
969.8
968.5
977.6
975.5
977.3
976.5
977.5
977
980.1
978.9
978.3
978.8
974.6
978.8
978.8
978.2
978.4
988
978.5
989.7
994.9
992.3
995.1
1001.3
1009.2
999.2
1002.8
1006.5
999.3
1005.9
1001.2
1004.3
1011.6
1006
995.5
1007.2
1008.9
1011.8
1008.3
1016.1
1008.4
1011.2
1008.8
1009
1007.5
1003.9
1015.7
1012.1
1025.2
1031.3
1030.7
1019
1026.3
1023.1
1020.7
1024.1
1021.2
1018.4
1017.6
1021.9
1018.3
1028.3
1019.3
1026.4
1027.5
1033
1034
1042.2
1035.4
1040.5
1037.9
1031.8
1031.7
1028.1
1030.8
1029
1031.5
1029
1030.5
1037
1040.3
1050.2
1065
1059
1059.1
1054
1049.5
1050.9
1041.4
1031.9
1044.4
1039.6
1043.1
1052.5
1061.2
1063.4
1068.1
1071
1055.2
1062
1055.7
1070.8
1049.1
1051.7
1050.9
1048
1051.9
1055.2
1062.7
1065.8
1074.6
1068.7
1080.5
1075.9
1077.8
1069.9
1061.5
1059.8
1069.2
1059
1063.6
1064.9
1066
1062.2
1057.8
1068
1068.4
1072.5
1082
1082.5
1087.1
1085.6
1089.9
1093.5
1100.9
1097.1
1095.4
1089.8
1084.7
1089.5
1093.6
1090.9
1102.1
1093.7
1090.4
1100.2
1096.1
1102.5
1093.3
1086.4
1089.7
1090.2
1090.2
1092.2
1090.1
1094.6
1095.1
1098
1106.1
1109.6
1101.8
1101.9
1106.1
1096.6
1099.7
1099.2
1089.7
1085.6
1092.2
1097.9
1092.3
1093.8
1098.9
1103.6
1107.6
1114.3
1111.6
1105.8
1105
1106.6
1096.8
1101.9
1098.2
1096
1102.8
1103.5
1113.8
1126.8
1136.1
1132.9
1138.7
1134.4
1131.3
1126.6
1115.9
1113.8
1109.2
1102.8
1114.9
1113.2
1117.5
1120.1
1125.8
1128.3
1128.6
1130.2
1126
1124.6
1123
1125.4
1121.3
1112.7
1120.8
1112
1128.4
1128.1
1134.3
1141.4
1126.3
1140.8
1137.3
1130.3
1130.6
1133.7
1133.3
1135.1
1127.9
1118
1128.6
1115.3
1132.9
1133
1134.1
1137.5
1137.2
1142.7
1134.3
1136.7
1134.2
1133.4
1132.6
1134.4
1133
1134.3
1138.4
1138.2
1149.4
1146.3
1152.8
1145.5
1146.9
1142.3
1138.7
1137.6
1135.9
1137.3
1140.4
1146.7
1138.1
1137.9
1144.3
1142
1145.8
1146.5
1148.1
1154.1
1149.1
1153.6
1145.3
1140.2
1142.8
1137.5
1144.6
1141.9
1153.3
1150.5
1152.2
1162.3
1163.4
1164.9
1153.9
1155.3
1150.3
1141.1
1147.7
1139.6
1144.8
1135.3
1148.7
1125.9
1138
1133.3
1138.3
1137.7
1139.4
1135
1143.5
1139.4
1138.5
1130.8
1127.4
1123.9
1119.3
1125
1109.7
1119.2
1122
1117.6
1120.3
1116.8
1125.6
1133.3
1125.6
1121.3
1117.3
1117.1
1111.9
1125.9
1130.4
1133.5
1126.4
1135
1138.8
1134.2
1153.7
1145.2
1148.8
1150.4
1143.4
1138.4
1133.6
1128.4
1130.5
1131.1
1133.2
1138.2
1134.5
1135.1
1146.5
1148.6
1146.4
1151.5
1155.7
1158.9
1139.7
1128.7
1135.1
1134.3
1134.8
1138.6
1140.2
1132.2
1140.2
1144.9
1146.4
1152.8
1146.5
1156.1
1150.8
1153.5
1149.9
1142.8
1147.8
1148.8
1150.5
1159.2
1168
1174.4
1178.4
1176.4
1178
1171.2
1165.8
1170.7
1157.4
1168.8
1162.3
1156
1169.4
1173
1175.7
1158.8
1176.8
1178
1174.4
1189
1181.2
1177.9
1174
1178.9
1171.2
1176.7
1169.1
1173.6
1174.8
1167.8
1176.9
1171.4
1180.6
1178
1178.1
1177.8
1180.9
1182.5
1179.4
1178.5
1176.4
1179.3
1179.9
1179.6
1182.9
1184.6
1179.6
1178
1188.3
1187
1187.4
1189.3
1187.7
1186.3
1181
1177.1
1183.8
1174.5
1182
1185.6
1189.5
1190.2
1193.9
1194.3
1202.5
1200.9
1200.4
1195
1199.7
1187.4
1185.3
1185.4
1182.2
1184.5
1185
1190.8
1187.9
1185.9
1197.1
1199
1198.1
1197.7
1202.5
1200.5
1194.7
1186.7
1188.3
1191.2
1191
1192.8
1202.4
1194.1
1208.3
1207
1208.7
1209.3
1207.7
1209.4
1208.1
1206.6
1198.7
1193.8
1198.5
1191.9
1195.9
1195.3
1199.8
1204.1
1206.5
1208.5
1201.2
1210
1210.7
1213.5
1210.7
1208.9
1213.5
1201.5
1206.5
1202.2
1204.3
1201.7
1208.7
1217
1221.1
1224.3
1222.3
1220.8
1228.6
1218.6
1211.2
1215.3
1207.5
1209.1
1211.1
1205.5
1210.7
1212.6
1212.5
1214.8
1220
1217.5
1226.5
1223.8
1219.9
1217.9
1214.2
1201.3
1194.5
1165.3
1151.9
1158.8
1182.2
1183.4
1188.8
1193.6
1190.6
1183.8
1185.6
1174.6
1176.4
1168.1
1157.1
1152
1152.7
1160.5
1161.8
1160.8
1162.6
1165.7
1134
1166.7
1162.1
1159.7
1154.1
1145.5
1137.3
1128.4
1128.5
1123.7
1118.4
1117.8
1113.6
1106.2
1099.5
1090.7
1091.2
1113.3
1125.1
1124.3
1112.2
1111.1
1097.1
1090.8
1070
1072.5
1086.7
1089
1089.3
1092.8
1093.8
1076
1096
1093.8
1087.7
1091.6
1097.9
1095.6
1092.7
1089.7
1082.3
1086.6
1090.9
1094.3
1105.1
1106.6
1106.9
1114.6
1114.2
1116.4
1112.7
1115.5
1113.8
1109.9
1120.5
1115.2
1116.4
1105.5
1110.5
1110
1098.3
1104.5
1086.2
1094.2
1105.1
1100.1
1108.7
1100.3
1093.8
1086.1
1088.3
1096
1095.8
1093.7
1103.9
1091.5
1090.5
1097.7
1100.3
1104.8
1096.9
1095.1
1085.2
1088.9
1079.4
1076.3
1078.5
1071.3
1070.9
1063.5
1072.8
1081.3
1077.8
1075.1
1084.7
1087.8
1086.5
1084.5
1083.1
1075.4
1068.7
1072.5
1084.9
1084.4
1079.8
1082.5
1079.6
1088.7
1095.4
1099.1
1102.1
1092.6
1087
1081.9
1071.2
1072.3
1071.2
1060.7
1059.6
1059.2
1053.1
1061.9
1055.4
1052
1051.6
1045
1042.7
1038.3
1028.5
1020.9
1016.5
1008.6
995.9
993.6
990.8
992.8
998.4
991.3
996.3
994.7
1004.6
1002.1
994.8
997.6
989
990.5
992.6
989.9
986.6
974.2
979
980.6
982.6
1010.6
1032.3
1033
1045.5
1051.1
1058.5
1054.1
1045.9
1050.3
1044.5
1046.1
1052.5
1052.7
1059.6
1056.5
1067.8
1074.1
1073.8
1069.2
1069.7
1058.2
1054.6
1040.4
1035.8
1036.5
1036.4
1031.1
1036.3
1039.7
1038.8
1044.2
1057.4
1063.6
1071.2
1074.2
1078.3
1079
1074.7
1064.2
1068.2
1074
1073.5
1074.3
1084.4
1083.4
1091.3
1094
1100
1091.6
1097.3
1097.7
1096.3
1095
1108.3
1113
1116
1135
1137.1
1147
1147.7
1151.3
1147.2
1168.2
1166.6
1172.6
1173.8
1177.7
1156.7
1154.7
1145.3
1136.1
1124.5
1125.9
1126
1130.7
1136.8
1141
1139.2
1151.2
1166.2
1168.2
1167.9
1174.8
1168.6
1169.4
1174.3
1174.5
1185.6
1175
1171.5
1170.8
1184.1
1179.1
1177.9
1179.6
1179.4
1168.2
1157.5
1153.8
1149.9
1133.3
1120
1117.1
1112.6
1108.1
1099.7
1104.3
1104.9
1109.6
1124.9
1128.9
1120.6
1113.3
1103.8
1096.9
1084.7
1089.8
1088.7
1096.2
1096.4
1106.3
1108.8
1127
1140.1
1156.5
1154.9
1162.8
1162.4
1156.8
1151.5
1148.4
1149.5
1146
1142.5
1146
1148.1
1142.1
1141.8
1144.6
1146.7
1140.3
1132.8
1129.8
1132.8
1127.8
1126.9
1130
1125.1
1124.7
1120.4
1114.5
1107.6
1105
1105
1100.6
1104.7
1104.8
1099.3
1098.2
1095.3
1102.4
1093.4
1091.2
1098.9
1099.8
1107.8
1105.1
1114.2
1105
1113.8
1115.6
1106.9
1107.6
1106.7
1107
1118.9
1121.7
1124.5
1128.3
1134.4
1138
1132.1
1137.7
1123.8
1129.6
1125.1
1121.3
1121.6
1119.5
1122.4
1114.5
1114.8
1108.1
1097.3
1106.9
1102.4
1101.3
1099.8
1098.7
1098
1093
1095.8
1091.6
1097.2
1090.1
1093.4
1102.4
1098.8
1108.1
1100.8
1101.7
1112.7
1114.1
1116.9
1117.3
1121.6
1126.9
1130.5
1130.8
1125
1123.8
1122
1122.6
1126.9
1127.6
1137.4
1136.6
1146.1
1143.4
1135.9
1146.5
1141.9
1135.6
1129.4
1132.1
1121.6
1113.1
1112.3
1099.2
1094.7
1093.1
1091
1097.1
1110.9
1117.1
1110.7
1107.7
1107.3
1096.3
1106
1109.3
1112.1
1118.3
1121.8
1132.6
1146.8
1150.6
1163.2
1176.9
1190.9
1164.1
1167.9
1170
1166.1
1178.7
1172.9
1162.8
1153.4
1148.6
1144.2
1134.1
1119.8
1124.9
1127
1125
1130
1129.8
1123.8
1113.1
1106
1103.7
1105
1098.1
1099.6
1088.9
1085.7
1083.7
1087.9
1089.5
1094.7
1088.3
1082.3
1095.5
1082.6
1086.1
1087
1081.9
1086.6
1079.5
1089.9
1076.6
1084.3
1086.2
1089.3
1093.4
1087.8
1083.5
1089.8
1089.2
1089.9
1087.4
1078.4
1069.6
1067.8
1074.3
1066.2
1066
1075.8
1085.5
1087.5
1085
1081.6
1059.6
1078.5
1070.9
1067.1
1059.3
1053.4
1048
1053.8
1047.4
1044.4
1045.6
1042.3
1048.3
1050.7
1040.4
1039.9
1037.1
1030.8
1025.8
1021.3
1022
1020.9
1014.6
1024.2
1022.6
1013.7
1007.6
1013.1
1012.7
1013.1
1017.6
1026
1019
1016.9
1020.9
1024.5
1025.5
1028.7
1025.1
1028.9
1027.9
1033.2
1035.2
1020.9
1032.3
1031.5
1035.1
1040.2
1030.9
1037.1
1039
1044.3
1052
1055.2
1061
1075.3
1080.2
1083.7
1090.8
1084.2
1090.6
1093
1095.1
1095.7
1094.2
1097.7
1095.8
1087.8
1071.5
1074.9
1079.2
1094.3
1094
1098
1097
1092.6
1091.9
1094.3
1082.3
1083.5
1079.2
1084.8
1074.5
1069.2
1069.4
1068.4
1067.9
1057.2
1038.6
1041.9
1035.1
1050.2
1054.7
1050.2
1022.4
1036.5
1036.3
1030.2
1026
1030.2
1024.1
1030.7
1011.9
1002.6
1000.8
995.3
1003.6
1023.9
1028.6
1015.5
1019.1
1013.4
995.9
992.8
972.1
983
995.8
1000.2
989.7
978.9
976.4
991
1000
983.6
977.8
971.2
965.5
955.9
961.9
978.6
990.9
990.4
992.1
997.5
1008.2
1012.8
1004.3
1013.7
1016.7
1016.3
1024.6
1019.8
1012.4
1014.8
1005.2
1010.9
1012.6
1024
1025.8
1018.2
1008.9
1009.3
1001.1
995.5
988
1001.2
1000
993.3
980.3
962.5
974.6
985.5
1000.7
990.2
988.4
1000.6
981.4
973.2
961.6
956
958.2
960.8
967.8
969.3
967.9
962.2
964.2
963
955.3
961.9
971.9
969.3
973.4
972.3
974.2
961.5
942.7
944
944.5
962.8
949.2
964.2
963.2
977.6
978
982.5
978.9
971.9
957.9
947.7
940.5
945.1
950.2
965.9
972.5
973.2
975.3
982.4
983.1
988.7
980.4
990.3
978.1
970.8
973.1
974.4
962.8
972.3
964.2
958.3
958.5
956.5
947.6
963.7
963.8
966.8
972.7
976.4
975.5
973.2
972.3
971.8
971.9
965.3
970.5
976.3
966.1
972.9
975.1
986.2
985.7
987.9
984.1
984.5
982.2
978.8
991.9
991.7
992.6
990.9
986.5
990.3
987.7
982.7
980.8
987.1
991.9
988.7
980.2
973.8
985
984.8
982.6
984.6
975.2
978.7
979.5
981.7
976.5
984.6
986.7
981.8
981.2
980.8
973.2
972.1
972.5
968.1
966
971.7
972.1
968.1
969.8
974.3
975.6
977.6
970.7
973.4
966.7
973.1
968.8
960.1
963.3
965.9
965.1
968.1
974.4
971.7
982.3
988.2
974.9
979.3
972.9
974.2
966.3
967.6
970.1
955.9
958.3
955.7
955.1
965.2
973
972
971.2
974.6
972.6
970.9
966.1
967.9
957
960.9
960.7
955.2
957.7
952.6
957.1
962.1
967.4
962.9
961.9
968.5
963.6
952.3
959.6
954.3
951.9
954.5
955.4
952.3
953.4
955.3
951.7
956.6
959
962.7
957.9
958.9
949.2
960.4
942.2
948.1
949.1
939.2
945.8
941.2
951.3
953.2
948.7
954
952.3
948.5
952.1
946.2
934.8
938.4
936.6
936
935.7
932.9
931.3
936.9
940.6
938.9
941.7
941.2
941.6
933.1
937.7
933.4
934.5
931.7
928.8
921.9
931.9
929
927.4
935.8
938
934.3
928.2
932.1
928.8
925.2
932.6
928
922.7
922.3
918.6
920.3
922.4
925.1
922
927.6
935
930.6
923.8
920.9
920.5
916.9
912.9
917.8
907.8
904.8
910.4
911.9
910
910.8
922
917
926
930.8
915.4
910
912.9
910
908
904.8
899.7
908.6
906.8
901.1
906.8
910.4
914.6
911.3
910.2
907
905.9
898.1
897.4
897.8
893.9
890.5
897.9
898.1
898.5
904.2
912.1
911.5
905.9
910.6
909
900.7
901.9
901.9
901.3
894.1
893.9
893.6
897.9
900.7
902
902.6
907
911.3
899.1
902.9
900
897
894.5
887.9
888.2
893.2
901.4
899
893.6
901.9
900
902.6
898.6
904.4
889.5
889.6
898.3
891.4
890.5
887.5
891.5
886.2
889
899.7
898.3
901.5
893.1
891.1
888.9
889.8
890.2
885.7
884.9
884.8
883.8
886.3
875.9
886.8
883.1
893.4
888.4
889.8
893.1
886
878.9
882.2
879.6
881.3
875.7
873.9
887.5
889.1
880.9
886.5
894.1
893.6
894.1
886.8
895.2
883.3
888.1
877.7
882.4
883.9
876.1
884.7
885.7
891
889.2
889.5
884.8
881.8
890.1
885.4
877.7
875.4
885.1
875.9
882
876.5
881.2
880.6
878.8
880
882.5
891.3
882.9
879.4
876.9
877.6
870.2
879.2
870.8
871.1
865.2
870.2
883.9
873.3
879.1
876.7
889
883.4
886.7
875.4
867.3
866.2
871.1
876
867.4
868.2
865.1
869.4
865.5
874.5
881.2
871.2
879.1
871.5
873
872.8
869.2
867
857.8
868.1
862.9
858.6
858.1
862.3
863.9
877.9
868.4
876.5
863.4
867.9
862.4
872.3
853.8
869.1
857.4
855.8
854.4
866.8
869.6
865.2
869.9
875.7
873.9
873.1
869.1
865.5
865.7
856.9
860.7
850
858
855
857.5
858.3
858
864
865.4
863.5
863.8
859.8
860.6
858.5
855.4
854.5
849.5
851
853.6
847
854.4
852
861.9
861.8
859.6
861.2
855.4
850
857.4
843.2
848.1
847.4
846.3
852.9
846.2
844.2
854.4
852.4
852.5
858.4
852.8
850.5
849
844.8
845.2
846.2
840.1
