592.2
595.9
600.7
603.3
610.6
608.5
612.1
612.9
611.2
612.9
625.2
623.9
622.1
631.3
623.8
639.6
634.2
649.9
644.9
652
647.8
648
639.4
644.3
644.1
634.6
632.7
634.8
638.4
638.9
646.5
643.3
642.7
645.9
646.5
647.6
643.7
644.1
633.3
636.8
632.8
632.8
633.4
637.3
639.1
644.5
661.1
672.4
684.7
705
708.3
720.2
729.3
739.4
753.3
747.6
748.5
758.2
757.6
762.3
759.2
760.4
757.9
754.8
756.8
752.6
754.5
753.3
757.5
757.6
763.7
765.1
761.8
774
773.5
774.3
759.3
773.2
774.8
781.6
769.4
767.6
779
762.2
770.7
782.8
775.4
775.7
778.1
785.9
810
820.6
825.5
830
815.8
811.8
800
812.1
802.4
788.7
785.6
785.5
796.1
783.3
792.6
797.6
805.2
805.3
807.2
815.9
816.2
808
809.8
807.6
812.7
806.8
804.3
814.6
818.5
814.8
810.1
813.9
826.5
819.6
818.3
825.1
826.1
824.6
820.4
822.1
818.3
819.9
816.2
823.3
824.6
820.9
828.5
831.9
835.2
834.1
841.8
840.9
846.4
835.3
838.3
833.6
827.4
829
828.1
825
826.4
828.5
833.8
841.3
849.3
846.1
842.6
845.2
845.2
848.1
847.1
849.7
846.6
850.4
847.3
852.9
853.6
851
855.3
852.7
841.4
864.5
853.6
844.7
845.9
858
848.5
852.1
853.1
850.9
851.1
858.2
856.7
863.8
865
864.5
866.2
863.5
872.2
867.7
863.4
863.7
860.9
867
858.8
860.7
864.2
874.7
878.4
885.9
885.4
892.2
891.7
883.4
873.6
877.8
872.9
878.3
878.4
902.6
886.3
897.6
905.9
904
898.7
892.1
896.8
890.9
888.1
890.2
887.4
892.3
889.9
891.3
891.1
897.6
904.6
899.5
897.6
906.9
907.7
910.4
911.5
916.6
911.9
919.5
906.4
912.9
916
914.8
910.8
910.4
907.3
917.9
909.1
915.3
918.4
923.5
913.3
907.5
907.8
909.8
915
909.3
904.6
914.3
911.6
915.9
919.4
915
925.3
925.5
922.6
921.8
916.8
918.4
914.9
917.3
914.5
910.1
907.5
917.1
918.3
925.9
922
926.4
929.4
937
928.3
931.6
931.2
927.9
922.8
924.3
927
924.2
929.9
928.1
929.8
932.7
932.5
901.4
901.8
909.9
910.2
901.1
892.7
900.2
907
900.3
897.2
889.8
901.6
886.2
892.6
896.7
908
907.9
916.5
930.6
932.9
926.8
908.1
904.9
896.1
895.1
903.4
923.3
939.3
931
928.1
905.8
913
917.9
908
907.3
913.8
912.4
904.5
908
903.4
924.3
921.6
939.1
943.4
943.7
948.4
947.9
937.4
935.5
939
955.6
955.2
954.5
961.1
966.2
951.3
961
961
974.2
976.6
981.8
983.7
973.9
969.5
966.5
959.3
962.5
957.7
964.5
959.9
959.8
962.5
963.6
965.1
976.2
975.9
987.6
976.5
978.7
981.6
967.5
968.8
983.2
969
976
978.6
972.1
970.5
975.5
980.5
979.1
990.8
985.7
983.4
974.6
976.9
977.2
975.6
975.1
977.7
981.4
982.6
986.4
986
993.5
995.6
989.2
991
991.3
989
983.5
984.5
983.7
986.8
983.5
986.3
988.3
993.1
986
995.1
993.3
1000.5
991.8
990.4
986.3
988.1
986
994
993.5
985.6
987.1
994.1
1001
1001.7
999.4
1011.6
1010.7
1000.2
1007.1
998.6
996.8
1003.1
996.2
1005.8
1006.5
1003.9
1008
1005.3
1012
1018
1014.8
1017.7
1013.2
1014.5
1003.4
1005.2
998.6
1001.2
995.8
998.7
1002
999.9
994.4
1003.6
993.9
1003.1
1006.7
1001.5
1001.4
1002
1000.5
990
996.9
991.3
995.7
994
995.4
1001
1004.2
1012.1
1007
1007.9
1010.4
1008.6
1004.2
1002.1
1004.3
998.6
1009.2
1009.4
1009.6
1015
1014.7
1013.2
1016.7
1017.8
1014.1
1018.9
1019.6
1019.8
1019
1013.7
1003.8
984.1
993.8
1003.6
1014.7
1015.1
1019.8
1026.4
1029.1
1030.1
1024.7
1041.9
1041
1038.7
1045.9
1054.1
1051.8
1054.7
1065.4
1069.4
1070.8
1071.6
1077.4
1074
1071.8
1072.9
1072.5
1081.9
1077.1
1066.5
1072.6
1067.4
1074.5
1068.4
1069
1065.2
1071.2
1075.2
1082.2
1069.6
1076.2
1081.7
1073.4
1068.6
1069
1071.9
1058.6
1068.5
1056.8
1068.6
1079.1
1076.4
1083
1095
1089.8
1088.5
1089.5
1089.3
1070.8
1062.7
1059.3
1058.3
1044.9
1041.6
1042
1043.9
1039.8
1039
1026
1028.3
1024.3
1031.4
1025.9
1008.3
1019.2
1021.7
1026.5
1026.2
1023.4
1017
1018.6
1007.2
1011.6
1004.7
1017.8
1014.8
1017.3
1017.8
1013.5
1016
1020.4
1015.9
1002.2
1006.7
1012.3
1009.7
1008.9
1008.8
1012.7
1015.3
1019.8
1019.1
1023.2
1023.6
1022.2
1022.6
1017.4
1010
1017.2
1019.9
1014.5
1021.2
1016.5
1027.3
1028.7
1031.6
1030.9
1031.4
1035.6
1051.8
1039.7
1036.5
1038.9
1033.7
1028.7
1029.9
1026.7
1031.7
1026
1038.9
1046.8
1043.9
1027.7
1038.8
1028.2
1031.7
1019.4
1035.4
1023.8
1024.2
1026.6
1025.4
1019.3
1021.9
1015.6
1018.4
1012.9
1006.2
990.2
990.5
994.1
987.9
973
965.3
955.8
939.6
931.8
941.6
943.3
948.4
949.7
955.1
950.3
955.6
959.7
949.3
949.2
948.5
952.5
947.6
943
940.6
958.3
953.1
942.6
944.8
942
945.9
943.9
936.5
937.8
944.1
933.2
930.6
933
923.9
926.8
926.9
926.2
939
935.5
937.4
939.7
944.2
943.4
934
937.7
929.7
937.3
929.6
932.8
931.4
926.7
926.3
938.7
929.8
939.4
939.5
940.8
936.8
934.4
932.3
936.6
928.1
927.9
926.1
931.6
938.8
931.5
939.6
921.3
934.7
950.5
948.4
943.9
936.8
940.6
942.8
937.7
934.5
925.2
931.9
920.7
924.8
924.8
928.6
931.8
935
932.5
928.9
929.2
920.2
928
932.4
924.4
920.6
923.5
916.9
918.7
913.5
914.1
915.8
919
922
923.6
922.6
913.7
912.6
917.5
913.9
908.5
912.2
911.6
917.5
914.4
914.5
910.3
911.7
910
912.2
909.1
906.3
917.2
908.5
906.3
908.7
905.2
907
906.6
911.8
913.2
909.6
913.2
915.1
923.8
921.9
930
926
928
924.5
927.8
922.3
921.5
927.7
929.9
931.5
934.5
939.7
946.9
944.2
936.7
938.6
930.8
926
930
939
917.3
931.4
923.3
930.9
920.3
932.1
942.2
935
939.4
928.2
923.5
926.6
922
918.5
914.4
910.9
913.1
913.6
917.5
920.3
923.3
926
935.3
933
934.4
931.2
938.8
929.7
923.5
930.9
919.9
926.6
914.5
920.9
925
934.3
924.1
928.6
930.8
936.3
925
922.4
922.4
919.5
913.6
918.6
919.7
922
920.2
924.8
917.9
922.8
932.1
932.8
923.6
931.2
930.1
927.1
922.8
924.5
920.2
919.9
913.8
914.1
918.3
915.6
929.1
920.3
919.6
920.8
917.5
917.3
915.9
914.2
907.3
900.5
908.4
902
905.2
908.4
908.5
913.7
909.8
908.2
897.1
909.4
915.8
908.1
915.1
903.5
902.1
902.2
906.5
908.1
906.2
903.3
910.7
917.2
921.2
917.1
913.2
907.1
913.1
903.6
905.6
900.4
904.9
892.7
903.7
903
900.8
909.3
914.3
914.4
914.4
915.6
909.1
912.7
916.3
911.7
912.6
911.6
912.9
911
906.4
910.1
917.7
925.8
929.2
926.4
917.8
920.1
919.2
895.1
906.8
912.3
910.9
912.6
911.4
908.3
918.1
922.5
926.1
929.9
929.5
925.8
927.9
916.8
916.9
918.4
916.9
918.6
922.5
919.1
928.7
926.3
928.2
930.3
934.8
932.4
930.2
928.3
926.6
929.1
923.2
919.9
917.9
921.1
925.6
923.7
921.3
920.5
927.4
929.8
928.1
923.3
920
919.1
920.7
910.6
912.9
913.5
914.1
904.5
917.4
914.4
919.8
925
916.3
912.4
909.7
904.4
900.8
900.5
895.1
896
894
889.7
891.2
892.4
905.6
902.8
904.3
905.2
901.1
894.5
897.8
886.6
894
884.2
896.4
896.4
894.3
900.9
901.3
903
901.9
909.5
898.6
904.9
900.9
892.2
892.8
890.5
894.6
883.1
893.1
894.5
893.4
900.2
900.5
907.9
913.6
918.2
926.7
934
928.2
937
928.5
931
920.5
913.6
922.8
923.4
931.1
936.4
946.3
949.9
948.4
943.7
942.6
937.7
930.5
933.5
927.4
920.8
919.9
932.4
925.2
920.2
926.9
926.2
924.2
921
930.1
927.4
919.1
916.4
910.8
907
912.9
902.5
904.8
909.9
907.7
905.1
909.5
903.1
905.5
913.6
904.4
912
917.2
913.6
909.3
914.3
918
914.7
910.1
916
918.4
927.9
932.5
932.1
929.5
935.6
924
934
928.8
934.8
929
934.4
933.1
938.5
942.4
938.3
939.4
942.9
941.8
951.5
950.4
942.2
941.2
939.8
936.1
931.8
934.6
934.3
935
934.7
937.6
938.9
940.7
923.4
932.6
929.1
932.5
925.3
923.6
913
912.2
900.5
902.2
899.1
893.7
894.1
891.1
902.7
899.1
894.9
897.8
901.2
894.4
889.1
884.6
882.7
884.8
884.7
879.6
881.1
885.5
883.2
887.7
892.2
892.1
896.4
895.7
898.7
899.6
884.9
878.6
883.2
875.1
874
879.9
882.5
890
898.4
897.7
901.2
902.5
903.2
898.6
893.2
891.6
888.8
886
883.3
874.7
874
871.5
880.3
884.8
876
882.1
884.8
886
880.4
875.7
885.7
887.5
873.4
873.4
874.2
869.5
872.6
870.9
878.7
871.4
871.9
881.7
870.9
872.1
872.2
864.3
855.8
859.2
860.1
851
857
855.3
857.4
852.8
864.7
865.5
873.3
859.7
853.2
848.5
857.7
851.3
848.6
847.9
848.5
861.9
855.7
850.5
843.1
833.9
841.8
846.8
841.5
849.3
846.8
856
869.4
854.6
849.2
841.3
840.1
840.4
843.6
845.9
845.3
844.6
845
845.3
841.5
839.6
834.6
832.3
829
825.7
831.6
826.6
822.3
823.6
825.6
828.8
829.5
832
832
831.1
822.5
824.8
815.4
818.8
811.7
813.4
805.1
807.1
811.1
815
816
821.6
817.9
815.8
813.7
809.4
803.4
806.5
803.1
804.6
798.6
797.9
798
800.1
796.9
797.6
799
799.5
807.7
796.2
799.5
803.5
790
794.5
789.9
785.4
783.7
791.7
786
784.5
787
792.2
789.6
799.2
797.3
791.2
788.3
787
781
772.1
775.5
774.4
773.1
772.5
771.4
778.9
780.1
785
782.2
785.2
781.3
778.7
780.2
772.1
770.1
772.4
769.1
773.1
780.7
760.8
769
768.3
779.5
780.5
770.1
776.2
767.1
767
760.6
758.1
761.7
758
757.5
758.7
757.4
770.9
763.9
762.3
758.4
765.3
763.6
759.4
762.8
760.6
752.3
756
744
756.1
754
747.3
757.3
760.8
761.8
763.4
750.9
762.8
748.9
760.9
752.2
752.2
747.9
745.5
744.6
737
743.5
732.2
743
749.4
749
747.9
743.6
752.5
740.5
741.9
737.5
729.7
737
734.1
733.6
735.5
736.9
736.4
737
736.8
748.5
745.3
744.9
742.1
730.2
735
725.1
723.1
725
722.9
728.7
728.5
731.6
721.8
741
740.1
735.2
730.4
725.5
727.3
723.7
727.8
717.9
723.4
719.8
727.1
723.7
722.6
727.9
732.9
734.4
727.1
734.4
726.6
721.1
716.8
717.2
718.9
712.5
717.3
719.1
720.9
723.8
720.8
726.9
727.5
728.7
731
725.1
721.5
722.6
716.9
711.7
711.8
712.2
704.7
713.4
712.3
715.1
719.4
721.7
719.6
722.5
718
713.9
711.7
709.7
704.6
707.5
705.8
707.6
708.4
705.6
716
715.2
716.8
718.6
716.7
706.1
702.4
707.3
700.4
704.6
696.1
702.1
709.1
704.2
702.7
705.9
713.7
713.8
708.1
705.7
709.1
706.9
705.4
702.6
697.6
697.3
700.2
702.5
701.6
705.1
701.2
706.9
705.9
705.1
711.2
702.7
696.8
700.7
697
698
694.5
697.6
686.2
693.2
696.7
698.7
700.5
698.5
701.4
701.8
702.5
692.3
688.8
693.9
694.6
690.6
690.1
685.7
686.5
693.6
696.3
694.7
696.2
696.9
695.8
694.6
691.4
689.5
683
686
683
683.1
679.2
684
686.2
682.4
698.4
702.7
693
696.3
697.1
700.4
699.2
696.9
714.3
731.3
757.9
766.6
768.8
785.8
799.8
810.7
808.5
806.4
804.8
802
806.1
800.2
803.5
809.7
809.2
803.1
804.7
813.3
816.8
824.5
827.6
821.6
817.3
824.1
820.4
816.3
809.2
816.3
818.2
821
835.6
850.3
864
864.6
869.1
861.6
859
851.7
850.7
847.2
847.9
848.1
842.7
846.5
845.5
847.6
845.8
850.5
852.3
850.7
859.2
859.6
854.8
860.6
859.5
862.2
861
860.3
856.8
859.1
858.5
850.3
858.4
864.4
867.8
868.4
873.3
871.5
869.5
873.4
865.6
864.9
871
862.4
861.3
860.9
864.1
866.4
860.7
864.2
873.2
880
884.2
880.5
884.7
883.2
881.4
878.8
882
876.3
881
884
880.7
890.4
896.2
891.1
891.9
901.3
905.1
895.8
892
901.3
901.7
895.4
900.3
900.7
899.6
895.7
900.9
909.7
911.3
915.2
920.7
921
922.9
928.5
906.7
918.5
916.9
916.2
911.8
919
907.1
913.7
920.4
924.3
932.5
937.5
932.8
936
933.1
927.2
931
927.9
931
948
958
973.3
978.7
983.2
985.5
993
989.7
984.6
980.7
969.8
972.3
976.9
989.8
981.5
987.1
999.5
993.5
1006.7
1002.1
1004.1
1005.1
1005.1
1007.8
1003.4
1000.4
1001.7
1002.7
1006.9
1005.6
1009.2
1001.4
1002.8
1014.7
1009.7
1026
1022.2
1040.6
1043.3
1035
1035
1027.9
1029.2
1022.1
1018.7
1021.7
1025.1
1016.6
1021.4
1021.3
1012
1023.1
1009.9
1010.8
1014.9
1019.3
1023
1005.2
1014.6
1014.5
1016.3
1023.8
1021.1
1019.7
1022.1
1024.7
1026.7
1019.6
1029
1013.8
1010.4
1000.7
1001.7
999.7
1001.2
1002.1
994.8
996.4
1004.3
1016.6
1023.8
1038
1045.4
1035.4
1035.5
1024.2
1020.9
1022
1025.8
1021.4
1016.2
1023.7
1025.1
1029.8
1022
1027.9
1036.4
1029.2
1030.8
1028.5
1028.6
1034.9
1035.1
1050.9
1061.3
1065.1
1064.3
1066.6
1059.3
1057.6
1060.7
1061.6
1065
1058.7
1061.5
1061.1
1054.5
1055.2
1049.8
1043.3
1042.2
1037.4
1039.8
1040.5
1038.2
1042.9
1042.1
1041.5
1057.6
1047.8
1044.9
1042
1038.4
1032.3
1039
1024.4
1035.7
1034.7
1023
1030.1
1030.6
1033.5
1034.6
1034.4
1029.6
1025.8
1018
1016.4
1018.1
1012.6
1006.5
1006.4
1003.8
1000.5
1007.1
1013.9
1014.1
1013.3
1013.7
1014
1003.7
1004.1
1009.3
1005.3
1002.3
1002.4
1003.6
1007
1006.8
1013.1
1023.2
1024.1
1018.7
1022.5
1020.5
1016.4
1012.1
1016.7
1012.8
1009.4
1007.5
1005.9
1018.1
1005.3
1017.6
1019.4
1017.7
1029.9
1026.3
1020.7
1015
1022.3
1008.5
1015.1
1006.9
1008.4
1010.3
1010.8
1011.8
1020.3
1023.6
1022.1
1028
1033.2
1032.3
1026.6
1020.2
1015.5
1011.5
1016
1019.9
1011.9
1017.5
1019.1
1024.8
1022.6
1027.4
1031.3
1032.9
1037.1
1021.7
1027.1
1023.4
1027.5
1022
1018.7
1020.4
1011.4
1021.8
1013.5
1020.5
1026.2
1034.1
1037.8
1034.5
1023.5
1031.3
1027.1
1030.9
1023.3
1016.5
1020.6
1017.4
1012.8
1014
1018.9
1025.8
1026.3
1026.1
1028
1019.1
1021.9
1023
1018.7
1010.6
1010.1
1013.5
1013.9
1016.3
1015.4
1019.8
1030
1026.9
1035.9
1038.6
1020.2
1034.5
1023.7
1026.6
1019.9
1017.1
1017.2
1023
1023.9
1027.6
1024.8
1034.9
1029
1028.1
1026.7
1035.7
1040.6
1024
1021.3
1019.1
1023.3
1020.9
1018.9
1028.4
1023.9
1030.1
1032.8
1037.9
1034.6
1040.7
1037.9
1040
1030.4
1029
1026.1
1023.4
1023.7
1030.3
1028.5
1030.4
1028.5
1037.1
1034.2
1039.7
1045.1
1043.1
1040.3
1034.5
1038.1
1028.6
1033
1037.3
1032.9
1035.4
1034.1
1035.5
1043.6
1046.9
1044
1044.3
1053.1
1043.1
1052.5
1048.9
1048.6
1043
1046.2
1045.7
1041.7
1035.4
1038.5
1038.5
1044.1
1054.7
1057.9
1058
1058.4
1057.2
1059.3
1049
1046.4
1051.5
1045.5
1046.6
1042.8
1048.1
1048.1
1048.1
1044
1055
1056.3
1052.8
1061
1063.2
1053.8
1057.7
1055.4
1049.5
1050.6
1054.6
1062.5
1060.4
1069.4
1066.6
1066.1
1073.4
1075
1066.3
1068.1
1062.4
1057.8
1065.9
1075.9
1071.3
1066.1
1064.3
1075.7
1069.6
1070.8
1067
1085.5
1074.7
1074.7
1080.1
1067.4
1074.3
1072.4
1076.2
1076.5
1078.9
1082.4
1078.1
1086.5
1084.1
1089.8
1089.6
1093.8
1095.5
1093.3
1084.6
1087.4
1087.6
1080.6
1092.5
1084.1
1082.1
1086.7
1083.1
1089.6
1095.5
1093.7
1091.9
1086.8
1099.3
1095.1
1092.8
1082.8
1087.9
1078.1
1083.8
1087.7
1095
1099
1097.6
1107.6
1100.6
1101.1
1103.3
1104.3
1096.3
1095.9
1094.4
1089.5
1089.5
1094.3
1096.1
1089.8
1090.7
1098.8
1098.4
1100.7
1106
1107
1097.9
1096.9
1095
1093.8
1096.2
1093.9
1091.4
1097.1
1098.2
1099.9
1113.5
1119.2
1122.5
1121.3
1121.1
1117.3
1115
1111.1
1106.2
1113.3
1112.9
1113.3
1116.3
1109.7
1113.1
1118.8
1112.3
1115.8
1129.2
1120.5
1131.4
1123.1
1120.1
1107.9
1121.2
1119.8
1114.5
1117.4
1118.4
1129.7
1130
1134.1
1129.9
1124.8
1126.2
1127.3
1134.7
1132.1
1129.4
1126.8
1123.2
1124.3
1125.5
1124.3
1123.2
1125.3
1129.1
1139.7
1139.4
1133.3
1136
1129.9
1127.2
1130.9
1138.4
1135.9
1136.9
1141
1135.7
1136.4
1139.3
1138.8
1138.7
1140
1137.1
1131.2
1134.6
1132.2
1125.5
1130.7
1124.7
1131.8
1128
1130.1
1128.9
1128.3
1127.4
1133
1141.8
1140.6
1145.3
1144.3
1150.1
1133.9
1138.6
1141.9
1132.8
1133.4
1137.6
1132.9
1135.5
1135.5
1143.3
1135.5
1139.6
1139.1
1138.8
1144.3
1135
1140.2
1133.9
1141
1134.1
1139.5
1144.3
1142.4
1141.4
1154.7
1150.8
1150.3
1161.1
1153.7
1153.5
1155.2
1154.7
1145.9
1143.6
1143.5
1148.6
1148.7
1137
1140.1
1154.9
1154.9
1157.5
1159
1156.6
1158.7
1160.3
1152.7
1142
1148.6
1147
1143.5
1138.8
1133.7
1145.9
1149.6
1149.3
1156.8
1155.3
1158.7
1149
1157.6
1158.4
1153.1
1153.7
1152.3
1154
1163.7
1155.9
1152.7
1153.4
1160.8
1164.5
1163.4
1166.9
1166.9
1159.7
1167.2
1162.3
1161
1157.4
1159.2
1164.1
1161.5
1165.7
1163.3
1171.2
1168.7
1182.4
1181.4
1185.8
1176.5
1180
1166.5
1164.5
1172.1
1168.4
1168
1165.2
1166.3
1163.9
1171.2
1175
1166.2
1178
1178.5
1183.7
1174.9
1177.1
1170.4
1170.6
1166.2
1160.5
1169.6
1163.9
1169.9
1175.6
1174
1169.6
1169.9
1179.5
1175.6
1173.1
1174.8
1170.9
1177
1173.1
1176
1170.1
1175.4
1171.7
1176.9
1180.2
1175.7
1194.6
1187.2
1186.9
1180.4
1176.3
1184.2
1179
1179.7
1183.8
1185.6
1180.7
1176.9
1184.2
1186.9
1189.5
1190.2
1183.9
1187.5
1184.7
1178.4
1170
1173.5
1171.5
1174.9
1177
1168.9
1170.4
1171
1188
1174.7
1181.3
1186.1
1182.8
1171.9
1182.8
1179.3
1180.4
1183.8
1170.1
1181
1178.9
1178.4
1180.2
1178.9
1183.4
1185.9
1188
1188.3
1196.2
1191
1194.8
1189.4
1191.5
1178.1
1182.5
1182.8
1182.8
1184.2
1187
1189.1
1194.8
1198.6
1200.4
1192.9
1195.8
1198.5
1192.6
1188.7
1191
1188.5
1181.8
1184.4
1188.3
1192.3
1194.8
1195.3
1197.6
1188.5
1200.6
1195.8
1204.4
1189.7
1198.1
1199.5
1195.2
1195.3
1193.2
1196.9
1192.2
1195.1
1198.5
1204.1
1199.4
1198.9
1200.3
1201.5
1197.9
1196.4
1193.2
1196.1
1201.2
1193.8
1196.9
1195.7
1191.2
1209.3
1207.4
1206
1211.8
1209.7
1208.1
1210.5
1206
1199.4
1204
1200.8
1197.1
1198
1198
1197.6
1203.3
1205.3
1207.1
1206.1
1211.3
1211.6
1209.9
1198.5
1210
1205.8
1208.6
1198.3
1202.3
1203.6
1195.7
1201.5
1212.1
1215.5
1212
1214.9
1223.4
1219.2
1218.1
1218.8
1210
1208.7
1206.5
1217.4
1209.6
1204.5
1207.7
1228.6
1225.3
1233.1
1233.1
1227.5
1227.6
1227.6
1216.7
1215.4
1219.4
1217.1
1209.2
1221
1214.6
1220.6
1226.8
1229.8
1225.7
1231.8
1234.2
1232.1
1224.6
1220.3
1224.7
1220.4
1217.3
1222.4
1222.9
1212.1
1223.1
1225
1229.8
1234.3
1225.3
1235.7
1238.1
1230
1226.9
1227.3
1224.7
1222.3
1228.5
1222.6
1227.8
1218.2
1224.4
1230.4
1235.5
1232.1
1233.7
1226
1222
1218.3
1226.5
1219.2
1224.1
1227.4
1229.4
1224.2
1228.7
1226.8
1239.6
1238
1245.6
1238.8
1238.8
1240.6
1242.9
1230.4
1232.2
1224.1
1224.9
1231.2
1225.4
1227.8
1229.9
1235.6
1234.8
1245.1
1235.7
1241.1
1237.7
1235.4
1243.1
1240
1234.8
1235.3
1233.1
1226.7
1238.1
1230.3
1243.4
1244.2
1243.3
1254.6
1250.5
1251.3
1250.1
1239.8
1238.2
1238.2
1234.3
1235.3
1235.7
1244.9
1235.7
1243.7
1242.1
1241.2
1240
1248
1240.8
1236.8
1236.7
1231.2
1236.3
1232.5
1232.3
1234.7
1241.3
1241.3
1242.4
1255.6
1264.6
1255.6
1261
1250.8
1249.7
1241.8
1242.4
1243.2
1242
1231.9
1240.7
1248.4
1252.4
1247
1253.3
1243.1
1242.2
1236.2
1235.7
1232.8
1244.1
1236.6
1229.7
1231.1
1225.1
1231.7
1235.2
1239.5
1235
1235.4
1236.4
1242.1
1246.7
1238.3
1232.7
1226.9
1227.7
1233.2
1237.8
1237.9
1230.7
1234.8
1239.4
1241.9
1239.8
1243.9
1235.8
1241.2
1223.4
1224.5
1219.6
1219.3
1216.8
1214.6
1214.1
1221.8
1214
1214.4
1218.4
1228.8
1227.1
1233
1223.3
1218
1217.1
1214.9
1215.3
1213.9
1211.4
1215
1220.1
1218.7
1220.3
1224.7
1232.1
1232.9
1238
1235
1232.9
1221.5
1228.7
1222.2
1218.9
1215.6
1221.9
1224.1
1219.7
1223.4
1227.6
1227.8
1223.3
1232.6
1229.3
1232.3
1222.2
1220.9
1220
1219.7
1217.4
1222.3
1217.7
1225.2
1231.1
1238.2
1233.4
1234.1
1231.9
1237.5
1234.3
1228.1
1224.7
1220.4
1221
1226
1223.2
1225.4
1226.9
1225.4
1236.1
1234.3
1236.2
1234
1234.4
1229.8
1227.7
1228.3
1223.8
1226
1231.4
1236.6
1240.3
1237.7
1238.7
1228
1239.5
1241
1236.3
1243.8
1239.8
1236.1
1236.8
1234.9
1232.7
1228.9
1229.4
1228.9
1223.8
1230.9
1236.6
1237.5
1232.2
1234.1
1241.9
1237.3
1231.7
1229
1224.2
1221.9
1216
1219.8
1219.6
1226.7
1221.9
1225.5
1232.3
1236.8
1232.6
1236.3
1231
1234.1
1221.2
1227.4
1229
1227.5
1227.6
1228.8
1234.1
1237.9
1244.7
1251.7
1259.4
1261.3
1254
1254
1242.8
1249.5
1251
1248.2
1238.8
1240.5
1241.3
1247.8
1233.1
1234.8
1231.1
1230.2
1231.6
1243.8
1230.3
1224.7
1220.1
1211.2
1207.7
1207.5
1202.2
1196.8
1196.5
1201.6
1199.4
1195.1
1193.8
1197.4
1198.1
1193.8
1185.6
1178.9
1177.8
1175.6
1182
1177.5
1180.1
1175
1172.5
1181.9
1186.2
1188.3
1183.1
1180.2
1180.2
1169.6
1162.8
1167.4
1151.3
1169.6
1162.8
1161.2
1165.8
1160.1
1165.5
1167.8
1167.9
1161.6
1167.7
1166
1155.6
1155.6
1156.2
1148.1
1147.7
1151.7
1141.6
1142.3
1149.6
1142.4
1143.9
1146.8
1153.3
1144.9
1148
1138
1134.4
1139.3
1135.8
1128.6
1132.2
1133.6
1129.4
1127
1130.9
1135.8
1136.6
1131
1133.1
1134.2
1136.2
1133.2
1129
1122.3
1125.5
1121.1
1121.3
1116.6
1116.8
1120.3
1131.7
1128.3
1132
1127.6
1125.3
1118.9
1118.6
1112.6
1110.5
1110.2
1107.6
1105.2
1099.7
1107.9
1105.2
1109.7
1106.5
1112.9
1111.4
1110.8
1110.2
1102.6
1101.9
1098.3
1091.2
1095.1
1086
1088.6
1086.6
1087.4
1094.2
1089.8
1095.8
1094.4
1097.7
1086.8
1088.4
1087.6
1082.6
1073.5
1077.6
1069
1075.8
1074.9
1073.1
1072.5
1073.2
1076.6
1080.8
1077.2
1079.6
1075.7
1069.3
1064.8
1068.8
1064.7
1065.4
1059.8
1059.3
1067.4
1061.7
1055.7
1064.5
1065.7
1067.5
1061.7
1065.7
1058.7
1060.9
1057.3
1057.7
1059.8
1062.3
1047.6
1048.2
1037.4
1053
1052.8
1043.1
1047.1
1045.3
1041.1
1041.5
1042.6
1030.7
1035
1030.7
1029.2
1024.9
1035.2
1036.3
1032.3
1030.4
1033.9
1033.3
1030.9
1033
1027.9
1024.2
1019.1
1020.1
1019
1015.9
1011.5
1014.3
1015.6
1011.1
1017.3
1024
1019.8
1011.4
1016.1
1010.6
1011.3
1000.5
998.5
997
1000.7
1001.6
999.7
1002.3
1000.9
1002.1
1003.1
1009.4
1008.2
1002.1
998.4
1004.9
995.6
993.5
995.2
988.6
984.1
984.6
985.8
995.9
993.4
997.5
992.1
989.6
993.8
982.8
975.2
977.4
966.2
969.2
966.4
970.1
967.9
971.1
975.7
977.4
974
970.3
976.5
973.2
967.6
965.7
967.8
967.3
962.7
956.1
962.1
958.4
963.3
959.3
966.3
962.2
966.1
964.8
965.8
958.8
965
956.1
956.6
952.6
950.8
948.5
949.9
946.9
953.9
955.9
956.5
949.2
958.7
948.2
955
952.8
950
947.6
939.4
943.6
938.4
940.6
937.3
939.8
946.8
944.6
938.8
937
942.5
937.3
941.2
940.8
931.1
929.1
939.7
929.7
934.1
935.5
931.9
938.6
937.2
934
935.4
943.7
926.2
926.9
921.5
922.8
922.9
918.5
919.7
920.3
926.9
922.3
929.5
929.8
933.6
933.2
922
921.5
922.2
917.5
920.9
912.9
912.1
914.8
915.6
911.5
915.4
921.2
922.6
926.3
919.2
917.2
912.5
911.7
907.2
898.1
909
907.3
901.2
906.9
900.8
905.5
906.3
912.6
908.7
907.2
910.6
901.4
899.4
905.3
890.6
895.6
900.9
896.4
897
904.8
904.2
900.4
902.5
907.3
900.6
900.6
905.2
889.9
897.4
887.4
891.2
891.1
884.5
883.9
895.4
893.1
894.7
899.4
897.3
900.4
890.7
893.7
887.6
889.8
885.7
882.7
879.9
879.8
882.6
878
877
884.7
892.3
887.7
886.2
889.3
879.3
883.8
872.3
874.9
874.5
875.1
874.2
870
874.2
882.1
885.3
885.1
885.6
887
883.5
867.6
878.1
869.1
865.6
863.9
861.6
857.5
866.5
873
875
871.7
878.9
874.8
875.6
873.6
871.4
864.3
864.4
862.9
861
860.2
864.6
863.1
866.4
867.7
868.4
872.4
876.3
868.6
867.7
865.6
867.9
859
850.6
853.7
857.2
852.3
860.6
859.7
862.8
863.6
860.2
859.7
865.1
858.4
860.9
857.6
853.4
849.3
854.1
853.6
847.1
851.4
852
855.1
856
854.5
859.9
860.1
853.6
854.3
853.6
847.8
844.2
848.8
842.6
845.1
842.1
845
847.1
845.4
851.3
852.9
857.1
852.5
842.1
842.6
842.1
832.8
839.7
833.5
838.6
839.5
836.3
839.1
845.5
845.6
846.5
848.8
844
841.6
835.6
833.8
834.3
