495.1
489.8
501.4
499.3
498.1
498
492.4
499.3
488.3
492.5
488.5
491.2
492.7
487.3
484
489.4
495.3
499.3
497.8
511.3
508
507.5
496
496.9
494
489.5
492.4
489.6
496.2
501.3
507.7
513.9
528
542
547.6
551.9
551.7
552.1
550.1
552.4
547.8
553.2
551.7
561.7
566.5
568.4
574.3
582.5
581.8
574.3
580.4
582.4
586
583.1
585.5
583.8
589.4
585.3
596
588
588.5
590.4
592.8
600
603.9
602.6
603
602.8
603.4
606.4
602.8
604.6
606.1
607.7
607.3
607.1
609.6
611.4
623.7
623.4
622.5
624.8
614.1
612.3
622
620.2
621
614
615.5
621.4
619.2
615.7
626.8
620.8
620.4
622.7
636.4
633.2
634
635.2
631.9
633
630.6
632.4
632.7
633
634.1
637.1
642.5
651
651.5
647.9
649.4
650
646.5
645.3
647.6
649.6
645
647
643.9
648.6
648.7
648.5
653.1
659.1
658.7
663
659.5
662.5
658.7
654.7
652.7
647.6
655.6
654.8
657.2
660.4
657.1
662.7
668.4
669.1
661.4
651.2
650.5
643.3
660.8
681.5
685
684.3
692
692.3
698.2
700.6
709.5
711
695.2
686.8
678.6
682.5
683.8
692
703.9
718.9
722
724.3
735
742
739.4
729.6
733.6
728.4
722.8
719.2
727.1
723.2
695.3
681
693.1
702.7
707
711.1
706.8
717.5
708.8
705.8
704.3
716.4
724.8
723.9
723.4
718
708.7
717.1
718.3
727.1
744.5
745.3
752.5
757.5
759.3
756.8
761.9
758.4
749.4
749.2
740.3
741.5
741.6
751
710.6
746.4
745.5
749.7
751
757.7
750.8
754.2
756.9
751.4
741.1
744.1
748.1
745.5
744.5
742.5
745.1
750.1
752.1
748.4
757.3
760.9
757.9
755.2
758.9
755.5
751.5
749.7
753.3
748.7
755.2
757.7
758.6
761.7
760.9
760.5
747.7
758.2
756.2
753.1
750.6
749.2
741.5
744
747.2
744.3
742.5
746.6
754.2
752.2
758.4
761.4
756
760.6
756.7
759.9
752.9
750.3
755.7
754.5
755.8
752
762
758
764
766.5
768.6
771.8
771.2
767.4
770.1
768.5
762.8
767.4
761.7
765.1
768.5
766
771
768.9
778.7
781.6
777.8
780.9
779.5
775.8
768.9
781.2
768
766
772
776.9
779.7
778.3
784.2
778.6
777.6
782.3
791.3
788.6
790.3
784.9
780.3
779
781.7
781.9
780.7
774.4
777.5
776.2
779.4
789.2
786.9
793.2
793
791.8
786.5
789
780.2
783.7
781.6
791.6
790.7
788.5
798.7
797.8
805.6
807.2
802.2
802.4
801.4
801
803
796.6
793.4
787
795.2
799.2
795.9
796
802.4
800.2
806.9
804
808.6
804
804.2
804.6
803.1
796
795.4
797.1
790.6
793.2
801.5
797.2
798.5
805.3
802.6
803.3
804.9
810.7
809.9
805.2
790.1
794.4
799.1
798.8
798
794.9
793.2
797
796.5
807
808.8
806.6
813.1
810.6
807.1
801.8
804.7
799.9
792.4
800.8
799.6
799.8
798.1
799.2
806.1
810.6
809.3
816.1
815.9
810.4
805.9
802.8
806.9
805.2
807.4
800.7
803.1
804.5
809.9
806
812.9
813.2
818
824.2
811.8
809.7
816.6
806.9
801.4
809.6
806.3
810.5
806.9
809.7
816.3
815.5
820.8
824.8
826.7
819.2
819.5
818
814.9
812.9
814.7
813.9
814.5
824.9
831.9
834.6
831.5
842.6
839.9
834.8
839.8
836.6
828.1
829.9
826.1
815.6
814.1
821.7
814.8
821
827.3
829.5
822.3
826.6
832.4
826.7
831.3
826.8
821.9
818.3
816.5
813.4
816.3
820.7
814.3
821.5
819
827
830.2
820.7
824.4
818.8
811.4
811.3
813.6
817.1
812.2
812.2
817.3
815.4
824.5
823.8
826.2
828.4
826.8
824.3
826.3
823.8
811.5
816.2
816.4
819.6
819.2
821.7
823.1
827.8
830.4
831.8
831.5
834.9
829.6
831.1
828.3
830.6
819.9
824.4
820.3
822.4
819.9
820.4
829.6
825.9
827.6
833.9
831
804.4
822.2
825.7
826.3
822.8
822.8
822.9
821.7
822.7
823
830.1
827.8
834.6
836.2
833
836
834.2
832.8
832.6
828
826.2
838.7
826.5
831.8
833.3
836.1
836.5
836
837.7
842.8
845.7
844.6
841.1
827.8
839.3
839.7
834.8
834.4
834.2
838.7
837.9
840.9
830.7
838.2
848.2
844.5
847.9
847.7
844.9
844.7
835.8
842.1
831.9
835.4
840.5
837.8
844.6
835.7
845.8
841.1
841.9
849.9
843.2
835.8
823.9
837
834.5
840.8
838.4
837
840.4
842
847.5
836.6
866.1
873.7
881.6
886.2
886.6
889.8
887.2
885.9
884.5
888.9
894.1
891.8
899.6
906.2
908.5
917.4
907.6
905.2
913.4
911
909.2
911.5
909.4
