496.6
502.1
503.5
507
507.3
515.6
512.3
510.2
515.2
514.4
517.8
527.8
529.2
524.8
527.5
531.6
534
540.5
548.9
570.3
588.8
602
616
628.3
631.1
633.3
632.7
626.8
628.3
630.7
632.4
636.3
633.6
634.8
646.4
659.6
662.9
662.4
661.7
663.5
664.2
676.1
674
681.5
686.3
681.3
689.5
697.2
699.2
706.9
706.7
722
721.2
717.1
719.6
709.2
708.9
704.6
705.6
706.5
710.7
710.4
711.8
722.8
733.7
734.1
733
733.2
737.7
728.7
723
725.4
725.8
723.5
716.5
725.6
724.4
732.6
731.8
735.3
736.7
741.9
734.6
738.2
732.9
736.9
738
731.4
728.3
730.7
742.5
741.4
739.5
742.2
750.7
747
751.8
746.9
747.7
752.1
757.8
743.2
733.1
748.1
745.1
746.5
735.1
750.1
750.9
763.1
771.6
779
779.9
787.5
785.8
781.1
788.1
790.1
793.8
797.9
809.2
799.4
811
809.6
807.6
818.3
811.1
826.6
816.8
829.4
826.2
825.7
831.8
823.7
826
838.4
829.7
838.5
838.6
848.6
849.4
846
848.3
851.2
856
846.4
854.9
859.3
854.6
855.4
855.4
858.3
857.6
866.1
869.7
872.8
877.1
882.2
883.8
878.3
879.8
875.1
871.8
865.9
865.8
873
867.1
894.5
883.6
882.3
886.2
892.7
896
902.2
903.3
910.4
902.4
903.2
904.5
912.9
905.4
902.1
907.9
915.7
926.8
922.6
925.8
925
916.8
919.2
915.8
925.6
927.5
930.9
930.1
933.5
935.7
940.8
942.9
940.4
942.9
939.7
942.4
941.8
934.6
927.4
922.7
933.7
925.3
937
936.9
943.6
947.1
953.9
953.2
967.7
969.5
966.2
960.5
960.1
966.6
964
966.8
964.9
960.6
956.6
969.2
962.7
978.1
971.8
976.6
977.7
983.8
982.2
973.5
976.4
978.7
979.9
975.7
982.6
981.1
981.9
981.2
992.9
1003.2
997.1
999.1
1000.3
1005.4
1007.4
999.7
996
996.5
1001.8
1002.8
991.4
996.7
995.7
1006
1009.9
1011
1016.4
1010.5
1010.2
1019.8
1012
1026.1
1023.4
1023.5
1026.4
1029
1029.5
1030.5
1032.2
1048
1047.1
1034.9
1033.1
1035.6
1036.1
1031.8
1035.1
1034.7
1037.2
1040.2
1036.6
1037.5
1047.6
1056.2
1047.1
1051.9
1049.7
1056.9
1056.4
1050.7
1045
1050.9
1057.1
1051.6
1056.7
1063.8
1061.6
1064.4
1066
1059.8
1078.1
1078.3
1072.2
1052.3
1065.4
1068.3
1064.5
1058.5
1069
1067.4
1067.1
1056.8
1056.1
1049.2
1053.1
1063.7
1057.9
1060
1061.6
1055.4
1057.5
1052.3
1054.5
1052.3
1019.9
1004.4
984
953.3
960.9
984.4
983.8
985.5
975.9
966.1
943.2
925.7
911.5
901.3
892.4
873.7
874.3
866.2
852.5
841.9
833.1
832.6
823
832.8
849.8
806.2
805.8
805.9
796
791
792.6
797.8
789.4
781.4
780.9
772.6
772.3
770.3
771.7
783.5
782.7
793.4
804.6
803.5
800.7
800
793.8
805.1
806.1
794.1
796.5
800
799.3
803.1
803.4
803.4
816.1
804
801.4
799.2
796.4
795.3
800.3
804.3
811.9
813.1
810.2
818.1
817.1
815.4
823.2
821.5
821
825.7
812.4
819.2
818.4
821.2
820.3
820
830.3
828.1
832.5
825.3
835.9
830.1
834.3
841
844.1
844.7
835.2
839.7
833.8
829.7
839.2
837.4
838.8
851.9
857.9
851.1
854.8
852.1
844.9
845.7
847.4
849.1
848.8
843.4
836.7
842.9
847.6
843.3
847.5
854.6
857.2
859.2
860.7
866.4
868.8
870
861.3
863.1
860.9
865.8
864.5
870.7
868.8
875.7
874.2
878.2
873.3
879.9
884.4
882.1
885.2
877.7
878.8
868.1
877.3
875.7
875.5
879.1
874.4
876.7
881.5
887.4
892.2
894
899.3
901
892.6
894.6
889.4
890.2
881.4
882.2
885.7
887.7
895.6
895
898.3
903.7
904.1
906.5
902.1
894.3
895.8
892.8
890
898.2
893.4
898.1
894.3
901
906.1
902.4
911.4
910.1
906.9
911.9
901.4
908.6
900.9
893.1
902.5
892.3
908.3
899.6
902.2
910.9
919
914.6
909.1
911.1
911.5
911.7
912.8
908.8
906.9
906.7
911.1
907.7
911.3
915
914.5
925.5
918.1
925.7
918.6
912.4
906.2
910.5
917.5
921.3
913.8
914.7
921.2
932.3
938.9
946.4
955
966.3
970.5
963.1
955.4
956.6
959.9
963.2
965.1
963.8
960.7
965.5
961.2
977.6
993.3
1001.1
994.8
992
1017.2
1016.4
1026.8
1013.9
1013.5
1008.1
1017.6
1027.7
1028.3
1035.5
1039.9
1044
1047
1048.6
1055.5
1057
1050.3
1035.9
1038.3
1044.8
1043.4
1045.6
1044.5
1038
1041.4
1051.5
1057
1060
1079
1078.7
1071.4
1064
1064.6
1057.2
1054
1058.7
1064.4
1059.9
1058.3
1067.7
1069
1074
1081.1
1087.5
1087.4
1091.9
1084.9
1081
1057.7
1071.6
1070.7
1071.7
1076.3
1083.6
1088.8
1086.2
1076.8
1073.8
1083.5
1095.7
1093.2
1091.9
1092.3
1091.6
1090.1
1084.4
1083.1
1095.2
1091.4
1098.3
1098
1100.3
1105.7
1096.1
1104
1096.4
1099.8
1086
1086.4
1087.8
1085.2
1084.5
1083.7
1088.3
1084.1
1082.6
1083
1095.5
1091.1
1092.7
1102.4
1102.3
1081.1
1087.5
1092.8
1090.7
1092.3
1091.9
1097.8
1103.3
1089.5
1094.5
1098.5
1097.3
1102.6
1099.3
1098.3
1100.4
1103.8
1102.3
1106.5
1108
1109.7
1102.4
1114.6
1118.6
1125.8
1130.4
1126.3
1129
1130
1127.7
1123.1
1126.6
1119.8
1124.3
1126.1
1127.6
1124.6
1133.3
1131.4
1128.3
1135.6
1140.7
1146.5
1147.9
1140
1144.3
1142.8
1139.2
1142.6
1142.9
1139.2
1139.5
1147.2
1150
1152.3
1147
1164.6
1167.2
1165.1
1167.7
1163.6
1163.3
1160.2
1153.6
1150
1153.9
1162.4
1160.4
1161.1
1170.1
1170.3
1186.3
1185.5
1182.3
1182.2
1182.9
1181.9
1185.1
1172.7
1173.7
1174.8
1179.9
1179.3
1170.2
1184.3
1182
1184.3
1193.1
1191.1
1193.9
1190.8
1195.2
1184.9
1186.5
1182.3
1179.3
1181.7
1179.9
1190.4
1188.9
1184.2
1192.4
1194.3
1202.7
1206.2
1200.3
1204.3
1201.3
1196.2
1197.3
1201
1201.2
1207
1208.2
1207.3
1207.8
1209.3
1209.3
1212.4
1218.8
1207.8
1215.7
1210.8
1209.9
1206.9
1205
1201.6
1211.1
1211.3
1210.5
1222.8
1224.1
1229.1
1229
1228.6
1229
1229.8
1224.9
1222.7
1228.9
1222.5
1225
1230.1
1239.9
1243.9
1247.9
1250.6
1252.5
1257.8
1245.7
1233.6
1225.5
1225.8
1218.2
1177
1165.2
1169.6
1170.5
1171.2
1173.5
1163.8
1162.4
1156.5
1146
1135.7
1134.7
1129
1124.1
1116.3
1120.9
1126.8
1130.1
1142
1137.8
1148.9
1149.2
1146.3
1156.3
1160.4
1163.3
1159.4
1161.9
1152.4
1155.6
1146.2
1153.3
1154.2
1159.4
1154.2
1159.4
1163.4
1161
1167.9
1174.4
1180.8
1168.7
1166
1165.3
1160.9
1157.9
1166.2
1167.1
1168.9
1173.6
1174.2
1178.7
1175.3
1176.2
1184.3
1180.6
1184.6
1188.8
1193.1
1184
1183.2
1172.9
1177.6
1174.4
1176.6
1180.8
1190.8
1198.3
1201.5
1201.5
1209.3
1208.7
1212.5
1204.9
1204.7
1202.5
1202.5
1204.4
1208
1201.9
1205.7
1214.7
1209.2
1206.2
1213.5
1213.1
1213.3
1208.8
1212.2
1209
1212.4
1215.8
1208.1
1205.2
1221.2
1216
1218.5
1227.8
1226.2
1229.4
1231.5
1227.1
1229.2
1232
1224.4
1222.7
1228
1227.1
1233.7
1236.8
1234.3
1240.9
1247.9
1250.7
1240.3
1245.4
1246
1240
1242.1
1241.5
1241.1
1237.8
1238.8
1244
1238.4
1245.8
1249.5
1252.2
1246.6
1255.8
1259.6
1255.8
1254
1270.1
1251.3
1244.2
1244.4
1243.3
1242.3
1251.3
1245.1
1241.3
1250.7
1250.8
1259.9
1263.4
1270.7
1274.9
1272.2
1267.2
1264.2
1258.6
1257.1
1252.8
1261.1
1262.8
1262.9
1270.3
1271.7
1268.7
1274.4
1276.8
1280.9
1282.2
1282.3
1279.5
1276.5
1277.6
1278.5
1284.2
1282.3
1284.7
1284.4
1297
1291.7
1295.1
1285.4
1290
1299.7
1292.7
1292.1
1298.3
1302.6
1299.4
1295.4
1296.4
1289.4
1298.4
1303.6
1306.3
1312.8
1321.4
1322.3
1312.8
1309
1304.3
1293.7
1299.7
1305.4
1295.9
1298.3
1305.4
1305.1
1304.6
1305.8
1289.2
1289.7
1301.3
1308.9
1315.3
1315.4
1316.8
1308.5
1306
1302.1
1304.8
1290.8
1288.8
1272
1288.4
1303.6
1297.7
1311.9
1329.3
1338.9
1337.4
1328.7
1315.4
1276.7
1270
1258.4
1244.6
1225
1230.2
1231.8
1219
1224
1225.5
1226.7
1236.1
1218.6
1208.7
1205.2
1204.8
1199.5
1198.1
1203.5
1194.7
1194.7
1206.3
1203.8
1205
1205.2
1162.5
1161.3
1158
1161
1164.1
1169.2
1166.1
1156.1
1144.7
1133.4
1132.5
1131.2
1130.8
1129.1
1125.6
1122.1
1130.5
1125.7
1117.7
1123.8
1122.3
1116.1
1117.2
1120.1
1119
1120
1111.4
1113
1114
1124.2
1119.4
1113.1
1113.7
1116.8
1107
1100.1
1100.9
1109.6
1102.2
1105
1108
1112.6
1107.3
1111.7
1112
1105
1104.7
1108.3
1103.2
1101
1095.1
1099.4
1104.2
1100.8
1095.1
1090
1097.5
1098.4
1094.3
1095.7
1101.9
1094.6
1093.8
1087.8
1082.8
1083.9
1079.1
1083
1081.3
1075.2
1079.1
1083.9
1082.3
1084.7
1084.3
1091.8
1088.5
1079.4
1074.1
1074.2
1075.4
1072.4
1066.2
1064.6
1060.9
1058.4
1063.5
1059.7
1068.1
1066.3
1077.7
1066.9
1080.8
1075.3
1069.5
1052.5
1055.1
1049.2
1051.8
1050.5
1053.2
1064.5
1055.3
1062.2
1063.6
1053.7
1062.1
1057
1060.3
1058.3
1053.2
1053.1
1050.1
1043
1045.3
1042.2
1046.1
1044.5
1051.8
1046.9
1057.1
1049.9
1047.7
1052.9
1041.1
1045.1
1043.6
1038.5
1037.4
1041.6
1033.3
1040.6
1031.8
1028.9
1035.3
1033.4
1039.1
1029.3
1033.2
1029.4
1031.7
1017.6
1030
1024.9
1020
1012.9
1005.8
1018.6
1018.7
1029.9
1017.6
1022
1021.3
1024
1026.7
1018.8
1027.1
1014.5
1011.7
1006.2
1008
1014.5
1017.5
1015.6
1019.7
1020.7
1031.4
1018.3
1019.7
1015.7
1011.5
1014.6
1005.4
1012.6
1010.6
1008.8
1000.1
1013.1
1005.9
1005.3
1010.3
1011.4
1007.3
1012.6
998.9
1005.5
1008.2
1002.5
999.8
1000.1
997.3
992.3
992
1001.7
1000.1
990.7
1005.7
998.7
1005.4
1001.6
1000.1
990.9
991.6
988.3
985.1
974.8
984.1
987.9
987.9
991.9
996.9
993.8
999.3
1003.8
1002.5
993.8
999.2
984.6
975.1
988
972.8
978.8
976.4
985.4
971.5
985.4
988.3
979.3
986.2
981.6
985.9
983.4
982.7
983
970.8
971.1
974.8
967.6
969.3
971
964
973
971.6
975.3
974.2
976.7
970.3
963.9
965
960.9
964.3
957.5
958.3
955.2
970.6
965.9
968.1
975.6
978.1
969.5
964.8
953
964.4
956.9
949.9
955.9
950.1
951.5
951.1
951
961.7
961.8
958.5
963.6
966.3
960.8
958.7
951.1
953.4
949.2
947.5
952.1
937.6
948.3
952.6
950.4
950.4
950.4
961.4
975.5
978.1
983.3
985.8
982.3
983.4
985.8
988.3
988
991.2
992.4
975.5
990.9
990.3
988
999.7
1000.4
1004.3
997.5
1006
1001.8
999.6
1006.7
1008.6
1007.1
1004.4
1004.8
1015.5
1007
1009.4
1019.7
1020.8
1028.9
1024.1
1009.4
1011.7
996.5
1014.2
1018.7
1016.3
1019.9
1013.5
1020.1
1013.4
1021.1
1015.6
1004.5
990.3
984.4
978.8
968.1
957.3
952.9
951.6
945.8
942.2
939
940.5
936.1
937.7
944.8
930.6
939.2
933.3
929.5
920.6
915.7
910.8
905.2
909.1
907.1
904.7
905.2
901.6
914.7
910.1
917.6
919.5
912
916.3
912.8
909.7
907
903.5
899.3
905.1
900.3
900.9
902
909.8
901.7
917.7
907.6
907.7
903.5
905.6
904.5
905.6
899.5
892.6
900.3
897
893.1
893.5
901.9
899.2
905.8
905.1
900.6
904.6
896.7
893.3
893.9
888.5
891.3
891.4
899.5
888.2
893.9
895.1
893.1
892
889.8
897.5
895.9
898.9
906.8
895.8
894.2
890.2
902
910.9
911.5
915.3
922
926.7
924.2
927.2
923.7
934.2
927
932.6
923.4
939.3
922.1
938.3
935
943.2
940.2
946.4
944.4
960.5
948
951.7
949.3
954.2
949.4
954
942.8
952.1
954.1
957.5
953.3
945.7
955.1
953.6
964
970.7
966.3
973.9
974.6
971.4
974.7
974.9
970.3
967.3
970.5
975.9
970.8
973.7
970.5
979.8
982.7
982.7
987.7
993.2
988.7
981.5
986.7
983.4
970.7
970.5
978.1
979.2
983.7
984.7
996.2
994
998.7
999.9
993.4
985
983.8
983.5
991.3
987
995
991.6
988.8
1004.2
1009.1
1009.3
1002.6
1010.3
1002
1005.7
999.4
999.5
997.4
998.5
993.8
1001.1
996.8
1006.4
1003.8
1009.5
1008.7
1012.5
1016.1
1012.1
1015.3
1009.5
1009.8
1011.6
1014.6
1010.7
1009.2
1008.4
1011.8
1019.4
1015.2
1020.1
1027
1029.8
1012.5
1029.1
1027.9
1016.7
1013.9
1020.9
1019.2
1018.1
1017.3
1021.9
1030.5
1030.8
1023.6
1035.2
1023
1029.7
1037.4
1020.1
1020.2
1026.2
1027.1
1022.9
1020.4
1018.3
1026.7
1033.1
1028.2
1030.3
1045.7
1050.8
1050.7
1050.6
1045.8
1041.3
1039.6
1032.8
1040.7
1037.9
1038
1045.5
1043.4
1039.6
1044.4
1052.4
1058
1044.7
1052.6
1048.2
1055.5
1055.5
1053.3
1055.3
1046.3
1059.1
1058.9
1061.9
1066.5
1070.2
1063.5
1065
1067.9
1072.5
1069.6
1065.7
1071.6
1056.9
1060.5
1061.6
1060.3
1070.5
1064.3
1065.2
1067.2
1078.6
1074.4
1064.6
1070.7
1072.1
1063.4
1059.7
1061.6
1072.2
1059.7
1065
1063.6
1063.4
1067.2
1070.3
1072.2
1079
1078.5
1075.8
1074.6
1077.6
1073.2
1068.6
1065.4
1073.3
1070
1071.6
1074.6
1071.1
1077.5
1085.2
1080.6
1083.5
1081.4
1080.8
1075.7
1075.3
1081
1070.8
1077.6
1082.7
1077
1090.7
1084.7
1084.7
1086.2
1092.8
1096.9
1096.5
1094.8
1094.1
1088.6
1081
1088.3
1078.2
1082.4
1080.2
1083.5
1090
1090.3
1092.5
1099.8
1099.9
1093.8
1087.6
1072.2
1078.9
1084.9
1080.2
1082.5
1089.2
1088.3
1093.5
1090.9
1099.3
1118
1117.1
1108.2
1114.5
1122.9
1127.1
1124.9
1131.9
1125.4
1135.5
1131.9
1124
1122.1
1122.5
1109.8
1110.5
1106.8
1094.3
1091.6
1077.2
1066
1060.8
1049.7
1042.4
1032.7
1025.2
1022.1
1016.8
1012.6
1007.4
1012
1008.2
1010.8
1004.9
994.8
993.7
988.8
973.4
972.1
970.6
971.9
958.5
965.9
959.1
948.7
956.4
956.6
952.3
957.6
948.3
945.9
932.7
938.8
931.1
932
922.3
921.2
908.8
918.7
918.6
924.5
926.7
929.9
927.6
930
926.5
918
918.2
918
921.4
925.1
929.5
934.7
936.2
930.1
929.6
937.9
942.7
934
937.1
935.2
931
930.1
925.3
928.3
922.1
927.3
924.3
926.1
925.7
931.5
925.6
924.4
925.6
922.6
910
908.8
908.2
903
904.9
910.4
913.2
910.8
908
907.7
917
911.5
908.1
909
900.3
898.2
895.9
894.9
892.9
887.2
879.9
872.8
866
864.5
867.1
870.5
870.3
864.1
868
865.8
871
871
874.4
872.3
865.8
868.8
869.8
872.3
875.7
878.7
885.9
882.4
884.1
888.9
886.6
892.1
886.9
882.4
891.1
887.3
887.4
887.8
894.4
894.4
906
907.5
909
913.5
906.4
907.5
915.8
915
918.2
919.5
915.1
926.2
922
916.1
929.7
938
945.4
945.2
950.7
954.2
954.8
953.7
955.9
962.6
958.9
960.8
957.1
961.9
956.8
965
979.8
981.7
990.4
989.8
979.1
980.9
979.5
983
984.4
983.1
979.4
984.4
981.3
985
989.8
1006.3
1001.9
999.3
1007.8
1008.9
1019.2
1017.4
1007.3
1013.9
1012.6
1004.4
1011.1
1011.8
1019.3
1023.5
1024.9
1029.9
1029.2
1033.4
1034
1039.9
1035.8
1026.7
1031.3
1032.2
1030.5
1035.2
1032.2
1041.9
1042
1041.8
1042
1054
1052.2
1045.6
1046.6
1043
1049.9
1042.1
1044.8
1041.2
1038.4
1056.4
1050.4
1053.9
1060.3
1056
1066.6
1066.9
1069
1052.6
1063.4
1063.1
1060.9
1059.2
1064.1
1055.4
1052.2
1052.7
1057.4
1048
1055.8
1053.2
1058.3
1062.1
1058.2
1059.9
1063.1
1059.4
1054.7
1052.5
1050.8
1047.7
1053.1
1050
1046.6
1058.1
1055.6
1059.8
1046
1048.4
1047.3
1056.6
1055.3
1052.2
1055.2
1052.1
1052.5
1052.9
1054.3
1062.8
1069.3
1075.3
1085.1
1086.9
1084.4
1092.1
1093.1
1088.7
1080.9
1070.3
1069.6
1081.5
1083.6
1079.4
1083.6
1077
1079.4
1085.2
1095.9
1101.3
1107.3
1110.6
1112
1103.4
1109.1
1107.3
1097.5
1109.9
1117.6
1106.1
1117.5
1113.2
1117
1129.1
1124.7
1137.1
1125.2
1133.4
1135.2
1123.3
1134.6
1130.4
1128.9
1115.7
1117.3
1125.8
1133.3
1145.4
1155.1
1147.8
1150.7
1145
1148.9
1138.7
1144.3
1134.6
1136.7
1134.4
1132.5
1132.5
1124.1
1122.2
1125.3
1132
1135.1
1139.4
1142.8
1141.2
1136.6
1118
1121
1120
1119.3
1118.5
1115.5
1121
1114.7
1116.2
1136.9
1138.6
1142.4
1140.3
1155.1
1150.4
1139.4
1142.3
1137.9
1135.3
1132.9
1143.3
1136
1137.1
1137.9
1144.2
1147.3
1149.2
1152.4
1145.7
1152.9
1151.1
1148
1145.4
1143.6
1142.7
1138.3
1138.1
1140.7
1144
1149.5
1143.3
1147.7
1163.4
1162.3
1166.2
1171
1158.3
1164.5
1152.7
1160
1155.6
1156
1156.8
1156.1
1155.1
1165.6
1170.3
1167.7
1177.3
1174.7
1169.1
1169.4
1167.9
1162.8
1169.6
1160.2
1161.1
1164.7
1155.4
1165.7
1176.5
1187.9
1185.8
1180.5
1186.6
1177.7
1175.3
1160.6
1167.3
1171.3
1174.2
1168.4
1174.4
1175.2
1178.5
1184.8
1184.3
1197.7
1204.4
1203.5
1198.8
1192.5
1187.5
1186.6
1188
1187.2
1183.9
1196.2
1190.8
1202.8
1204.1
1210.6
1200.4
1209
1213.5
1205.7
1200.9
1216.9
1209.8
1207.2
1199.6
1205.3
1220.7
1202.7
1217
1217.1
1209.2
1216
1214.1
1215.9
1224.8
1224.4
1215.5
1208.5
1202.8
1198.8
1192.3
1191.8
1203.3
1213.5
1213.3
1219.2
1216
1208.3
1213.1
1211.5
1217.5
1213.2
1203.6
1204.4
1204
1203.8
1204.5
1207.9
1212.5
1220.3
1220.8
1218.2
1222.3
1224.7
1234.1
1232.5
1233.7
1238.9
1242.5
1241.6
1238.2
1243.6
1243
1232.1
1225.9
1222.4
1230.5
1245.2
1240.2
1241.3
1237.5
1241.9
1236.8
1236.3
1230.8
1229.1
1237.2
1221.6
1232
1227.5
1229.4
1222.3
1227.3
1231.8
1234.7
1238.8
1237.3
1234.9
1238.7
1228.8
1231.1
1235.4
1246.2
1239.2
1238.1
1256.3
1238.5
1248
1256
1258.2
1256.5
1259
1250.4
1255.7
1257.3
1255.9
1242.4
1246.8
1256.7
1240.5
1244.7
1246.9
1251.6
1252.7
1261.2
1250
1261.1
1262.1
1266.6
1260.1
1254.2
1250.4
1259.6
1260.2
1266.5
1271.8
1271.5
1275.2
1272.2
1275.7
1276.2
1269.7
1278.7
1273.3
1282.3
1286.5
1286.2
1270.3
1272.8
1269.3
1271.3
1275.1
1281.9
1284.5
1296.9
1294.5
1279.3
1285
1281.7
1272.1
1265.8
1264.3
1259.9
1268.3
1267.9
1274.4
1277
1282.5
1289.9
1288.4
1285.3
1291.4
1293.5
1289.1
1274.6
1275.3
1274
1266.8
1266.9
1269.8
1273.1
1267.2
1269.6
1282.6
1289.9
1282.6
1294.6
1280.4
1279
1276.7
1280.6
1276.9
1272.3
1274.8
1274.7
1267.4
1270.9
1282.8
1273.1
1286.6
1294.3
1286.8
1289.5
1286
1282.8
1275.1
1279.5
1277.5
1279.2
1288
1286.3
1278.1
1288.9
1292
1287.9
1289.7
1304.2
1309.9
1298.9
1301.6
1291.4
1293.4
1288.4
1279.7
1282.2
1283.8
1283.5
1291.4
1290.4
1294.3
1292.7
1304.7
1313.9
1311.3
1308.4
1297.5
1297.7
1307.1
1293.3
1285.7
1282.9
1283.7
1289.6
1300.4
1294.4
1299.5
1304
1306
1302.7
1303.8
1300.4
1296.9
1293.9
1294.6
1288.7
1278.5
1290
1286.1
1288.6
1286.3
1292.6
1297.4
1283.2
1269.4
1265.6
1275.3
1270.6
1285.3
1268
1275.3
1282.8
1281.4
1285.7
1300.1
1286.5
1284.6
1291.9
1289.9
1286.5
1285.7
1288.8
1285
1282.6
1271.7
1282.1
1284.6
1273
1268.4
1272.1
1283.3
1291.4
1295.2
1294
1291.2
1292.9
1296.7
1290.3
1291.5
1291.1
1285
1286.3
1277.6
1278.7
1290.3
1286.6
1294
1298.8
1290.6
1286.5
1284.7
1278.9
1281.2
1276.8
1275.9
1271.1
1268
1279.3
1260.4
1264.2
1259.8
1258.2
1257.4
1259
1266.8
1250.9
1261.2
1256.5
1262.7
1269.8
1251
1262.6
1285.7
1275.4
1279.1
1275.3
1262
1262.4
1263.8
1263.2
1266.5
1263.1
1265.7
1263.3
1257.8
1260.2
1268.9
1261.2
1266.1
1275.1
1281.5
1282.6
1291.7
1282.9
1296.2
1302.7
1306.4
1287.9
1296.6
1287.3
1285.4
1292.6
1289.9
1284.8
1279.6
1275.5
1271.5
1297
1300.5
1290
1292.8
1290.6
1294.7
1287.4
1287.5
1283.7
1282.4
1283.6
1277.3
1277.9
1279.7
1283.4
1284.7
1293.8
1294.4
1290.4
1284.1
1284.2
1288.4
1284.9
1274.8
1273.2
1277.6
1276.7
1274.6
1282.9
1279
1290.7
1288.8
1279.2
1281.1
1277.1
1274.6
1268.7
1268.1
1279.6
1266.3
1273.9
1276.4
1290.6
1288.9
1305.4
1310.5
1305.2
1303.6
1300.1
1298.2
1285.1
1275.4
1273.5
1267.5
1257.2
1243.9
1245
1241.1
1243.1
1240
1239.7
1231.4
1229.5
1223
1193.2
1188.5
1175.7
1182.5
1182.1
1187.2
1180
1190.2
1182.6
1184.6
1190.4
1190.7
1191.1
1200.7
1206.8
1192.8
1195.4
1186.1
1186.8
1184.9
1186.9
1196.7
1195.3
1200
1205.2
1208.4
1206
1211.7
1219.2
1221.2
1217.8
1214.9
1213
1215.8
1217.3
1224.4
1224.7
1223.6
1230.7
1229.4
1236.8
1226
1216.6
1226.5
1239.8
1242.8
1243.1
1237.4
1233.7
1222.6
1218
1211.5
1213.5
1213.5
1217.5
1217.2
1213.5
1220.3
1220.7
1215.6
1208.9
1211.2
1199.8
1197.2
1197
1201.6
1195.9
1189
1200
1207.5
1189
1177.5
1183.2
1193.6
1201.3
1202.3
1135.2
1131.9
1121
1130.3
1153.6
1153.8
1094.9
1042.6
1078.7
1113.1
1107.5
1121.6
1119.8
1110.8
1107.1
1087.6
1069.2
1031.3
1034.8
1047.2
1050.3
1061.9
1031.9
1029.8
1027.4
1032.8
1038
1036.4
1013.3
1006.4
991.7
986.3
979
983.5
973.5
983.4
970.8
969.7
970.4
970
973.9
972.9
973.6
969.9
973
965.4
957.6
955
951.5
952.1
952.1
952.2
945.4
947.4
948.2
953.2
950.8
960.7
958.9
949.4
945.7
940
938
932.1
939.6
931.7
934.6
932.2
926.7
938.1
934.7
940.3
936.8
941.8
938.2
932.3
927
924.3
933.8
918.8
925.2
919.9
920.5
920.9
925
928.2
925.5
928.7
927.3
926.9
923.7
914.6
910.4
903.4
904.2
900.2
904.7
905.7
904
903.7
905.7
916.9
915.2
911.3
908.4
905.5
906.5
907.4
902.8
894.7
892.9
903.9
890.5
894.7
895.9
906.3
895.4
894.1
902.2
898.1
892.4
888.2
880.5
884.3
890
886.5
893.6
900.6
908.2
911.3
914.6
921.4
935.1
932.2
933.4
931.9
926
920.7
919.8
915.5
914.5
920.5
916.6
915.1
922.5
924.2
922.9
929.1
933.6
933.2
935.1
927.3
935.1
924.7
925.3
912.6
925.4
929.3
932.7
921.5
924.4
930.6
940.7
940.1
940.5
936.4
935.5
935
935.9
928.7
932.3
929.1
922.5
928
936.1
938.2
939.4
942.8
947.3
948.2
948.9
941.7
947.9
935.3
939.2
940.3
937.6
939.6
942.3
944.1
945.5
949.9
951.6
951
951.2
954.7
954.6
951.1
942.9
949.9
944.6
948.3
955.9
949.6
943.6
951.3
955.4
951.9
953.8
959.8
962
957.3
952.8
954.8
952.4
952.1
953.5
951.7
942.9
954.8
952.3
961.8
960.6
967.7
971.3
972.7
961
965.1
955.9
956.7
948.4
955.2
950.9
939.8
954
955.4
963.8
959.5
966.1
962.2
969.2
961.6
963.7
951.6
953.1
967.5
953.5
957.2
964.8
954.9
958.7
970.3
972.3
965
967.3
969.4
961.2
958.8
967.5
965
960.7
964.1
959.2
957.4
962.9
969.8
966.2
968.4
976.9
978.2
977.1
975.8
975.5
966.9
965
957.9
957
962.8
963.3
967.5
971.5
979.9
975.8
973.6
974.3
975.4
970.7
980.2
978
972.9
967.5
965.1
965.4
967
961.4
968.9
974.4
976.5
978
980.7
973.9
973.6
975.7
976.8
970.6
971.2
971.8
967.6
964.1
966.1
966.3
969.2
976.3
983.5
983.3
986.1
980.5
966.2
977
965.5
966.5
965.2
967.4
963.7
969.2
976.7
979.5
978.6
994.5
987.9
988.6
984.4
985.2
974.9
975.4
968.7
973.1
964.6
979.6
977.4
979.1
979.9
985.5
985.2
979.8
985
989.9
992.8
984.9
976
980.2
971
978.8
975.5
977.7
979.8
974.8
945.2
955.9
960.4
961.1
964.1
966.3
951.9
956.8
945.9
930.4
938.3
922.4
926
926.7
930.1
934.7
943.4
937.2
941.3
944.4
935.4
932.5
927.1
925.6
928.4
926.2
927.3
923.5
936.4
939.9
947.6
943.9
941.3
935.6
938.3
933.1
930.8
932.8
933.2
933.9
939.9
934.7
940.7
946.4
949.6
949.6
945.3
954.1
953.5
946.5
952.4
951.1
958.2
946.1
949.6
951.5
950.4
943.4
947.9
945.5
953.2
952.6
955.7
957
959.8
959.8
950.1
950.8
961.8
961.1
959.1
953.6
957.5
965.9
966.7
967
965.4
965.6
962.7
974.2
961.7
957.5
947.6
944
942.7
951.9
950.4
955.3
959
968.7
973
974.4
973.7
975.2
973.7
973.7
967.7
963.3
962.6
963.6
964.4
958.4
958.3
958
969.2
975.2
972.4
980.2
977.2
978.4
965.5
965.7
962.3
956.7
959.2
965.8
968.3
969.9
968.2
975
975.1
984
980.1
977.4
976.9
979.2
972.1
970.3
965
972.7
968.4
967.1
971.9
978
974.2
973.2
981.6
982.6
980.7
983.4
979.7
970.3
974.5
969.9
965.2
963.1
958.2
964.8
967.4
974
981.6
980
984.3
981.1
975.5
984.3
976.6
983.9
977.3
982.4
973.6
973.2
972.4
967.5
975.3
982.4
983.6
965.1
967.7
981
980.1
984.1
983.2
979.2
983.6
975.6
959.5
949.8
948.4
952.7
956.5
948.1
953.4
948.7
947.1
940.2
931.1
934.7
935.2
941.6
927.8
946.5
942.5
933.8
938.6
942.8
946
948.6
947
944.8
939
936.6
930.5
938.4
936.4
938.1
937.5
937.9
909.7
905.3
915.3
901.9
893.8
876.6
868.7
869.1
864.2
862.5
866.4
875.1
876
851.7
843.6
852.3
841.6
837.1
831.6
838.6
842.1
846.2
847.8
846.1
849.3
845.7
850.4
854.6
847.5
845.9
844.2
850.9
850.6
851.6
848
849.1
841.7
838.2
829.7
826.5
826.1
824.6
829.3
827.9
824.4
825.6
824.8
830.7
826.3
831.5
834.8
825.7
826.1
818.2
820.1
821.4
815.2
813.9
805.5
809.6
808.9
812.9
820.8
823.9
825.8
818.7
815.4
817.7
811.3
801.7
800.7
810.9
807.9
809.1
806.3
809.9
815.3
810.3
810.4
809.3
812.3
812.3
810.1
801.6
