630.1
630.4
637.3
640.9
639.4
634.4
631
639.7
631.8
635.2
635.6
635.9
638
651.9
645.1
644.8
644.7
637.5
640.3
637.6
635.3
636.9
637.6
632.9
646.9
648
655.9
647.3
648.4
645.5
647.9
644.6
647.4
632.9
634.9
637.6
636.1
634.4
640.5
647.7
647.5
648
655.5
659
672.1
669
669.3
666.7
666.4
661.3
651.9
643.3
641.1
640.1
632
638.4
638.1
634.6
635.5
631.9
639.9
637.3
633.5
629.1
629.4
632.6
640.2
643.1
646.5
646.8
660.7
657.3
656.8
657
644.1
630.3
633.5
617.2
613.9
613.3
619.9
616.6
616.7
614.4
620.5
623.7
617
642.8
647.7
652.9
658.5
654.7
649.8
644.7
646.8
641.8
653.9
651.1
654.1
652.8
663.1
667.7
675.7
673.7
678
666.7
674.9
677.2
652.5
656.4
664.2
665.3
663
757.3
712.4
697.2
693.7
694.5
691.5
687.4
688.4
685.8
688
683.8
706.8
707.4
708
707.1
710.2
706.8
712.2
720.7
712
716.9
726.9
724.4
713.1
721.5
720.2
720.2
713.8
714.3
714.9
714
715.3
712
712.2
706.8
720
717.5
720.6
719.2
713.3
711.7
710.2
703.7
701.9
697.1
704.8
703.8
705.9
706.9
712.3
707.1
708.3
703.5
694.1
683.8
685.1
679.7
677.5
685.3
678.2
679.1
677.7
677.1
680.4
682.2
679.5
684.6
681.3
668.2
673.7
664.9
662.1
662.4
669.5
663
662.4
668.7
666.3
676.2
680.8
676.1
676.9
681.1
676
679
677.4
673.2
673.5
675.3
664.8
677.7
681.9
685.5
686.3
697.9
698.8
706.2
712.1
735.6
738.1
744.8
749.5
748.2
746.3
752.6
753.8
749.1
755.5
760.3
770
771.1
772.9
775
776.8
775.5
778.2
769
767.3
770.1
775.7
762
771.8
784.9
783.5
788.3
790.1
790.3
787.1
785.7
789.4
777.1
779.2
776.2
781.5
780.8
774.2
774.6
780.1
782.8
775.8
779.9
786.8
788.8
787.1
782
783.1
784.6
778.1
778.3
781.1
775
770.5
777.4
775.9
784.2
784.5
784.3
781.6
774
779.2
777.8
771.4
768.1
774.5
767
763.6
757.1
750.4
752.6
747.8
754.2
755
762.2
759.9
763.4
766
773.6
767.5
770.9
777.9
773.9
783.9
784.5
790.6
786.3
792.7
797.9
796.8
790.5
780.5
781.1
786
790
788.5
768.3
767.4
771.8
776.2
771.8
775.5
780.8
770.9
773.5
776.6
776.5
773.7
764.8
740.1
745.5
747.5
754.9
751
748.3
745.3
748.5
745.5
745.3
757.2
753.2
754.4
752.9
748.7
749.4
749.5
748.7
744.8
741.8
746.9
744.4
742.8
752.9
746.2
751.3
754.9
746.6
747
739.9
739.6
740.1
741.1
727.2
740.3
732.9
733.8
747.1
753.5
752.7
751.8
753.5
755
751.3
755.8
749.9
755.3
753.5
753.3
757.7
758.3
754
761.2
764.5
760.9
768
767.9
764.7
770.3
768.8
766
760.7
758.9
758.4
758.2
763.1
756.5
754.4
758.3
755.8
753.8
749.4
751.6
755
762.4
761.1
755.7
749.8
752.3
758.3
756.1
748.3
756.7
753.3
777.6
763.1
760.3
771.2
766.7
765.5
755
759.2
756.6
758.8
756
751.5
752
749.5
752.2
757.9
756.1
753.2
755.9
768.4
765.1
761.2
759.7
754.7
756.3
751.3
752.8
749.8
750.8
751.8
743.4
761
755.7
756.8
756
756.2
748.6
761.6
749.2
748.1
745.8
749.7
745.3
744.3
752.5
755.5
761.2
769.7
768.4
768.7
778.4
773.8
779.8
774.8
775.6
779.3
776.8
776.1
774.1
772.8
792.5
790.3
789.3
784.6
790
787.1
785.3
786.6
776.6
774.8
771.3
773.3
773.1
776.7
769.9
779.3
778.5
779.5
784.4
780.4
785.4
783.7
774.8
769.2
775.3
774.2
776.4
770.5
768.4
775.2
767.1
774.1
770.7
768.9
776.2
778
778.6
773.4
776.1
773.5
762.8
761.9
760.7
768.4
756.7
766.3
766.1
766.4
768
769.6
776
769.6
763.4
772.6
761.7
763.1
759.3
755.4
757.3
759.3
756
761.4
763.8
760.9
764.9
768.7
765.4
760.8
762.1
758.9
757.6
755.7
754.2
760.4
755.8
759.5
750.5
758.4
752.9
757.8
757.8
754.2
766.3
756.4
753
752.4
754
749.4
741.2
744
745.3
738.6
751.3
751.1
752
762.1
753.6
747.5
752.8
747.9
749.9
744.7
751.2
742.5
745.3
749.4
748.3
748.9
753.9
756.5
755.2
760.6
749.7
750.9
745.7
741.1
739.5
738.6
740.1
742.6
738.8
741.9
747.4
745.3
752.5
747
751.3
749.7
751.5
744.7
753.7
738.9
737
738.5
732.8
739.5
736.5
747.4
742.5
747.6
744.5
749
739.6
743.8
742.6
735.5
730.6
734.7
737.1
734.4
732.2
732.2
730.9
740.5
741.1
738.9
745.7
741.9
742.5
739.7
736.9
734.2
732.7
731
730.8
731.5
732.2
736.7
735.1
741.2
746.1
742.9
746.7
745.1
747.8
739.7
732.8
734.4
733.3
739.4
737.1
741.4
736.1
736.8
739.9
737.5
744.1
745.6
740.4
742.2
743.4
745.9
738.8
739
738.2
733.9
737.6
736.3
735.4
723.2
745.7
739.6
742.8
744.4
743.7
741.1
737.7
736.9
738.2
735.6
734.3
742
738.6
730.4
740.8
746.3
744.3
744.3
743
739.2
739.9
736.1
741
738.8
755.3
753
758.5
770.5
768.8
777.4
781.8
787
792
795.9
787
788.7
778.9
777.1
779.2
779.6
782.9
779.3
781.1
780.3
790.6
791.2
801.5
794.3
798
796.6
793.6
789.6
790.5
796.9
791.8
794.1
789.8
795.6
792.3
796.5
804.1
805.9
813.1
813.7
813.7
807.7
806.1
792.5
798.6
811.6
812.4
819.6
812.8
812.2
812
815.7
815
820.8
816.8
821.1
815.3
812.1
808.4
813.1
818.7
815.7
812.4
810.5
815.3
815.8
826.1
829.6
831.6
831.7
835.7
827.6
828.1
822.4
822.4
826.2
827.2
828.5
827.7
827.3
836.7
848.8
840.9
842.9
843.6
840.2
834.3
831.3
834.3
831.4
829.3
835.3
836.9
838.9
832.4
842.6
852.8
847.1
855
858.1
855.2
861.5
853.5
847.4
846.6
842.5
845
849.5
851.5
855.6
857.9
867.6
861.1
869.5
868.3
868
867.8
865.8
853.9
865.2
853.5
860.7
863.9
866.3
868.8
869
879.9
886.2
888.8
880.3
884.1
876.8
878.9
875.3
878.4
875.7
881.6
876
882.2
884.1
890.8
892.8
905.9
910.8
912.8
909
908
903.9
902.4
896.3
900.1
899
906
902.8
907.9
916.6
913.1
921.2
917.5
916.1
920.1
920.1
917.3
923.5
916.1
921.6
928.9
927
926.2
932.6
927.1
922
939.8
938.1
938
943.7
941.4
936.2
931.9
932.7
926.4
934.7
935.6
930.1
930.6
936.4
935.5
942.2
949.7
949.7
945.5
945.3
949.7
944.1
946
951.9
948
942.9
948.9
954
950.5
953
955.3
957.1
959.8
958.9
960.7
957.8
952.9
955.7
954.4
956.9
957.4
957.3
964.4
958.3
963.9
965.2
972.5
985.8
976.8
973.8
969.4
969.3
968.5
971.7
971.1
971.2
964
957.6
968.8
967.2
975.1
984.1
986.9
981.3
984.3
977.5
980.7
988.9
985.1
973.4
979.9
980.4
974.9
978.4
984.8
989.1
991.4
993.9
998.4
996.3
992.8
988.5
987.9
990.2
983.7
982.3
981.4
984
989.2
991
1002.6
1000.1
994.6
998.3
995.5
996.2
999.7
996.4
993
980.8
992.2
986.6
995.1
994.2
992.2
997.7
994.7
997.1
996.4
993.9
1001.9
1002
997.4
998.8
992.1
993
993.5
997.6
991.2
995.7
1003.7
1004.9
1006
1003.1
1006.6
1013.2
1003.8
1000.8
1010
1001.6
996.3
996.8
999.5
1002.7
1003.8
1006.1
1007.6
1009.2
1018
1025
1020.5
1015.2
1011.7
1003.4
1001.4
998.5
1004.9
1009.6
1010.8
1009.7
1013
1012.3
1012
1011.4
1011
1022.9
1022.8
1019
1002.7
1002
1000.6
1003.6
1007.5
1006.3
1007.3
1007.3
990.3
1008.5
1009.3
1008.6
1001.9
1013.4
1006.6
1004.3
997.1
994.3
993.6
994.3
992.6
995.7
994.4
999.3
1003.1
994.3
995.3
997.8
994.6
988.5
990.9
980.4
980.9
979.2
974.2
975.2
976.9
981.9
994.4
980.3
983
989.6
991.4
986.4
979.3
973.5
981.6
976.5
974.3
976.5
975
970.8
970.7
975.7
983.8
980.5
968.7
979.4
977.7
964.9
965.2
966.5
970.1
960.3
961.7
961.8
966.6
970
962.4
964
969.7
970.2
969.9
967.2
969.8
968.3
969.1
959.1
959.4
956.7
947.8
961.5
962.7
954.6
960.1
970.8
970.6
960.5
958.4
953.8
949.5
952.6
947.5
951.7
940.3
945.5
939.6
940.8
944.6
948.8
943.4
943.8
947.7
951.4
948.9
940.8
944.5
938.1
935.3
939.7
935
925.2
929.9
931.3
942.3
935.5
935.6
941.4
939.6
931.9
929.5
935.6
923.9
932.6
931.8
925.8
918.8
927.1
926.7
925.8
930.4
936.6
942.1
924.3
931.8
927.1
916
922.7
917.9
920.3
920.8
917.6
920.5
921.1
923.6
919.2
919.1
929.1
921.4
918.5
919.4
925.3
920.7
919.5
915.9
913
912
918.3
918.9
919.8
917.9
914.9
923.1
928.1
919.3
924.6
920.2
914.6
903.1
908.2
908.6
906.7
911.3
911.1
905
920.1
902
915.6
918.1
909.9
920.8
911.5
903.3
910.1
897.1
906.8
896.9
902.6
904
909.8
913.9
906.6
907.9
910.6
904.8
907.6
902.4
899
898.6
903.3
895
900.8
893
897.9
897.5
891.9
901
901.1
910.2
899.5
905.1
902.3
902.3
899.3
887.6
884.2
887.8
890.8
885.3
882.9
889
893.4
897.7
895.6
893.8
899.9
890.3
891.6
891.3
898.5
882.4
880.3
878.7
879.7
883.6
877.5
882.7
884.2
891.1
889.6
883.3
884.4
887.4
882.8
875.8
874.8
876.8
873.9
873.9
875.5
879.2
882.4
882
887.5
887.4
881.7
890
871.2
876.2
871.2
870.2
865.3
864.4
869.8
866.9
874.7
871.4
873.6
875.6
877.6
880.4
876.6
871.9
860.1
865.7
865.9
863.9
867.2
868.6
862.7
869.2
870.3
870.3
875.5
874.8
878.4
878.3
874.1
871.2
874.2
869
857.1
859.6
866.1
868.3
859.7
862.9
868.9
869.5
875.3
870.6
874.1
871.1
868.7
860.5
864.6
863.4
859
853.6
856.2
856.9
859.2
852.8
858.5
865.7
855.7
864.6
857.6
862.7
854.7
845.3
850.2
844.8
844.6
843.5
851.5
847.4
852.6
855.5
858.3
858.8
863
863.8
852.2
844.2
847.7
847.1
837
841.5
835.9
838.9
843.7
843.7
846.8
848.7
850.3
848.4
853.2
845
843.3
844.5
834.6
825.7
840.4
834.4
834.3
835.8
836.5
839
834.2
841.9
843.6
839.2
846.5
836.8
838.5
827.9
830.7
826.2
832.2
829.3
838.1
823.9
834.2
833.4
834.7
839.7
837.5
835.1
836.2
829.2
829.9
826.4
825
825.6
823
824
825.5
829.6
830.4
831.1
830.2
831.4
828.8
818.7
825.6
816.9
819.2
815.7
823.6
819.2
816.7
821.3
821
826.7
826.3
827.4
828.2
830.3
824.8
824.3
818.3
813.6
816.4
809.6
814.8
812.2
815.2
817.8
817.9
821.4
820.1
819.8
823.3
827.5
815.8
818
812.1
813.4
818.5
816.4
809.7
813.2
819.8
816.2
814.5
821.2
825.3
827
817.7
817.3
809.6
814.5
806.5
800.6
802.1
814.1
810.3
814.1
810.6
810.7
825.8
826.8
811.6
814.6
814.4
816.7
815.4
812.3
809
804.3
799.2
807.9
808.3
813.1
811
802.2
809.4
818.5
817.6
809.1
809.5
812.4
808.7
802.7
803.1
800.6
796.8
801.4
797.6
801.7
810.5
811
818.2
815
806.7
799.1
798
803.8
796.3
801.3
798.9
796.2
798.7
808.5
816.1
818.6
824.7
833.4
834.2
838.1
835.8
826.3
830
829.9
830
831.4
828.1
837.2
833.1
834.2
839.9
840.6
846
860.2
859.7
864.5
852.5
846.7
838.8
848.6
845.5
839.3
851
841.9
847.9
851
863
865.1
864.9
870.2
880.6
885.6
872.7
870.6
871.7
869.7
877.7
876.4
876.3
874
880.2
886
895.3
894.4
893
895.3
888.4
882.8
874.4
880.3
884.4
880.1
887.3
885.6
879.7
882.6
888.5
893.9
888.7
905.9
902.8
893.4
890.7
893.7
898.1
888.5
894.2
899
890.9
898.7
892.7
912.2
913.2
914.7
911.3
898.2
909.9
917.2
910.5
912.6
914.4
921.7
901.8
896
908.2
914.3
921.2
924.7
931
930.9
926.8
928.1
926.2
925.8
927.8
931
917.3
929.3
926.6
925
935.5
947.3
956.6
958.9
959.9
940.5
937.2
927.9
952.1
936.7
942.1
937.1
942.1
946.3
956
961.2
958.5
955.9
950.9
942.3
949.7
945.2
949.8
950
952.8
954.5
936.8
935.1
943.2
942.6
941.7
949.8
942.7
955.5
945.6
937.6
938.8
929.5
932.5
931.6
925.8
930.3
921.7
927.1
926.6
935.9
929.2
934
932.2
934.8
926.5
925.4
917
919.9
917
913.8
915
908
909.5
910
914.9
920.5
928.6
920.1
926.4
927.7
921.9
909.5
909.5
919
909.5
909.4
913.7
911.8
913
905.7
911.6
919.1
917.4
917
909.5
920
905.4
905.1
903.5
901.1
893.5
898.3
894.2
898
888.4
885
898.9
890.1
891.9
894.6
888.8
885.7
880.3
876.9
868.1
870.7
870.3
866.7
871.4
868.4
874.7
871
875.1
881.2
878.9
865.1
871.9
869.5
861
861.9
859.4
865.2
861.4
854.8
864.2
867.5
867.5
868.1
866.4
867.3
866.4
862.8
853.8
855
857.3
853.9
849.2
849.7
844.7
845.8
850.4
860.6
855.1
855.1
854.8
858.8
862.8
865.4
860.3
869
873.7
868
869
872
859.2
869.1
869.1
878
877.7
872.9
867.7
869.5
859.5
854.7
860.3
858.4
857.6
855.4
862
864.3
863.6
876.7
885
885.4
882.1
876.6
879.4
884.9
886.2
893.2
891.1
894
899.6
917.4
916
916.7
912
922
919.2
907.7
899.3
902.4
892.6
891.9
891.9
892.7
893.8
896.1
902.1
895.9
902.7
907.6
904.1
907.9
905.2
907.4
909.9
900.4
899.9
897.2
898.9
895.2
897.8
907.7
898.1
896.2
892.3
901.5
899
908.6
902.6
900.2
891.8
893.9
881.6
878.3
881
873.3
878.7
884.2
887.8
879.7
884.6
903.4
906.2
904.1
894.8
896
890.9
877.5
877.4
884.9
883.7
887.2
895.8
893.3
894.3
893
892.5
897.3
899.5
904.8
899.9
892.5
893.2
893.2
894.1
883.8
882.9
886.2
878.8
895
895.7
897.2
895.9
897
898.8
897.9
890.7
896.1
883.2
864.7
872.4
870.7
878
876.7
890.8
893.4
888.6
896.6
895.7
899.3
884
889
875.5
879.7
876.9
887.5
893.1
892
894.6
911.3
914.7
899.9
909.1
910.6
908.2
904.3
896.8
901.6
902.4
898.2
897.1
901.6
899.8
891.7
894.1
896.2
893.4
889.2
894.9
895
887.4
885.6
884.9
880.3
885.9
874
871.4
875.2
865.3
868.5
862.1
874.5
875.6
876.5
874.4
876.7
866.4
871.3
867
867.7
867.5
857.4
859.8
856.9
850.1
862.2
865.6
875.1
876.9
876.4
872.5
861.4
853
861
871.7
872.8
874.1
882.4
886
880.3
885.1
890.1
895.7
895.4
893.6
894.7
884.8
879.2
881.7
885.1
880.4
876.7
871.2
865.4
874.6
873.7
880.7
886.2
889.2
894.2
906.4
911.8
914.4
921.5
918.5
905.2
921.6
916
917.8
926.7
928.7
943.2
948.9
946.7
950.9
949.1
945.5
943.3
943.7
938.8
940.1
933.4
943.4
938
952.9
944.6
950
951.5
962
962
973
970.1
962.1
949.1
949
947.7
941.7
941.1
926.2
917.5
926
921.9
927.6
927.5
926.7
927.2
930.6
931.1
922.5
923.9
933.8
929
935.7
938.5
935.8
932
932
922.1
919.3
920.4
920.1
926.2
930.3
927.5
929.4
927.5
927.7
917.9
924.7
936.8
942.4
946
945.6
950.5
955.7
957.5
938.9
944.8
941.9
927
934.9
923.9
923.4
916.5
913.7
914.8
919.6
928.9
926.8
935.3
941.7
933.5
934.6
918.8
907.8
905.4
906.7
905.5
891
895.6
927.9
946.1
935.7
921.8
918.1
920.1
914.7
908.8
908.6
919.7
904.1
915.8
930.6
936.6
953.8
961.5
973
979.1
1004
1000.2
988.1
980.3
949.6
928.7
913.3
902.7
898.7
903.2
891.1
888.9
902
897.7
895
897.3
907.2
916
916.5
915.4
918.8
913.8
911.7
904.5
907.5
903.1
901.5
900.3
905.6
915.7
912.2
913
925.1
929.3
923.3
917.2
917.3
907.5
909.2
908.2
914.3
910.2
914.9
908.4
923.9
927.9
920.3
924.5
927.5
922.2
925.3
929
923.3
915.1
928.8
925.3
928.5
927.6
924.2
929.2
927.7
935.1
943.8
944.1
942.7
939.6
940.7
937.5
934.2
939.7
940.2
943.4
934.4
940.2
941.7
938.6
939.7
948.5
948.6
954.7
949.4
946.3
947.1
947.7
943.7
952.6
951.7
943.9
949.5
946.5
944.4
951.1
957.2
964.8
963
967.1
961.2
963.1
952.2
961.6
955.4
957.4
957.9
962.9
952.6
964.7
962.4
970
952.5
950.7
958.3
970.2
970.7
971.5
976.7
972.6
965.8
963.6
969.8
971
969.6
970.3
980
978.4
988.1
986
990.4
986.6
986.9
983.6
986.2
974
976.2
975
977
981.4
983.3
987.2
987.7
993.6
988.1
983.3
983
991.1
1002.6
993.2
992.8
976.3
983.6
979.8
980.9
987.4
990.7
995.3
989.6
1001.2
1004.5
1001.2
1005.3
1000.1
996.3
987.3
993.3
996.8
993.4
985.2
986.5
990.8
997.3
997.5
996.5
1005.3
1004.7
1008.8
997.7
999.1
992.4
998.9
990.3
999.4
992.7
993.4
997
1004.2
1012.9
1005.9
1011.1
1016.2
1008.1
1009.7
1004.3
1006.9
1002.9
1001.3
1002.8
1006.8
1005.5
1009.3
1014.2
1015.1
1023.3
1020.6
1021.5
1026.7
1028.1
1029
1017
1014.5
1029.9
1014.5
1015.4
1018.3
1019.3
1028.9
1030.1
1029.7
1041.6
1026.7
1032.4
1028.7
1037.9
1032.2
1028.7
1034.9
1041.6
1023.7
1034.3
1040.6
1039
1047.2
1049.1
1043.8
1057.1
1044.4
1044.9
1041.7
1038
1038.4
1039.7
1036.6
1044
1048
1045.6
1050.7
1047.6
1050.3
1056.6
1059.7
1048.7
1041.2
1041.2
1042.2
1044.1
1050.1
1037.3
1041.6
1043.7
1043.4
1044.6
1045.6
1051.9
1037.4
1031
1053
1032.9
1046.3
1043.8
1039.5
1040.3
1040.1
1031.6
1040.9
1043.9
1042.9
1041.3
1050.4
1053.8
1056.3
1049.9
1053.8
1052.1
1043.7
1045.8
1044.3
1052.6
1045
1039.9
1033.3
1043.3
1053.2
1042.1
1060.2
1046.5
1050.5
1047.4
1058.1
1047
1049.2
1043.7
1050
1048.4
1045.2
1044
1047.2
1045.7
1057.4
1051.9
1056.4
1058.5
1056
1064.1
1058
1053.8
1051
1048.6
1054.8
1034.9
1041
1048.7
1055.3
1054.6
1061.9
1061.5
1058
1061.1
1059.1
1060.2
1057.7
1057.3
1067
1056
1049.2
1051.2
1050.4
1053.3
1054.8
1059.8
1063.8
1081.8
1095
1103.3
1102.8
1109.8
1109
1114.2
1110.6
1100.8
1102.7
1102.6
1103.8
1095.6
1093.5
1098.5
1101.7
1106.8
1107.9
1109
1107.4
1108.1
1105.1
1101.9
1100.3
1093
1085.6
1085.8
1090.6
1094.1
1094
1089.8
1091.6
1091.5
1094.3
1092.4
1084.2
1087
1081.7
1081.3
1082.9
1066.9
1062.8
1054.2
1040.8
1048
1048.3
1050.1
1043.9
1046.3
1042
1031.8
1034.8
1021.9
1024.4
1015.8
1015.5
1002.2
1003.1
1001
1005.9
1000.9
1005.9
1009.4
1021.4
1021.2
1028.7
1026.8
1029
1030.1
1035.8
1043.9
1051.3
1044.3
1056.4
1054
1055.6
1055.8
1057.4
1057.4
1062.5
1056.1
1055.7
1046.2
1047.4
1046.8
1031
1028.9
1032.6
1026.7
1030.6
1036.9
1047
1052.7
1056.6
1060.9
1063.5
1055.4
1064.5
1042.4
1064.2
1045.8
1042.4
1046.3
1039.9
1038.1
1040.1
1045.1
1028.3
1028.2
1037.4
1042.1
1046.1
1043.3
1045.5
1026.9
1024.8
1041.7
1048.3
1046.6
1044.8
1056.7
1067
1079.5
1095.9
1100
1096.3
1092.5
1096.8
1091.2
1074.2
1069.8
1070.1
1063.1
1069
1066.2
1067.9
1052.7
1047
1048.7
1052.3
1046.4
1056.2
1054.4
1050
1049.8
1028.4
1020.5
1027.9
1030.9
1041
1043.3
1051.9
1050.5
1052.9
1061.9
1062.6
1057.5
1043.5
1034.2
1045.9
1049.7
1038.7
1028.6
1037
1047.5
1028.6
1033.5
1037.5
1036.6
1040.6
1039.3
1028.1
1029.6
1030.8
1019.7
1015.2
1014.7
1012.3
1018
1020.4
1014.1
995.2
1000.3
1008.1
1006.7
977.3
979.5
983.7
995.7
1003.5
993.5
987.5
994.1
992.5
977.1
972.2
981.2
998
1000.3
1004.4
1008.9
1012.9
1015
1017.8
1012.8
1015.4
1008.5
1003.5
1002.3
988
987.8
997.9
1002.6
999.5
996.8
1002
991.6
974.2
982.6
990.6
993.9
990.9
982.3
989.5
991.3
993.4
991.6
993.1
996.5
992.5
992.9
989.9
988.6
993.2
995.7
992
985.1
981
979.2
971.7
968.9
972.9
972.1
982.6
996.3
1006
1009.6
1000.5
1014.4
1009.4
1002.8
988.7
996
990.3
992.6
994.6
995.3
992.4
993.6
997.3
1005.7
998.2
1001.9
997.9
995.1
982.4
990
991.8
986.6
976.1
971.8
965.1
974
983.7
995
988.1
979
985.1
989.5
973.6
979.7
983.7
982.5
995.6
990.5
996.2
1000.4
998.5
1009.5
1011.7
992.7
991.6
1003.7
1012.5
1020.2
1034.8
1010.9
996.5
998.1
998.3
1005.2
1006.1
1011.9
1013.1
1009.2
998.5
995.2
980.7
988.9
1003.1
1010.1
1008.4
979.8
971.6
972.6
965.8
965.8
965.5
968.6
977.5
976.2
981.5
984.6
972.5
977.2
979
989.2
987.5
979
961.4
952.3
965.1
968.7
964.5
978.1
983.5
994.2
984.5
978.1
987.9
985.6
995.3
1003.7
1007.2
1004.3
1004.7
1001.3
997.8
1002.3
999.1
1001.6
990.5
1001.9
1001.4
1012
1028.5
1027.4
1020.7
1025.5
1006.8
988
981.4
976.3
988
996.1
1008.6
1001.8
988.1
974.8
968.2
965.7
965.3
960.8
949.7
964.3
961.9
949.4
960.3
959.5
972.9
963.3
971.3
966.1
957.2
958.9
971.8
978.3
975.4
983.5
983.3
979.8
967.7
955.2
962.4
962.9
968.5
965.3
965.8
968.2
963.7
981.3
976
974.2
968.5
951.7
964.4
959.8
954
942.7
955
966.6
974.5
978.6
978
980.6
989.2
993.1
986.1
969.8
950.4
972.3
982.1
985.2
974.2
976.4
996.7
991.1
1002.3
988.8
992.4
997.7
998.1
992.1
1008.5
999.1
982.9
973.8
968.7
973.4
964.4
965.4
966.6
964.8
959.1
961.9
954.2
962.6
957.4
955.3
950.6
949.1
949.3
940.8
934.4
925
921.8
925
939.8
949.4
937.5
949.1
951.4
942.7
940.3
938.6
926.2
939
930.2
936.8
933.1
943.4
944.7
957
990.2
1008.7
1010.5
1002.9
999.8
988.5
986.7
985.5
977.8
979.9
970.5
978.6
975.2
972.9
968.3
977.6
980.6
975.2
988.7
985.4
982.2
978.8
982.6
972.1
971.5
969.6
965.4
959.2
966.7
963.3
960
963.7
967.5
972.1
964.4
971.3
966.2
961.3
966.3
953.8
949.3
948.6
953.2
950.5
945.4
944.9
949.7
959.3
954.5
959.1
952.5
957
955.2
944
947.1
939.4
941.3
939.3
938.2
939.6
933.1
939.7
938.8
946.4
956.9
945.3
940.8
943.7
943.4
939.3
939
934
939.2
942.8
938
929.1
938.1
940.3
934.7
932.4
934.7
940.7
936.8
929.3
920.8
926.4
922.1
918.6
920.1
918.2
921.3
919.5
920.8
922.5
922.1
930.2
931
917.2
920.4
912.3
916.3
915.3
915.7
908.6
918.8
911.8
911.8
906.1
911
915.1
915.5
916.6
912.3
916.4
909.2
904.8
903.8
899.6
899
896.5
896.1
900.1
903
896.8
907.4
909.3
903.9
901.8
906.2
891.6
892
889.5
885.2
889.1
887.2
886.4
891.9
893.1
893.5
892.2
896
895.9
890.6
888.8
891.8
880
877.7
880.5
879.5
879
872.6
873.4
883.4
884.5
882.2
894
886.5
887.2
883.2
884
875.8
868.8
873.8
862.6
868.4
868.1
871.4
870.6
873.4
876.3
873.4
874.9
879.9
867.5
867.8
870.8
866.8
862.7
854.9
852
856.7
856.6
849.7
861
866
865.1
873.3
863.7
868.1
863.8
862.1
852.1
860.3
853.3
850.3
851.6
856.9
847.3
857.2
853.8
853.6
856.2
847
848.9
851
844.5
849.1
841.1
842.8
837.7
840.6
836.6
835.2
838.8
841.9
844
845.7
844.4
850.5
852.1
844.7
837.1
834.4
837.6
838.6
829.9
833.8
832.4
832
835.4
834.8
841.2
843
841.9
838.7
839.9
837.8
831.6
832.5
826.7
828.6
819.6
818.5
824.6
822.6
822.6
828.2
835.8
832.5
834.1
828.6
828.9
817.1
825.9
825
818.8
816.7
810.8
815.6
813.9
825.4
824.5
830.7
822.3
817.9
819.3
814.8
820.3
815.5
814.5
815
806.8
810.9
808.2
812.3
814.1
814.3
811.6
816.8
816.7
816.1
816
811.7
807.4
804.1
806.2
808.2
802.4
805.5
806.7
807.9
810.9
812.4
813.6
807.8
815.1
804.5
801.7
792.9
797.9
797.6
788.7
798.3
798.5
794.4
801.9
797.4
802.7
800.4
812.5
799.9
796.6
788.6
797.3
790.6
791.5
783.7
789.7
783.4
793
798.1
803.1
796.6
798
801.6
798.3
792.8
788.4
787.8
784.4
780.6
782
779.4
782.9
790.5
794.2
789.3
793.7
786.2
785.8
788.1
781.9
778
776.1
775.7
778.4
772.8
778.6
776.4
781.9
787.9
788.7
776.3
785.6
779
779.6
772.3
770.4
771.4
769.4
771.4
772
767
771.7
772.1
775
779
780
766.8
779.8
772
769.9
773.2
764.2
772.6
765.1
770.7
768.7
772.5
772.9
776.2
782
776.9
781.1
776.9
768.7
773.4
764
765.4
763.5
759.9
766.6
761.8
764.6
767.9
764.5
774.9
772.8
768.9
768
765.2
759.7
749.1
757.8
757.6
751.9
758.7
755.6
759.5
758.2
759.7
765.4
766.7
764.4
767.6
762.8
742.6
754.8
750.8
749.2
757.9
749.6
757.9
759.2
755.9
