553.8
545.9
541.8
542.2
541.1
547.5
536.1
541.7
541.4
542.6
540.8
539.4
542.1
549
549.3
548.3
545.1
553
540.5
542.7
550.3
533.1
536.3
537.9
544.7
546.5
543.3
545.4
545
555
548.3
555.2
573.9
562.6
550.7
546.8
546.9
545.1
550.7
556.1
552.4
557.5
561
565.2
573.9
570
578.4
592.9
594.4
590.1
596.7
611.9
612
618
618.3
607.3
608.3
601.8
603
600.8
606.3
607.9
605.8
612.9
622
636.2
637.2
643.4
644.7
637.7
647.9
645.7
648.7
648.2
647.9
654
653.2
659.6
650.8
652.5
651.7
656.7
653
664.3
658.5
662.5
666.4
668.1
662.2
667.8
678.9
664.8
670.1
668.6
681.4
679.9
673
677.8
676
675.4
671.5
688.3
694.4
687.4
695.2
697.7
691.2
698.2
697.7
698.3
696.4
699
696.4
696.9
691.3
706.9
712.9
718.9
723.4
727.8
724.9
727.4
730.9
722.5
722.8
725.9
717.1
718.2
717.2
716.6
715.5
717.6
723.3
729.9
737.4
745.3
737.4
736.1
736.3
730.1
732.5
736.9
737.4
733.7
743.6
733.9
739.9
744.6
745.8
754.6
758.7
757.6
754
749.3
742
747.9
747.8
748.3
750.1
751.5
760.1
755.6
763.4
763
767.9
769.4
767.6
771
770.6
764.7
765.6
768.1
772.1
772.4
776.9
781.2
774.6
777.7
777.7
781.8
786.6
788.8
789.2
790
777.5
783.5
781.5
770.1
776.1
780.8
781.5
788.1
793.8
785.1
795.1
799.8
801.2
795.6
808.4
812.7
808
799.1
798
798.7
805.2
795.8
795.1
801.6
791.9
811.4
815
811.6
816.4
816.8
812.9
806.3
811.7
815.1
806.2
808.1
811.4
813.4
819.6
815.5
818.4
823.3
818.6
825.5
829.7
833
828.5
832
821.6
816.8
816.3
820
828.1
829.2
823.3
827.3
837.8
839.8
834.9
842.2
846.8
844.8
835.3
833.2
834.4
837.1
834.5
841.1
838.4
842.6
845.4
846.3
851.4
848.7
852.3
848.3
848.6
846.4
858.5
851.5
848.7
856.7
849.9
852
852.6
855.9
858
860.6
862.7
859.8
856.5
853.1
855.2
852
860.6
858.2
863.1
867.9
871.3
873.8
871.4
878.4
879
875.9
879.4
881.1
878.4
874.5
879.4
879.5
880.4
878.2
877.4
876.8
883.4
884.5
890.1
891.3
897.1
896
906.2
899.9
901.4
897.9
896.8
895.4
893
894.7
900.7
895.4
908.9
908.4
911.3
913.7
911.6
910.8
912.8
905.5
902.9
889.7
904.8
899.8
906.5
908.5
916.1
921.1
915.4
921.8
930.4
932.8
933.9
922
923.7
919.9
917.7
919.4
918.5
919.2
915.8
920.1
932.5
930.7
934.1
936.7
942.5
935.5
929.1
930
928
927.2
929.1
923.2
932.8
929.7
926.5
939.1
931.9
939.1
938.9
948.4
949.5
941.8
944.8
943.4
944.3
950.2
943.7
939.1
951.6
951.1
959.3
957.2
954.2
959.8
965.1
972.2
966.1
960.8
969.5
963.2
959.5
946.3
956.9
965.2
970.3
959.8
968.5
964.3
965.2
970.2
970.2
972.5
978.1
970.3
972
971.3
975.9
971.5
972.6
977.9
971.9
975.8
979.1
980.3
979
986
989.4
980.1
981.2
973.6
977.3
979.7
972.6
988.5
982.3
986
994.1
995.3
998.4
1009.4
1007.1
998.7
1000.7
1008.1
1001.3
996.7
995.9
989.5
991.5
986.7
986.9
1000.1
998.9
999.5
1016.3
1016.6
1014.4
1017.4
1009.3
1005
1003.1
998.9
1007.7
1011.7
1007.1
1014.1
1008.5
1012.3
1010.1
1019.9
1022.9
1027.2
1022.3
1028.4
1029.8
1021.2
1014.2
1013.8
1005.2
1004.9
1005.8
1008.5
1017.7
1031.1
1023.7
1028.5
1025.2
1033.5
1030.2
1025.1
1013.5
1022.8
1016.2
1019.6
1022.3
1021.4
1022.6
1029.6
1030.5
1039.3
1030.5
1043.9
1037.6
1027.5
1028.7
1028.3
1018.2
1027.9
1025.5
1029.4
1028.9
1031.6
1039.9
1042.1
1034.4
1036.7
1041.1
1042.2
1036.6
1029.7
1025.2
1034.6
1036.3
1035.4
1046.4
1046.7
1053.4
1054.3
1052.6
1053.9
1056.7
1055.4
1062.8
1056.3
1041.8
1044.9
1046.8
1044.1
1044.1
1045.8
1045
1054.5
1051
1053.6
1055.8
1055
1059
1061.7
1061.5
1057.1
1057.4
1056.6
1058.8
1057.2
1060.9
1054.9
1063
1064
1060.3
1060.6
1064.5
1060.1
1056.3
1060.8
1058.8
1053.4
1053.1
1051
1051.4
1050.8
1061.7
1064.1
1068.2
1076.4
1073.3
1079.1
1076
1075.2
1064.4
1069.9
1070.1
1065.8
1057.4
1073.7
1066.2
1069.8
1067.5
1074.1
1080.5
1078.3
1077.1
1085.5
1085.5
1089.9
1081.5
1077.7
1070.5
1070.1
1068.1
1070.8
1071.6
1076.1
1067.5
1072.9
1082.5
1075.8
1082.6
1084
1087.8
1086.5
1078.8
1073.9
1076
1079.3
1091.9
1084.2
1089.4
1081.1
1080.3
1079.2
1086.4
1085.3
1087.4
1093.4
1088.8
1091.5
1086
1086
1083.8
1080.9
1087.7
1083.2
1089.6
1092.2
1094.6
1093
1099.4
1095.8
1095.8
1108.5
1090.5
1093.8
1105
1088.8
1094
1097.1
1096.3
1097.9
1096.5
1102.6
1108.3
1110
1111.3
1112.7
1112.5
1113.6
1109.7
1110.3
1109.7
1110.2
1106.7
1109.4
1111.5
1109
1113.1
1118.4
1114.1
1110.1
1115.7
1116.5
1121.3
1109.4
1111.5
1102.7
1098.6
1105.9
1106.4
1113.8
1108.1
1113.8
1103.3
1106.2
1109.6
1115
1115.2
1114
1112.8
1108.2
1114.5
1118.5
1121.7
1113.4
1117.9
1124
1131.6
1135.2
1140.2
1128.7
1136.4
1129.1
1124.4
1122.8
1121.5
1111.5
1113.7
1119.1
1113.9
1116.6
1114.7
1126.4
1117.2
1131.3
1133
1129.8
1132.5
1126.2
1124.8
1126.4
1129.5
1124.4
1121.9
1115.9
1120.9
1115.2
1120.4
1129
1128.9
1137
1129.8
1126.2
1127.1
1123.4
1124.4
1124.4
1122.1
1124.7
1118.9
1124.4
1125.7
1123.9
1126.8
1130.5
1133
1142.5
1137.6
1128.6
1137.3
1135.6
1140.7
1142.3
1140.3
1129.9
1136.9
1140.5
1138.3
1144.3
1146.5
1148.7
1153.7
1143.3
1148.4
1139.3
1148.6
1145
1144.9
1142.5
1141.9
1133.6
1139.1
1143.4
1141.8
1149.6
1154.7
1157.7
1140.6
1151.5
1149.2
1139.6
1147.2
1150
1144
1150.5
1147.6
1145.7
1150.5
1159.5
1159.6
1158.4
1160
1163.9
1146.3
1145.4
1146.6
1146.8
1142.5
1148.5
1146.3
1137.1
1144.5
1144.1
1157.3
1149.5
1149
1147.2
1151.3
1151.2
1153.1
1149.1
1146.8
1148.2
1143.5
1141.2
1141.7
1150.8
1155.1
1162.2
1153.8
1161.6
1160.8
1154.8
1163.7
1161.6
1165.4
1156.6
1149.6
1155.8
1153.1
1152.3
1152.1
1156.7
1156.7
1160.6
1161.1
1172.1
1171.1
1169.7
1165.2
1173
1165.9
1161.1
1159.9
1158.8
1154.5
1158.6
1171.4
1167.8
1170.2
1180.6
1171.4
1177.7
1170.4
1172.5
1168.3
1166.7
1159.4
1170.7
1173.9
1164.3
1173.2
1175.8
1175.8
1182.9
1186.2
1179.5
1178.4
1175
1180.3
1177.8
1174.1
1180.6
1176.1
1180.1
1174.8
1175.1
1171.2
1177
1179.2
1186.7
1192.5
1187
1188.6
1186.3
1187.1
1179.1
1185.8
1176.7
1181
1171.8
1176.7
1179.5
1185.9
1188.1
1182.1
1192.6
1198.9
1192.8
1187.5
1184.8
1171
1169.8
1174.4
1168.3
1178.2
1175.6
1183.6
1187.6
1183.9
1190.6
1193.1
1191.8
1195.1
1191.8
1190
1185.7
1180.6
1187.8
1178.3
1178
1188.7
1189.3
1186.9
1193.8
1190
1182.3
1181.6
1175.8
1175.4
1181.3
1179.3
1178.9
1170.4
1176.8
1166.4
1174.2
1165.8
1165.6
1166.2
1171.3
1180.6
1173.3
1170.4
1175.1
1164
1162.9
1161.7
1158.4
1163.2
1168.2
1161
1165.7
1166.1
1171.8
1162.7
1162
1164.4
1169.6
1164.4
1162.7
1165.8
1159.1
1156.4
1160.9
1156.7
1147.7
1151.3
1142.6
1160
1152.1
1159.7
1152.8
1161.6
1157.7
1149.3
1152
1158.5
1149.6
1144.3
1141.1
1140.8
1146.3
1144.1
1151.6
1153
1153.7
1153.3
1151.1
1146.8
1144
1144.7
1137.8
1132.3
1133.5
1124
1129.9
1132.6
1128.8
1133
1132.3
1136.4
1143.7
1137.4
1138.1
1134
1132.5
1128
1120.4
1124.5
1125.5
1120.7
1127.9
1118.3
1128.2
1124.9
1130.8
1128.2
1120.2
1119.5
1117.2
1116
1107.2
1105.2
1106.9
1103.4
1106
1102.6
1106.1
1103.4
1102
1104.2
1107.3
1103.3
1105
1105.2
1096.4
1096.3
1100.2
1092.4
1087.7
1091.5
1093.8
1086.1
1086.6
1087.8
1090.8
1098.4
1099.5
1097.9
1098.4
1097.1
1096.3
1092.8
1094.8
1085.7
1084.3
1081.4
1085.1
1078.7
1083.2
1087
1086.6
1088.3
1087.7
1085.1
1089.1
1083.8
1076.3
1080
1071
1074.2
1077.2
1070.2
1077.6
1073.3
1072
1074.8
1076.5
1083.6
1085.8
1080.5
1074.3
1070.4
1059.5
1061.1
1054.1
1050.1
1056.3
1056.7
1054.7
1064.2
1058.2
1064.5
1059.9
1055.1
1049.2
1047.3
1038.5
1035.7
1038.3
1027.1
1017.3
1026.6
1016.6
1020.3
1016.6
1020.5
1025.1
1017.1
1016.1
1004.9
1003.3
1004.1
995.4
999.1
990.6
983.6
984.3
984.9
987.8
987.3
984.2
988.3
992.1
988.8
978.3
977.2
968.9
965.6
968.7
955.2
962.5
966
957.3
959.6
959.4
963.2
965.3
966.2
963.7
959.7
952.7
946.7
945.4
943.7
947
939
933.4
929.8
936.2
936.2
943.1
940.5
943.5
949.8
940.8
930.2
926.5
925.2
919.2
910.9
914.5
914.2
911.5
907.8
912.2
918.7
919.6
918.7
916.4
916.9
917.2
909.4
899.4
904.5
901.1
893.2
899.4
895.6
888.9
895.6
901.1
894.3
891.9
898.6
893.3
895.5
879.1
881.8
880.9
876.9
864.5
874.7
868
863.2
866.6
869.8
870.4
865.6
864.9
862.9
861.3
859.9
853.1
859.6
847.8
834.1
841.8
834.9
834.6
836.6
833.6
846.1
839.9
835.6
838.9
837.8
826.8
831
830.6
817.4
820.4
816.4
819.4
817.5
818.2
821.4
816.6
820
808.4
816.7
818.9
819.3
815.9
809.3
805.6
801.5
789
800.6
790.2
791.4
787.4
789.2
787.6
789.5
787.2
791.6
784.2
787.9
776
783.1
771
765.1
776.5
763.5
775
773.8
768.9
764
766.5
767.9
767.2
760
752.4
754.2
749.8
751.8
749.1
744.8
748.1
747.6
744.2
752.8
751.4
746.1
743
749.5
744.2
742.1
735.9
731.6
729.5
731.9
726.5
726.7
722.8
731.3
730
727.8
729.4
733.7
730.9
730.6
718.9
719.5
713.6
716.5
715.8
708.9
713
712.9
709.5
714.2
715.8
715.3
714.2
711.6
735.2
742.3
741.4
718.7
705.2
703.5
699.6
704.5
708.4
705.7
708.2
710.8
713.3
713.6
723
723.7
724.2
724.8
728.5
726.7
726
724.9
735.7
732.3
740
741.9
741.5
744.3
745
752.2
753
753
747.1
746.3
752.1
750.2
743
744.1
747.4
747.2
761.3
760.6
763.6
768
763.3
758.8
759.1
756.2
759.6
757.1
758.7
751.2
749.5
756
755.9
763.2
756.2
761
759.1
762
761.3
762.1
759
756.6
756.9
755.2
756.6
760.9
760.9
756.9
767.8
758.8
771.4
770.8
771.4
768.1
766.9
767.5
758.9
757.3
761.7
761.5
761.5
757.9
761.7
759.5
772.3
773.4
770.3
772
771.1
774.6
769.1
765.4
764.9
760.3
763.2
757
760.6
759
763.6
775.5
772.7
770.9
770
775.8
778
773.4
770.5
764.5
766.4
768.8
772.5
763.3
765.4
769.6
774.8
778.5
782.3
782.2
788.6
781.9
785.1
778.7
785.2
777.2
778.1
776.1
778.9
773.5
777
776.3
783.9
783.9
787.6
786.1
785.9
792
792
787.6
783.6
785
781.2
779.8
778.3
786.7
781.5
783.2
791.4
788.2
792.1
808.5
797.1
795.8
790.9
790.5
787.8
789.1
791.6
787.8
795.4
793.1
794.3
797.2
802.2
808.1
801.7
810.4
804.4
797.5
799.4
800.5
793.5
797
792.5
801.7
801.4
806.7
809.4
810.3
809.1
810.3
815.1
807.1
803.4
811.3
807.3
810.1
807.3
806.8
806.9
807.1
814.6
815.8
821.4
819.1
816.8
823.5
815.4
814.2
814.2
802.3
807.6
812.8
805.9
806.6
811.5
816.2
815.2
818.9
817.7
820.8
820.8
813.8
810.8
816.3
809.5
823.4
816.6
821.2
824.7
830.6
821.3
819.8
823.9
823.2
828.9
825.4
824.6
815.1
816.1
817.5
822.4
819.3
819.6
819.1
816.5
823
830.6
830
828
834.1
834.5
831.3
825.7
821.7
820.9
823.1
825.9
825.2
822.7
834.3
841.7
838.6
842.7
842.7
839.7
843.9
838.3
832.8
835.7
835.3
835.9
830.8
834.1
836.6
842.2
842.1
844.8
843.8
841.9
841.2
838.8
838.8
837.9
833.6
834.8
833.9
821.6
830.6
824
834.3
830.6
837.8
837.6
848.6
832.7
835.2
836.5
822.3
825.2
826.2
818.3
827.9
827.5
822.4
815
830.1
827.2
830.5
834.3
839.5
833.4
834.8
834.6
835.3
824
828.9
827.5
823.8
827.4
824
832.3
836.4
835.3
841
839.9
839.8
840.2
830.3
835
835.6
829.2
827.5
835.6
832
834.8
834.9
840.9
838.6
841.5
843.7
849.4
839.6
842.1
834.3
834.4
834.6
835
837
841.5
833.7
844.6
847.4
845.7
850.3
847.7
854.8
856.3
848
850.3
842.9
848.9
842.5
854.2
846.7
849.7
859.8
853.4
854.8
852.8
860.8
854.8
849.5
848.8
844.3
844.3
842.9
836.5
838.3
840.2
839.7
845.8
849
857
860.8
852.6
852.7
836.1
839.9
840.6
839.5
831.7
829.5
834.6
836
833.4
840.2
844.2
847.7
845.5
841.4
845.5
842.7
836.3
842.2
834.8
834.1
834.7
839.6
841.2
841
841.8
843.6
842
850
851.8
843.4
845.6
841.9
839.6
844.1
841.2
840.7
842.1
843.2
846.5
852.5
847.4
847
851.8
846.9
852.1
849.7
846.3
853.1
860.5
859.3
859.9
870.1
870.9
879.9
883.6
893.4
893.4
894.6
901.7
905.6
899.5
902.1
902
897.3
897.1
904.2
907.9
905
907.6
902.5
916
913.8
931.6
927
922.6
923.9
926.8
916.8
920.7
914.8
912.3
915.8
915.3
923.5
920.6
927
926
932.7
933.1
930.3
934.8
933.1
922.2
927.5
917.6
902.4
897.6
905.1
910.1
921.1
924.2
923
921.7
908.3
912.6
909.4
911.2
909.8
911.7
918.2
896.2
909.3
914.9
918.2
927.6
915.4
925.3
928.2
926.4
920.2
921.5
916.7
919.8
919.9
919.7
923.7
905.6
904.4
908.8
915.6
911.8
917.3
924.7
920.8
926
930.3
922.2
917.3
923.1
911.9
917.2
916.3
922.4
923.4
927.7
932.5
927
928.7
933.8
931.7
921.3
927
922.7
925.9
923.1
922.7
925.4
927.1
923
932
935.1
935.2
933.6
939.4
938.8
944
938
937.3
931.4
938.2
936.9
933.6
934
947.5
949.4
956.6
953.5
950.9
958.6
956.3
957.3
959.9
954.2
951.7
949.3
951.3
941.5
946.1
954.2
953.8
957.6
961.7
963.3
967.1
964.3
961.2
957.7
962.8
952.8
955.4
955.5
959.6
956.4
956.5
959.5
956.3
958.2
957.6
963.1
963.7
962.2
956.7
954.4
955.8
954.9
959.7
960.4
962.4
946.7
958.4
957.8
964.8
963.7
964.4
970.1
966.8
968.9
963.7
960.2
962.5
958.9
959.2
961.2
959.2
970.2
980.7
976.4
976.4
982
969.7
976.5
969.6
968.5
966.9
966.4
962.8
968.4
971.1
966.9
967.9
981.9
978.3
980.6
978.9
978.5
976.3
971.1
970.8
976.7
964.4
959
969.6
970.3
958.9
958.5
961
969.1
974.2
972.9
974.7
976
960.6
960.8
950.9
954.4
947.6
948.6
940.5
940.7
943.3
944.9
953.6
936.3
951.1
951.2
965.6
956.3
957.4
957.5
946.5
948.2
949.1
949.8
940.2
945.2
950.4
948.3
958.7
960.4
963.4
963.5
970.8
981.4
974.4
972.3
978.1
979.9
983.4
975.9
973.3
974.2
967.9
984
972.6
977
976.6
973.3
967.1
970.4
965.1
960.7
953.5
950.5
961.9
962.6
970.8
975.8
976.1
984.8
985.2
989.5
987.3
990.8
990.2
990.8
997
989.6
994.2
997.7
994.4
989.7
997.4
994.2
1006.8
1003.6
1014.4
1024.5
1020.2
1015.6
1017.8
1012
1006
1009.7
1008
1004.7
1009.3
1000
1003.2
1006.2
1017.2
1026.8
1011.1
1021.8
1048.4
1061.2
1044.1
1027.5
1021.5
1015.8
1003.6
985.8
986
995.6
993.4
997
994.1
997
999.5
993.1
994.1
986.8
986.9
977.5
982.8
979.5
977.7
981.8
980.8
992.3
999.2
997.6
1001.7
1004.8
1009.5
1000.8
994.3
1002.4
993.9
993
1000.1
986.9
992.3
992.4
994.4
998.4
1009.2
1005.7
1009.1
1009.5
1018.5
1006.5
1005.5
1004.4
1004.5
1007.8
1013.9
1006.2
1003.5
1005.1
1006.1
1018.6
1010.8
1016.1
1017.1
1019.8
1016.3
1013.5
1009.1
1008.8
1011.3
1008.3
1001.4
1003.9
1010.5
1013.6
1011.8
1015.5
1018.7
1015.1
1013.6
1009
1008.8
1008.6
1003
1007.2
1002.4
995.1
1009.3
999.9
1003.7
1005.5
1011.7
1016.9
1016.9
1012.3
1013.9
1016.2
1016.1
1004.4
1000.2
996.7
999.1
992.7
997.3
998.5
1006.4
1008.3
1002.5
1001.9
1015.5
1008.3
1003.4
1004.8
998.2
998.6
999.9
992.4
997.2
991.6
996.9
993.2
1003.3
1009.3
1010.8
1008.5
1004
1007.1
1002.7
995
995.7
991.9
988.1
986.2
985.1
989.7
994.7
990.4
1004.9
1003.9
1005.2
1000.6
1007.5
985.1
991.6
987.7
983.3
970.9
958.4
952.9
965
967.8
970.3
968
973.7
960
957.6
955.2
948.6
939
944.7
935.2
931.9
929.1
933.1
933.3
935.4
930.6
923.2
929.3
931.7
934.7
934.2
940.2
940.2
928.7
932.1
935.2
931.5
935
939.1
945.6
937
941.2
943.9
942.1
947.9
938.8
934.7
933.7
932
927.6
930.4
927.8
927.4
933
955.5
977.2
960.8
947.4
951.3
954.6
955.8
944.9
946.9
950.2
951.2
954
953.4
957.4
963.3
965.9
973.8
971.8
971.8
973.6
968.4
979.1
974
973.1
967.6
970.7
964.8
965.2
964.3
953.2
968.5
973.3
974.3
978.1
982.8
968.2
966.9
957.7
929.8
932
927.9
920.9
925.5
920.7
919.6
925.8
934.3
951.5
945.3
923.1
913
920
920.2
920.9
915.8
927.3
936.4
931.1
943.1
949.6
936.9
926.4
935.5
938
944.5
923.4
918.2
908.8
900.6
917.1
924.5
930.3
932.6
937.1
926.4
933.8
931.7
943.1
943.1
936
933.2
931.8
926
925.1
924.2
930.7
927
930.5
936.8
933.7
934
941.1
937.2
949.3
938.3
942.3
931.8
934.6
929.3
919.9
917.3
918.8
924.7
926.9
932.6
931.6
932.4
932
935.4
934.1
936.5
924
924
928.8
918.6
926.4
923.1
925
933.9
929
933.3
932.7
937.3
933.4
934.9
931.1
923.5
927.3
926.9
922.5
926.3
915.2
908.2
900.2
902.6
914.8
912
922
924.5
923.4
921.8
924.1
918.9
912.1
918.3
911.8
912.9
919.9
916
918.2
916.8
921.4
939.1
956.7
962.3
945.4
942.4
943.4
937.3
930.9
932.4
933.9
926.1
930
925.3
936.4
941.7
943.2
940.4
933.6
941.3
934.2
928.9
934.7
928.2
930
926.1
923.9
914.2
928
908.7
909.9
915.2
914.2
917.3
913.2
904.1
904
894.5
899
895.1
901.4
893.9
896.2
899.8
892.5
897.5
897.7
894
903.5
896
903.7
901.5
899.1
887.2
892.6
885.7
882.5
880
887.4
884.9
887.1
897.2
897.8
895.6
882.7
884
877.9
887.3
884.9
879.7
874.8
877.5
878.9
874.4
883.1
880.9
889.8
888
883.4
881.3
883.7
877
880.5
872.3
862.2
867
867.1
865.8
866.5
863.3
862.5
871.8
871
877
878.9
862.4
864.6
861.9
864.6
863.5
863.5
860.3
868.1
863.2
874
871.7
869.3
871.7
872.1
866
866.8
866.4
869.4
868.6
864.1
861.3
858.6
855.8
854.1
858.6
862.5
867.6
860.4
858.4
852.4
853.6
855.6
848
843.9
854.5
838.3
845.9
851.2
850.2
851.2
856.2
849.5
850.5
853.5
848.2
847.3
860.5
861.6
856.6
867.3
867
875.1
877.6
880.8
882.1
892.6
888.2
892.3
895.1
890.7
893.5
893.7
889.9
892
898.1
893.3
894.2
901.6
902.7
908.3
911.5
924
923.3
920.7
926.5
922
919.4
921.1
920.4
926.7
920.7
920.5
930.2
939.8
944.8
936.9
939.3
934.2
939.8
939.6
928.6
930.9
925.7
917.7
914.5
923.2
927.5
929
932.4
935.1
937
935.4
938
936.6
925.1
929.6
925.2
920.7
924.9
924.7
925.3
926.9
937.6
939.2
939
936.3
935.7
936.5
937.8
931.4
930.1
931.5
927.4
918.4
920.6
925.1
923.8
922.9
926.1
930.5
934.6
941.4
941.4
941.2
944.1
943.5
935.2
924.2
930.9
932
934.2
934.9
934.2
936.9
945.3
948.5
945.2
943.1
941.4
936.9
935
927.7
924.7
924.7
924.5
928.1
926.8
930.9
936.1
937
938.1
948.7
946.5
951.5
951.7
947.3
956.2
949.7
938.4
935.1
942.7
939.7
943.5
948.6
938.1
955.4
951.7
949.5
948.5
943.2
938
935.7
946.8
933.8
932.5
944.1
938.3
939.9
913.5
916.9
911.6
922.6
920.3
916.9
923.1
930.3
928.5
927.9
928.8
919.4
911
906
910
899.6
906.6
925.1
921.4
924.3
919.1
923.2
918.7
914.4
913.5
914.6
916.6
915.9
915
912.4
908.7
911
909.4
906.4
913.2
915.8
905.5
916.9
915.4
911.2
912.5
901.8
885.5
878
884.2
892.6
892.1
889.1
887.7
888.3
890.7
888.4
869.3
870.8
856.1
855.1
863.4
861.7
846.7
844.2
849.2
858.1
853.9
848.2
859.7
866.8
865.3
860.6
850.1
850.2
855.8
853.1
854.1
853.4
859.2
855.2
848.5
846.6
843.1
845.9
844.1
840.6
849.6
838.7
832.3
828.5
826.6
825.3
823.8
823.2
820.4
836.8
835.2
830.3
834.5
830.2
842.9
838.9
839.6
848.4
841.4
845.5
849.4
845.5
841.3
840.8
845.8
843.1
848.7
845.2
844.1
832.6
825.6
825
821.4
828.8
830.8
834.8
840
838.5
840.6
852.1
857.6
847.6
852.9
841.6
838.4
829.4
822.9
822.1
819.6
811.3
814.4
817.3
814.9
809.5
812.8
825.8
826.6
842.6
828.4
837
836.8
841.1
836.4
835.7
836
834.2
833.8
826.1
827.8
827.5
837.2
842.6
843.2
848.5
846.7
847.8
844.2
839.9
837.6
834.1
838.1
838.5
847.2
847.5
849.7
851.2
858.9
851.6
851.9
856.4
850.4
858.6
855.9
857.9
859.1
856.2
854.8
858
861.9
866.2
864.6
871
869.1
866.3
861.6
858.9
864.3
863.7
861.9
859.7
857.5
839.8
838.5
843.7
858
858
859.2
856.6
845.3
848
843
841
845.7
839.1
845
834.1
829.1
832.6
825
833.8
829.8
826.9
833.3
833
835.3
833.8
819.8
821.3
810
815.2
814.7
796.4
811
810.5
805.1
812.1
820.2
822.7
820.9
816.5
818.9
812.8
815.6
819.9
810.8
800.9
799.1
795.3
799.3
802.7
802.9
812.8
818.3
819.7
817
819
815.6
811.5
816.3
809.8
807.3
802
799.7
802.2
796.9
798.2
807.9
793.4
798
790.5
793.9
799.2
803.1
787.8
778.9
771.4
772
784.8
785.5
784.1
777.2
775.7
775.5
784.2
789.1
798
793.2
791.6
773.3
756.7
758
763.8
772
781
793.6
802.7
796.4
802.6
798.4
806.2
804.5
805
808
803.3
807.2
800.5
791.2
801.8
810.8
808.4
829.9
834.8
825.1
834.8
841.4
846.1
836
821.3
816.9
818
809.4
810.9
811.9
812.2
815.2
815.6
811.8
819
821.2
817.5
820.8
808.8
807.8
817.4
806.9
796.3
807.4
799.1
801.6
803.1
806.9
803.4
814.3
811
802.7
803.7
808
798.8
798.1
791.5
790.4
786.9
788
783.2
793.3
786.1
792.2
793.8
796.6
790.1
800.2
787.1
785.7
786
782
781.3
776.4
781.9
773.2
775.6
780.6
779.1
782.4
783.2
779.7
780.6
779.8
772.4
768.5
764.7
763.9
762.6
762.5
758.2
761
762.4
764
767.1
773.1
765.8
763.2
758.1
755.6
750.2
754.2
750.5
750.9
744.1
752.1
749.6
755.2
755.1
752.3
759.2
753.9
748.3
750.2
746.1
743.7
739.7
738.8
733.8
736.4
740.2
731.7
735.8
740.2
739.2
740.3
732
741.3
742.2
732
734.4
726.6
731.4
731.1
730.5
728
723.9
727.1
731.2
730.5
727.7
732.8
732.3
724
720.8
723
718.5
712.8
717.8
704.5
714.6
713.4
719.5
724.3
714.7
724.1
725.5
716.8
710
708.9
703.4
705.6
698.9
698.3
697.8
697.9
702.8
703.6
705.1
707.1
714.9
707
702
699.6
692.3
695.6
691.1
683.9
688.3
690.9
686.1
689.5
689
690.1
693.9
693.9
695.9
692.2
685.8
684
683.5
681.9
676.7
682.8
677
673.9
677.6
682.2
676
679.7
683.7
685.6
678.6
683.3
678.4
664.1
670.7
670.7
673.5
669.8
669.4
668.7
667.9
670.2
669.4
681.4
671.5
678.7
663.6
667.8
665.3
666
670.6
661.4
659.4
662.4
663.8
666
666
672.7
667.5
669.3
669.8
663.4
668.8
659.9
659
656.4
653.3
652.7
653.3
656.8
654.1
657.4
656.1
656.5
659.2
668.1
661.2
661.6
656.3
652.1
647.6
648.5
649.1
645.8
647.2
651.1
650.8
656.4
655.7
659.3
654.5
656
649.9
647.5
645.7
648
637.9
639.3
643.8
638.4
637.4
648.1
645.1
646.3
648.9
649.3
649.1
645
644.8
632.3
635.3
634.4
633.2
628.9
630.5
634.4
632.6
638.8
637.6
640
641.7
634.1
645
639.3
632.4
624.7
629.3
626.1
629.9
631.9
627.2
635
636.4
635
642.4
641.2
641
634.3
631.6
628.7
624.3
623.5
621.2
623.2
625.5
629.5
633.4
636.2
637.8
638.9
631.2
633.6
630.6
623.2
619.4
622.3
622.3
620.2
619.9
625.4
624.5
627.1
628.4
624.2
633.5
631.3
632.1
624
623.9
626.6
619.9
625
617.3
617.1
619.3
628.3
628.6
629.3
630.4
629.5
627.8
626.4
623.4
623.8
619
614.4
615.7
614.8
616.9
614.4
624.5
620.3
622.3
625.3
627
623.7
627.3
623
617.7
614.4
618.7
612.7
619.8
614
615.2
618.1
619.4
621.3
626.4
621.2
623
615.6
614.9
613.7
614.7
607.2
604.9
611.7
609.5
610.2
612.9
620.1
614.6
620.1
611.1
623.5
617.5
