550.2
541
539
539.4
549.2
552.3
555.4
563.2
587.5
602.8
606.1
606.7
611.5
621.3
623.8
630.9
622.1
622.2
619.3
630.5
631.8
629.7
631.7
639
652.3
653.9
655.9
656.2
658.5
660.5
659.5
655.8
670.6
679.1
678
675.4
679.4
680.6
683.7
678.4
685.4
686.1
697.3
700.4
704.1
707.5
705.7
704.3
703.4
709.4
709.5
711.7
712.3
734.4
742.2
738
749.8
752.8
744.4
744.5
743.2
749.1
750.5
749.3
752.9
754.8
757.3
757.2
761
764.4
770.7
777.2
777.1
780.5
765.3
758.3
756.3
764.4
766
768
770.6
774.4
776
787.2
784.3
787.9
795.9
793.9
792.7
793.2
781.4
787.6
777.8
778.5
783.4
782.8
794.9
795.4
802.9
799.5
811.2
810.8
803.9
802.9
796.2
798.1
795.9
793.3
793.2
799.2
801.6
803.9
811.1
808.2
810.7
813.2
818.7
820.3
827
822.2
823.6
816.5
821.7
815.7
821.4
821.7
823.1
829.6
821.6
830.1
832.8
834.8
836.5
839.3
846.8
838.2
836.8
841.2
837.5
829.7
833.9
833.9
834.6
843.6
831.6
842.5
837.7
846.1
852
846.3
847.7
853.3
854.6
843.2
843.6
846.7
845.8
843.4
846.5
851
857.4
852.6
855.5
859.4
862
856
855.4
851.6
856.9
855
858.7
855.6
859.2
855.2
860.3
866
869.8
867.3
876
875.2
871.7
873.9
871.9
868.9
871.7
867.8
872.8
866.5
864.4
870.5
874.2
877.4
882.9
886.2
881.6
880.7
878.3
885.7
879.3
878.4
882.4
880.2
877.8
875.1
877.7
881.2
888.9
895.7
891.7
903
896
896.7
889.2
886
890.4
892.7
894.5
897.8
896
901.9
905.7
904
911.9
910.9
909.5
908
912.6
899.1
893.5
898.8
905.1
899.9
905.8
910.9
913
915.3
919.6
925.4
917.2
927.1
920.5
912.2
916.4
916.3
908.1
907.1
915.3
915.4
916.2
913.5
914.7
923.3
925.7
930.1
930.3
923.4
923.9
912.7
923.6
921.1
925.9
919.7
918.7
926.7
930.6
931.7
943.9
959.9
954.2
959.1
951.2
952.6
950.5
945.1
944.8
947.1
942.1
935.3
943.5
940.9
940
949.3
945.3
954.6
957.7
954.2
950.6
950.6
951.8
953.4
950.7
952.1
945.9
951.3
955.6
955
961.8
961.2
964.6
969.6
965.7
963.6
965
954.5
958.7
959.1
961.2
955.7
954.6
964.1
962.8
975
980.7
973
972.7
975.7
972
967.1
968.3
970.1
965.3
972.6
967.3
968.7
985.8
978.8
975
983.5
987.8
987.4
981.7
980.6
979.6
975.3
984.8
983.1
983.9
986.7
974.1
986.5
985.7
991
993.8
987.9
997.7
997.2
998.6
991.9
993.6
993.1
1003
999.4
992.4
999.2
998.3
1004.8
1001
999.8
1008.4
1014.6
1007.4
1007.3
1006.6
1012.4
1005.6
1009.4
1008.2
1006.5
1008.9
1014.7
1015.1
1016
1021.7
1025.5
1020.4
1018.5
1022.9
1009.4
1010.3
1018.1
1007.1
1016.5
1012.6
1018.6
1004.4
1011.5
1001.4
1006.7
1009.2
1010.4
1023
1026.2
1035.5
1033
1021.3
1011.3
1018.2
1015.4
1021.7
1027.1
1028.7
1028.7
1030.4
1037.8
1038.9
1035.6
1042.5
1050.1
1042.1
1047.4
1043.9
1050.3
1052.4
1044.3
1049.4
1049.3
1048
1067.9
1072.2
1071.4
1075.3
1077.7
1071.8
1069.1
1067.2
1065.1
1066.7
1070.8
1074.1
1082.1
1080.8
1079.9
1081.2
1091.9
1095
1105.6
1102.4
1109.5
1106.3
1103.4
1110.7
1103.9
1107.8
1099
1104.6
1107.5
1107
1109.6
1110.7
1108.9
1112.1
1129
1121.4
1120.3
1126.9
1123
1124.6
1117.4
1125.2
1117.8
1129.2
1124.7
1121.8
1129.5
1124.6
1123.3
1131
1121.8
1120.4
1119.1
1120.6
1110.6
1114.2
1116.3
1116.5
1113.4
1111
1116.9
1123.6
1124.2
1127.4
1124.4
1133.9
1130.9
1132.5
1130.8
1126.2
1116.2
1121
1125.9
1123.1
1129.1
1130.8
1129.1
1133.9
1139.5
1131.8
1145.9
1139.1
1146.4
1142.9
1138.8
1139.5
1135.9
1137.1
1133.5
1135.2
1127.6
1134.2
1123
1121.4
1126.6
1132.1
1131.3
1130.4
1126.2
1128.4
1123.4
1116.3
1120.3
1120.5
1123
1126.1
1132
1141.1
1145.1
1143.2
1148.7
1154.9
1149.1
1155.2
1153.3
1150.1
1144.9
1140.9
1147.1
1144.1
1138.9
1149.2
1145
1156.4
1157.1
1156.2
1157.3
1168
1159.8
1157.2
1159.1
1154
1162.4
1164.3
1153.8
1156.8
1166.5
1155.5
1154
1163.8
1167.8
1165.8
1156
1155.1
1153.7
1161.9
1157.7
1162.5
1148.4
1144.8
1155.3
1152.3
1169.6
1158.5
1167.5
1175.5
1173.2
1170.1
1165.4
1147.5
1146.2
1149.4
1145.9
1146.9
1138.4
1140.8
1134.6
1141.4
1125.5
1105.6
1114.5
1119
1097.4
1104.1
1100.3
1107.8
1114.8
1106.3
1105.5
1110.9
1101.1
1107.1
1106.4
1108.9
1118.4
1108.1
1117.5
1115.1
1114.1
1113.8
1107.6
1119.7
1109.1
1114.7
1113.7
1120.9
1127.2
1134.6
1129.6
1139.6
1142.8
1152.2
1148.1
1146.7
1150.2
1152.3
1154.3
1149.4
1157.7
1156.4
1143.4
1162.3
1153.3
1156.1
1168
1172
1169.2
1160.7
1166.1
1162
1159.6
1166.7
1163.7
1168.8
1169.4
1165
1172.2
1161.5
1177.3
1184.7
1189.3
1190.7
1193.1
1190.9
1189.3
1186.5
1187.5
1183.4
1188.8
1183.4
1184.9
1185
1184.9
1193.6
1197.9
1200.2
1204.6
1206.4
1198
1206
1195.4
1196.3
1199.6
1206.7
1207.3
1206.7
1210.5
1206.1
1212.5
1217
1215.8
1219.3
1218.9
1217.7
1211
1206.9
1212.2
1212.4
1208.9
1210.5
1218.5
1211.7
1217.8
1233.4
1228.8
1226.6
1238.9
1233.2
1234
1235.3
1237.3
1217.9
1215.6
1220.4
1233.8
1228.5
1228.5
1237.3
1242.8
1242.5
1240.3
1246.5
1233.3
1244.6
1241.7
1232.6
1225.9
1226.9
1232.2
1223
1227.8
1227.3
1231.7
1235.8
1233.6
1236.1
1232.6
1242.8
1242.9
1247.7
1240.5
1238.7
1230.1
1230.2
1232.1
1219.7
1228.9
1233.8
1227.6
1234.1
1245
1236.6
1241
1237.1
1235.4
1232
1239.2
1231.2
1228.5
1236.5
1232.6
1229.4
1231.8
1229.6
1239
1243.2
1243.4
1244.8
1246.9
1240.9
1238.3
1238.9
1227.1
1222.7
1225.1
1226.9
1228.1
1229.6
1236.2
1235.3
1240.6
1243.9
1245.8
1242.3
1234.9
1231.4
1228.6
1218.3
1211.2
1216.5
1200.7
1181.1
1175
1174.3
1164.7
1157.9
1153
1150.6
1139
1128.6
1124.2
1119
1109.4
1094.8
1085.9
1064.7
1061.5
1049.3
1047
1038.2
1039.2
1041.3
1041.4
1040.5
1027.7
1028.7
1025.2
1025.4
1019.3
1023.1
1015
1002.4
1010.8
1020.3
1032.4
1046.8
1044.1
1045.8
1042.6
1046.2
1037.3
1035.5
1030.4
1029.8
1026.3
1032.7
1024.4
1036.2
1029.6
1038
1037.6
1044.5
1044.2
1050.4
1045
1048.7
1049.2
1042.7
1042.3
1039.8
1037.6
1047.5
1050.1
1046.5
1052.6
1054.4
1053.6
1063.2
1059.2
1078.4
1081.7
1087.3
1077.1
1071.2
1058.4
1070.1
1065.8
1070.1
1074.3
1071.2
1086.2
1084.4
1079.7
1083.7
1087.1
1085
1082.7
1084.9
1078.8
1079.5
1077.9
1073.9
1077.5
1082.1
1083
1085.2
1092.9
1099
1099.8
1094.7
1106.4
1101.4
1082.6
1093.4
1093.6
1087.6
1092.5
1087.9
1080.6
1093.8
1092.1
1091.7
1098.7
1106.4
1102.5
1104.4
1101.4
1101.7
1090.2
1089.5
1086.5
1093.8
1095.1
1091.1
1091.3
1097.7
1102.8
1106.2
1112.8
1106.1
1111.3
1107.7
1105.5
1091.9
1100.6
1101.3
1095.9
1097.4
1099.6
1096.4
1104.8
1102.4
1108
1105.2
1112.6
1109.3
1105.7
1108.8
1106.1
1106.9
1102.1
1100.2
1105.5
1099.8
1108.3
1112.6
1119.4
1111.4
1124.2
1127.8
1119.2
1122.2
1113.7
1117.6
1113.1
1112
1113.9
1111.5
1110
1114.1
1114.1
1119
1126.1
1126.2
1111.7
1128.9
1127.9
1125.3
1114.8
1119.6
1118.4
1122.9
1121.1
1118.3
1121.8
1127.3
1131.7
1131.7
1132.3
1126.5
1132.6
1128.9
1129.9
1130.9
1126.1
1128.7
1128.4
1140.5
1132.2
1141.4
1147.1
1135.6
1145.8
1153.7
1153.5
1147.1
1135.9
1132
1130.5
1129.5
1134.6
1130
1137.5
1138.2
1134.7
1142.2
1147.3
1144.6
1157.7
1150.5
1155.1
1154.5
1150.5
1144.9
1149.6
1150.5
1153.2
1149.4
1157.1
1143.6
1154
1167.6
1162.7
1165.8
1163.8
1170.5
1160
1158.6
1145.6
1158.8
1149.5
1153.7
1151.5
1157.8
1160
1153.2
1158.9
1155.6
1169.7
1173.8
1163.8
1168.6
1166.4
1162.7
1155.4
1157.3
1156.9
1150.4
1158
1156.4
1162.1
1156.8
1158.2
1164.4
1161.4
1163.5
1167.1
1161.2
1150
1155.5
1169.8
1168.6
1170.4
1172
1165
1161.1
1157
1164.8
1161.2
1161.4
1165
1166.2
1166.6
1163.3
1152.3
1159.6
1144.4
1145.3
1143.1
1144.1
1135.9
1141.7
1149.3
1154
1157.9
1160.1
1145.2
1139.3
1136.5
1130
1136.3
1127.3
1121
1127.3
1120.7
1121.4
1124.1
1123.4
1127.5
1137.5
1123.1
1136.3
1122.2
1121.8
1122.5
1121.2
1112.3
1108.6
1106.4
1104.3
1098.2
1104.2
1101.1
1106.9
1107.5
1111.1
1113.8
1101.7
1106.8
1104.1
1097.8
1091.8
1088
1085.9
1084.4
1086.2
1089
1095.5
1091.7
1098.3
1092.2
1098.7
1092.9
1091.8
1084.4
1087
1079.9
1079.7
1079.5
1073.8
1073.8
1070.6
1072
1082.6
1086.1
1082.4
1080.2
1080.7
1077.7
1073.2
1065.3
1063.2
1070.8
1056.9
1055.1
1056.5
1034.8
1051.6
1041.6
1048.2
1041.9
1049.1
1048
1042.3
1040.1
1038.6
1040.3
1029.7
1028.9
1028.9
1024
1025
1021.7
1025.2
1030.9
1033.1
1029.3
1026
1028.1
1021.3
1023.6
1009
1010.8
1002.9
1009.3
1014.7
1009.5
1020.2
1011.6
1014
1021.4
1021.1
1017.9
1020.8
1015.4
1012.5
1012.9
1006.8
1008.2
1000.4
1000.7
999.1
998
988.6
997.5
1008.6
998.9
1005.9
998.6
1003.2
997.6
988.4
992.3
986.7
983.9
990.6
977.8
978.2
985.7
985.8
988
990.7
990
987.3
984.8
973.9
977
982.7
973.9
976.3
971.7
965.8
958.8
961.5
968.2
963
969.9
969.2
964.4
964.2
968.7
955.5
949
953
948.9
949.6
943.6
945
951.4
945.1
944.5
955
956.1
958.8
952.9
952.2
943.6
943
937.5
947.2
941.9
937.5
936.8
931.1
941.2
944.8
947.9
950.3
937.6
947.3
937.9
931.8
932.2
918.6
916.5
920.1
915.7
927.1
923.2
916.3
918.2
921.6
921.5
913.4
913.1
912.1
902.8
904.1
904.2
911.5
912.5
915.7
911
910.3
900.5
917.1
913.2
908.3
910.6
917.3
901.3
908.1
905.9
906.4
905.8
899.7
899.2
893.5
901.1
902.6
899.4
912.8
901.5
903.6
899.4
903.7
892.3
889.1
898.6
890.4
892.1
894.2
884.6
884.1
883.6
888.1
885.5
885.4
891.8
870.3
886.3
877
866.7
875.3
873.8
870.5
872.6
871.8
872.1
877.8
877.9
879.2
880.4
877.3
877
877
865.3
868.1
861
867.1
854.2
864.9
856.8
858
859.6
865.2
865.9
869.4
858.6
859.6
863.3
861.8
859
854.9
857
856.1
848.4
847.1
852.9
853.8
862.3
854.9
854
864.5
863.1
853.9
856.1
859.2
850.9
846.3
851.1
844.5
842.7
840.5
846.5
844.6
847.3
848.4
849.7
846.8
843.9
838.4
838.9
837.6
833.1
831.9
831.2
833.6
841.5
839.8
839.1
834.1
833.1
840.6
829.7
831.2
831.9
830.1
834.6
823.6
823.3
825.4
817.1
827
824.7
835.1
830.1
832
830.4
831.9
832.9
822.7
815.9
822.3
817.4
822.3
821
810.7
814.7
824.1
829.1
824.1
823.8
825.1
821
815.4
815.3
812.7
814.6
820.6
802
805.4
806.4
806
814
807.7
819.2
815.4
820.4
815
815
813.3
813.6
806.6
804.3
803.1
808.7
798.7
806.4
804.2
802.7
808.3
808
807.3
804.8
801
796.2
793.7
792.8
791
795.1
783.9
785.1
787.6
790.7
791.4
793
788.8
797.4
801.1
790.2
787
785.6
785.3
781.5
771.6
771.1
779.8
779.4
784.3
782.6
782.9
777
782.4
785.1
770
774.5
774.6
768.1
769.2
765.6
762.2
771.3
771
772.1
777.9
775.8
779.5
780.4
777.9
776.9
774.6
770.5
766.7
764.7
765.7
765.9
762.4
763.9
765.7
766
771.2
769.6
771.5
776
769.4
762.2
760.6
751.1
758.5
757
760.4
749.3
760.3
762.3
759.1
759.5
762.4
765.8
763.8
748.1
759.2
753.3
748.8
731.2
756.6
755.2
748.6
754.6
748.1
750.5
757.9
760
775.3
781.6
781.1
770.8
774.8
781.3
770.5
779.1
775.4
771.2
774.4
777.5
786.2
791.5
790.7
798.1
803.8
796.3
798.3
793.7
800.3
795.2
798.9
800.2
800.9
802.9
802.2
813
809.7
816
819.8
814.9
820.5
813.1
819.5
806.5
809.4
807.1
806.6
817.3
811.5
817
827.4
820.2
820.8
820.2
824.2
816.7
823.7
817.6
813.8
813.8
819.2
813.1
822.2
821.3
824.4
822.8
830.5
829.8
828.9
835.1
841.1
836.3
836.2
832.5
836.7
831.7
833.7
839.4
838.9
841.7
843.7
844.6
850.1
848.6
849.8
850.2
850.8
841.7
844.3
839.6
842.9
843.1
839
835
845.4
841.5
848.6
858.7
854.9
849
857.1
853.5
847.5
847.3
846.6
845.1
847.9
856.7
852.2
851
856.8
858.4
872.3
869.6
864.6
867
866.4
867.4
853
860.7
862.9
859
860.2
854
865.7
860.2
862.1
865.2
876.4
869.7
871.2
870.2
866.6
865.3
855.3
865.2
864.4
858.4
858.7
863.4
865.9
867.6
864.1
874.6
875.4
877.3
876
876
867.3
865.9
867.6
862.8
867.1
863.4
867.3
874.5
874.8
879.5
874.8
884.3
886.7
882.5
877.9
872.3
877.9
876.1
883
882
881.4
879.3
877.2
874.8
879.3
888
889.5
887.7
889
885.5
885.7
879.6
877.1
877
882.7
877.2
881.6
881.8
888.8
891
884.9
893.6
895.1
890.9
887.7
884.7
882
882.7
884.6
880.7
889.8
889.7
888.7
895.9
894.7
899.7
906.8
902.4
898.9
900.6
899.5
896.4
895.9
900.7
893.3
897.2
892.1
896.4
900.5
907.9
904.6
907.9
909.2
907.4
908.4
897.2
898.7
892.4
897.9
892.2
887.8
895.2
886.9
885.9
891.9
890.2
899.5
902.1
900.2
896.3
890.5
890.4
894.4
893.4
888.8
889
882
882.8
896.7
890.4
902.4
902.9
902.2
911.3
902
897.6
902.3
895.2
899.1
894.7
900
899
897.8
903.1
900
910.2
911.8
901.6
914.6
906.4
899.8
906.1
901.6
903.6
889
900
894.4
899.3
900.7
899
907.4
906.7
912.9
909.5
908.7
908.6
905.1
910.3
910.3
900
911.3
908.5
907.1
915.6
915.5
911.5
919.8
918.4
916.8
918.8
917.6
911.6
902.4
905.2
902.1
899.2
909.4
909.2
905.4
907.7
908.3
916.1
914.2
920.2
916.4
919.9
918.1
909.2
901.8
906.3
903.1
898.8
911
908.5
914.4
919.9
916.5
913.6
919.1
912.9
917.8
907.5
906
902.9
907.9
898.7
909.3
911.9
914.9
923.4
922.8
915.3
924.8
925.3
921.9
925
920
917.8
909.3
908.7
911.8
907.4
905.8
910.9
899.6
900.3
905.7
905.9
907.3
901.1
894.7
891.2
889.1
888.5
886.4
889.4
890.1
887.1
898.3
896.2
896.3
905.1
901.4
908.8
913.4
912.7
908.4
914.9
911.3
917.1
920.5
912.8
913.8
913.9
905.6
915.9
922.2
918.2
922.1
921.4
924.3
925.7
928.8
918.4
920
922.9
916.4
918.5
927
927.5
933.1
933.2
932
942.2
942.3
943.6
932
937.4
934.8
927
928.4
931.6
935.8
931.1
933.7
928.8
937.1
943.4
952.3
952
949.2
950.8
957.3
948
952.1
943.3
946.3
934.7
941.1
943.4
944.5
949.4
952.2
962.2
958
957.3
950.1
946.9
945.5
945.5
947.9
947.2
952.4
952.9
951.4
963.1
960.4
962.9
962.2
962.7
964.4
965.2
965.3
961
953.7
951.7
961
963.2
957.4
954.6
957.7
963.7
969.5
968.1
976.5
961.4
967.1
972.5
967.6
961.9
962.7
957.8
963.5
962.6
954.4
964.2
960.5
963.3
969
966.5
980.5
966.3
973
966.9
966.7
964.4
966
966.1
966.2
968.8
975.2
980.2
986.1
981.5
983.8
985.6
977.4
982.4
973.9
975.6
974.5
974
977.7
977.8
980
970.4
974.9
986.9
986.2
987.6
987.4
991.1
984.5
982.3
982.5
982.9
979.6
974.7
981.1
979.5
985.4
987.5
994.1
994.3
992.7
1002.7
995.9
993.2
999.1
995.7
995.6
990.2
990.3
976.5
992.2
983.8
979.4
991.1
996.9
1002.5
1007
1009.3
1011.3
1009.3
1003.1
991.2
1002.5
1004.1
1000.5
999.6
1000.6
999.1
998.9
1001.5
1006.9
999.4
1007.6
1010.5
1004.1
1003.1
999.2
1004.5
1002.3
1002.9
998
994.2
1006.3
1002.8
1008.3
1009.5
1010
1018.4
1018.6
1013.4
1003.5
1006.2
1002.9
992.1
1003.1
993.2
990.5
997.1
999
1002.2
1001.8
1006.9
1009.2
1015.6
1016.2
1010.7
1011.2
1007.2
1016.2
1004.9
1005.7
996
1002.3
1003.7
1006.2
1012.1
1020.7
1020.3
1012.3
1019.2
1017.5
1019.6
1013.5
1020.8
1015.8
1010.5
1014.3
1015.3
1020.1
1018.6
1021.3
1024.4
1025.4
1032.9
1029.3
1031.5
1031.4
1022.8
1014.5
1019.3
1013.5
1014.3
1025.7
1023.2
1026.2
1033.9
1026.9
1033.9
1039.4
1032.4
1031.6
1028.8
1023.3
1023
1018.6
1026.1
1028.3
1024
1027.7
1027.1
1034.4
1034.3
1029.7
1027.3
1033.5
1025.9
1015.8
1018.1
1010
1011.1
1011.7
1013.3
1015.2
1007.9
1013.6
1014.3
1021.4
1016.3
1031.6
1013.3
1020.7
1015.7
1013.3
1013.2
1012.4
1004.8
1011.8
1005.3
1011.7
1009.7
1018.1
1021.4
1021.6
1015.1
1024.6
1014.2
1015.1
1010.7
1009.6
1016
1007.8
1011.3
1010.4
1011.4
1010.4
1014.5
1019.2
1016.4
1023.2
1021.8
1013.3
1009.3
1015.8
1018.5
1014.5
1007.5
1012.6
1008.7
1016.7
1012
1023.2
1018.9
1023.9
1019
1019.6
1018
1018.1
1009.4
1009
1005.8
1006.8
1007.9
1014.7
1019.2
1019.3
1014.6
1020.2
1019.6
1024.5
1032
1024.4
1020.4
1033.8
1020.6
1010.4
1012
1024.6
1006.1
1020.7
1022.3
1024.3
1026.3
1027.9
1031
1030.2
1032.4
1023
1018.5
1016.6
1015.1
1021.4
1022
1020.1
1024.8
1019.2
1020.2
1021.7
1034.5
1031
1024.5
1032.9
1030.6
1025.1
1023.7
1021.6
1021.9
1025.1
1026.8
1021.6
1025.8
1032.2
1034.2
1034.4
1039.2
1038
1034.5
1037.6
1042.2
1026.8
1025.8
1020.1
1031
1027.9
1030.6
1035.2
1031.4
1028.8
1034.6
1031.4
1038.1
1034.4
1038.2
1043.7
1040.2
1045
1050
1044.7
1040.6
1041.4
1041.6
1039.4
1033.6
1043.4
1045.8
1047
1040.4
1042
1045.1
1043.9
1044.5
1041.1
1039.5
1041.9
1043.4
1042.6
1044.9
1047.8
1039.7
1041.3
1045.2
1046.9
1038
1037.2
1044.5
1035.8
1032.3
1028.9
1029.2
1023.6
1025.6
1022.5
1028
1030.4
1035.7
1034.8
1037
1035.7
1036
1033.3
1033.9
1026.4
1024.2
1022.8
1020.2
1019.6
1019
1023.6
1032.6
1030.1
1032.2
1039.1
1047.2
1034.4
1035.9
1031.9
1030.6
1031.2
1024.7
1026.6
1027
1022.6
1023.9
1028
1039.7
1038.6
1031.9
1038.8
1042
1049.8
1032.4
1040.9
1038.3
1037.3
1040.7
1041.4
1043.6
1053.9
1057.1
1056.6
1066.2
1064.6
1055.8
1049.1
1051.1
1051.4
1050.7
1048.8
1052
1052
1047.2
1047.7
1048.9
1056.9
1051.6
1052.4
1059.7
1065.9
1066.2
1062.7
1055.4
1049.6
1049.6
1054.8
1045.7
1052.4
1057.7
1060.1
1061.4
1059.9
1063.6
1075.4
1066
1066.5
1063.4
1067.4
1051.6
1055.7
1053.7
1051.2
1050.7
1051.2
1048.2
1051.4
1028.2
1047.3
1044.2
1040.6
1043.9
1037
1040.2
1033.8
1034.7
1031.6
1035.1
1033
1038
1032.6
1040.7
1043
1046
1043.7
1054
1049.6
1052.3
1048.9
1047.4
1046.2
1047.1
1046
1046.2
1043.8
1044.8
1041.5
1050.1
1047.6
1063.4
1067.3
1049.6
1056.2
1053.3
1049.1
1052.1
1050.7
1049
1049.5
1048.1
1052.6
1042.6
1052.9
1061.3
1058.2
1063.6
1054.5
1056
1053.9
1055.3
1050.7
1058.1
1049
1052.9
1055.6
1053.2
1052.9
1061.3
1055.4
1056.8
1068.6
1062.3
1055.6
1051.2
1048.7
1054.7
1047.6
1049.3
1051
1048.5
1053.3
1056.1
1055.3
1060
1052.5
1063
1060
1065.6
1058.8
1053.1
1053.7
1051.1
1060.7
1049.4
1048
1057
1054.6
1052.2
1054.1
1054.4
1066.1
1055.8
1055.9
1056.5
1063.6
1052.4
1055.4
1054.4
1043.1
1052.8
1056.7
1057.7
1059.3
1065.9
1064
1068.6
1063.5
1067.2
1068.6
1061
1061.7
1058.9
1063.4
1052
1056.3
1055
1055.6
1059.4
1062.9
1068.5
1054.1
1069
1070.2
1070.8
1076.3
1067.8
1065.3
1064.3
1068.8
1061.6
1066.2
1067
1069
1069.6
1071.2
1078.1
1071.8
1073.7
1067.2
1073.3
1069.5
1065.4
1063.4
1067.2
1072.6
1064.8
1069.3
1071.4
1073.9
1075.9
1081.3
1072.4
1074.9
1072.1
1076
1078.5
1068.8
1070.7
1065.6
1072
1070.7
1073.7
1076.2
1079.2
1082.9
1083.5
1093.6
1073.4
1072.2
1072.8
1074.3
1079.5
1066.9
1063.4
1049.1
1056.6
1055.6
1069
1067.1
1066.3
1075.4
1081.3
1084.6
1096.6
1103.1
1109
1103.6
1090.1
1105.6
1108
1104.1
1097.1
1107.5
1117.4
1123.1
1126.1
1126.7
1125.7
1118.1
1123.8
1122.4
1112.5
1106
1114.3
1116.4
1116.2
1111.8
1105.6
1122.6
1133.6
1127.5
1129.6
1138.7
1135
1142.3
1136.1
1131.7
1131
1128.2
1131.1
1143
1134
1134.4
1137.4
1132.4
1141.9
1145.2
1154.8
1159.4
1143.3
1153
1147.7
1132.6
1137.1
1142.9
1150.7
1133.6
1131.6
1133.4
1142.8
1152.3
1145.1
1135.7
1141.6
1134.9
1136.7
1135.4
1126.4
1141
1135.8
1138.9
1145.9
1151.3
1136.1
1134.5
1133.8
1143.5
1145.7
1150.3
1145.2
1151.4
1155.2
1150.6
1144
1153.4
1155.7
1156.2
1146.3
1154.9
1160.9
1161.9
1161.1
1167.6
1163.3
1173.7
1170.6
1166.1
1175.2
1168.5
1167.7
1161.1
1167.5
1165.3
1169
1161.7
1173.9
1179.3
1175.8
1184
1183.7
1185.3
1187.2
1181.5
1175.7
1172.4
1176.7
1179.1
1179.7
1171
1189.4
1185.7
1196.7
1187.2
1191.9
1185.3
1192.4
1181.1
1178.1
1183.6
1178.6
1179.6
1178.5
1179.8
1187.9
1182.7
1192.1
1198.3
1202.1
1198.4
1205.3
1198.8
1199
1193.4
1185.5
1183.9
1172.8
1177.5
1179.8
1183
1185.9
1174.7
1186.7
1186.8
1177.6
1167.4
1165.9
1162.1
1144.1
1153.8
1142.6
1134.9
1131.1
1130.2
1127
1119.7
1121.2
1115.5
1120.3
1108.1
1096.4
1091.8
1081.6
1080.7
1070.3
1065.6
1064.3
1054.9
1050.6
1055.8
1041.9
1046.2
1051.7
1068.6
1067.7
1084.1
1087.9
1097
1093.5
1091
1081.3
1079
1064.9
1068.2
1061.9
1070.2
1069.8
1064.9
1068.4
1072.1
1081.3
1074.5
1074.1
1068
1076.3
1064
1062.4
1061.2
1069
1061.1
1059.8
1065.9
1065
1074.1
1077.4
1074.3
1075.8
1066
1075
1066.7
1064.3
1062.4
1058.9
1064.8
1056.9
1065.1
1059.3
1053.8
1068.5
1055.7
1060.5
1057.9
1070.5
1066.3
1062.2
1054.7
1058.9
1060.7
1048
1049.6
1058.4
1048.9
1065.5
1052.5
1059.5
1058.7
1064.1
1062.3
1065
1056.8
1054.9
1055.1
1050.4
1052.4
1046.3
1025.5
1047
1054.3
1043.1
1053.2
1052.2
1051
1053.5
1052.4
1046.7
1043.2
1042.4
1039.7
1034.3
1051.7
1048.5
1042
1039.8
1050.2
1048
1045.4
1041.8
1044.5
1041
1045.4
1044.3
1051.7
1039.1
1045.4
1042.3
1027.2
1037.9
1038.6
1039.4
1039.1
1045
1043.1
1051.2
1041.9
1041.9
1042.9
1035.6
1029.5
1041.2
1036.7
1028.7
1028.7
1030.8
1032.4
1035.9
1037.4
1045.3
1038.4
1034.7
1038.1
1034.6
1035.6
1033.1
1034
1026.3
1028.9
1028.8
1025.8
1030.6
1041.8
1033.9
1033.6
1031.3
1039.6
1035.3
1034.1
1032.3
1024
1024.6
1023.3
1027.7
1017.9
1018.8
1026.4
1020.8
1029.1
1025.1
1026.1
1029.7
1022.2
1023.5
1025.1
1012.9
1007
1009.9
1006.8
1007
999.1
1010.5
1020.7
1019.2
1015.4
1013.1
1016.3
1009
1017
1003.8
1006.5
1003.6
992.2
995.9
993.7
997.2
1003.2
1003.4
1006.5
1000.5
1001.5
996.8
992.4
1002.9
992.6
993.9
992.8
991.7
988.5
989.7
988.7
992.3
991.9
994.5
992.7
990.8
985.8
983.8
975.6
979.9
969.6
978.3
978.1
972.9
972.2
969.8
972.6
974.8
974.4
979.8
984.2
975.6
972.9
975
967.6
963.5
971
965.6
966.5
966.5
966.4
964.2
974.1
972.8
975.3
969.2
966.2
961.8
962.2
963.4
953.7
955.5
955
951.1
959.5
955.6
959.4
956.6
959.9
962
962.3
958.4
963
961.9
952.5
950.1
949.2
943.7
949.3
949.6
948.6
943.8
943.8
948.8
953.5
954.3
948.4
948
945.5
940.7
935.7
939
934.7
941.7
938.1
944.4
939.9
941.8
936.9
949.3
938.1
940.9
947.8
945.2
942.1
925.1
932.2
936.3
931.2
927.8
932.7
935.8
925.2
935.7
939.1
945.6
942.3
939
938.2
942
929.8
934.6
932.2
932.1
927
925.6
929.2
934.2
929.9
937
941.1
936.5
935.1
929.1
932.7
917.5
922.6
924.8
910.2
920.9
914.6
918.5
922.3
920.2
920.8
924.6
928.3
925.6
923.5
909.5
904.6
920.1
910.6
916.2
915.4
905.7
907.2
910.5
916.8
913.9
914.7
913.4
919.7
911.4
910.7
903.8
904.5
905.6
906.3
901.4
896.8
912.6
903.4
912.1
914.4
910
917
910.5
913.1
905.5
903.9
903.4
902.3
894.6
902
897
896.6
909.1
896
899.1
901.6
909.8
904.4
904
903.9
903.5
889.8
891.7
890.5
893.6
895.4
893.6
892.6
887.4
903.4
899
906.7
904.1
901.5
899.7
899.3
892.4
894.7
886.1
888.2
889.9
886.3
890.8
886.6
893.2
895.5
896.4
887.7
892.1
884.9
877.6
873.8
876.7
881
874.5
877.8
880.1
884.2
889.7
881.1
887.7
885.4
897.2
876.5
870
873.9
882.8
872.4
871.1
877
877.1
872.1
880.5
884.4
874.4
883.3
875.1
878.4
875.6
871.3
876.4
866.9
868.5
865.4
860.2
861.7
868.2
867.5
875.7
877.8
872.8
872.3
865.1
866.4
859
847.7
855.1
863.7
855.3
863.4
853.9
863.1
857.6
855.3
857.7
854.6
859.1
855.8
852.9
847.8
852.4
847.8
840.2
848.8
851.5
851.6
849.3
848.2
850.8
849.9
856.6
851.7
850.7
848.5
843.7
840.8
841.8
841.2
843
838.7
836
846.1
841.5
844.9
854.7
845.9
850.7
845.6
844.4
850.9
832.9
821.7
833.4
835.3
840.8
836.2
837.5
842
836
832.1
837.2
831.8
844.7
835.1
834.1
832.7
829.3
829.8
827.6
829.2
830.3
831.7
829.6
838.5
837.9
839.8
838.1
840
836.7
828.2
831.2
828.8
825
820.6
821.9
824.6
822.3
832
835.7
831.2
