560.4
557.9
560.4
554.5
559
554.8
553.8
547.8
550.5
547.9
551.9
556
551.9
552.6
561.9
561
564
561.8
559.8
570.7
559.7
550.1
555.7
555.1
555.8
553.6
552.8
555.3
554.7
559.4
569.6
558.8
567
560
559.2
555.8
562.7
551.9
555.1
551.4
550.1
551.2
555
559.8
563.1
554.8
562
562.7
553.3
557.7
561.3
555.2
552.6
554.2
545.2
553.7
546.5
557.4
562.4
557.3
558.9
556.7
561.8
564.3
570.1
557.2
554.7
559.5
552.8
552.8
552.6
557.7
554.7
563.1
556.3
569.1
570.9
561.1
560.6
564.6
555.4
556.8
552.6
553.2
557.7
550.7
557.7
555.8
556.8
562.4
558.5
562.1
566.1
570.3
565
565
554.5
559
555.8
560.6
554.5
553.6
555.1
560.5
554.9
558.1
563.4
557.7
560.5
566.8
557.8
550.5
554.5
553.3
567.5
551.2
553.9
559.9
558.5
557.7
564.8
568
561.9
561.4
567.2
555.7
555.7
556.1
552.6
551.2
546.9
556.1
560.4
552.3
557.7
548.9
563.1
562
561.7
562.4
555.6
556.3
544.2
550.1
563.8
553.6
554.2
554.4
562.6
567.2
571.7
574.2
560.6
562.1
562.2
563.2
558.9
555.8
551
555.3
554.8
555.6
556
549.9
565.1
569.6
560.2
566.2
565
562.9
553.4
556.6
559.6
549.3
552.1
551.1
554.7
558.1
553.2
566.3
563.2
568.9
561.6
564.9
561.5
562.3
560.9
563.2
562.1
556.3
558.3
554.1
562.1
560.7
557.6
560.8
568.8
569.7
555.9
557.6
558.4
559
555.2
557.9
555.2
561.5
554.1
557.4
562.3
558.6
567.9
566.3
570.4
571
562.8
559.8
560.8
557.4
561.1
555.1
559.3
555.7
554.9
555.1
561.9
565.4
572
568.7
568.4
568.8
567.5
565.9
558.2
562
556.3
561.4
560.9
560.9
559.3
568.6
563.8
566.2
568.9
564.9
570.5
564.1
559.8
560.3
565.4
548.1
563.6
561.8
560.7
560.2
569.3
567.2
567.6
573.5
565.3
568.4
568.4
560.3
560.7
561
551.6
550.1
562.1
554.6
564.3
568.6
565.9
558.6
569.4
570.7
568
561.6
559.3
561.4
557.4
554.5
557.8
560.8
550.4
563.4
568.7
569
565.7
566.9
569.6
569.7
561.3
567.4
564.4
555.1
558.3
563
560.6
560.2
566.7
561.3
570.4
566.9
564.5
575.4
573.4
563.9
562.3
567.7
564
568
553.7
558.1
566.5
557
572.6
563.6
564.9
569.8
574.5
572.2
557.9
568
567.2
564.8
561.5
565
566.4
568.5
558
566.4
567.2
571.2
569.1
565.7
567.3
569.5
558.7
560.3
553
552.4
563.4
555.1
556.4
559.6
563.4
566.4
564
567.3
570.8
571.3
570.8
565.8
565.7
554
565.5
564.2
557.1
558.3
556.2
559.8
566.7
567
569.5
572.3
573.7
560.3
562.8
561.8
563.5
552.9
557.6
562.3
558.3
563.3
561.6
562.1
564.7
568.7
567.6
572.9
572.9
566.2
568.7
561.5
560.9
558.5
561
560.4
563.1
558.8
568.2
577.9
569.7
573.5
573.2
571.7
572.7
566.2
565.8
560
564.3
564.1
557.9
563
563.8
567.1
572.1
573
570.7
573.5
577.1
578.9
565.1
566.7
566.9
558.5
557.7
566.5
563.5
564.8
568.5
570.6
572.5
575.6
578.5
581.9
575.1
573.5
565
564.9
565.3
568.1
559.8
563.8
567.6
564.7
571
578.9
580.1
567.5
579.4
575.3
570
570.3
572.5
553.5
565.2
566.1
565.1
559.8
559.4
567.1
568.3
571.3
578.6
578.5
576.9
572.2
571.6
565.2
565.6
567.5
559.6
567.9
563
565.7
572.1
574.7
577.9
572.8
574.4
581
566.1
571.4
564.6
571.3
570.3
561.1
566.7
571.3
561.8
571.7
580.5
570.3
582.4
582.4
571.5
582.9
572.6
570.3
570.7
565.9
562.3
559.2
563.8
564.1
577.7
568.4
564
578.1
575.9
583.1
572.5
563.6
574.9
569.6
562.3
563.9
566.8
559.6
570
567
574.3
566.6
577.8
576.1
575.5
575.8
575.2
562
569.8
562.4
567.2
568.3
563.1
559.9
570.8
568
573.8
578.2
582.1
571.6
579.4
575
561.6
569.9
559.9
563.5
563.6
568.7
567.3
568.1
567.2
565.2
573.8
577.7
582.8
577.7
575.2
575.9
567.1
568.7
572.8
570.6
576.7
558.6
570.8
574.1
569
578.5
576.5
577
576.1
573.2
565.7
572.4
573.2
568.1
563.3
567.5
567.9
569.7
572.1
579.6
585.2
582
582.1
573.8
572.3
573
564.3
561.9
559.6
568.1
563.3
570.8
572.4
571.1
574.9
576.1
573.3
578.4
574.1
568.5
571.7
569.7
569.4
570.3
561.6
561.1
569.1
574.6
574.3
578.4
572.1
571.7
578.1
576.9
577.6
573.3
572.5
575.1
569.8
566.7
567.1
563.8
580.1
566.1
568.8
567.8
573
568.3
576.5
572.2
567.9
572.1
566.8
569.2
574.6
581.3
576.2
568.2
571.3
583
573.5
578.5
577.6
577.5
576.8
570.7
570.1
565
564.2
558.4
564.3
561.2
560.1
567.6
571.8
572.3
575
574.3
575.3
574.1
571.1
561
568.2
572.7
570.5
567.3
567.9
567.3
573.3
578.3
582.5
576.9
576.2
579.7
565.9
568.7
579.8
567.5
570.6
565.6
569.8
566.3
570.4
575.4
572.3
576.4
580.8
574.2
570.3
568.3
572.2
569.3
563.4
566.3
567.3
566
571.9
571.8
573.9
580.1
576
583.5
575.5
570.8
578.9
572.9
571.2
568.5
566.1
556.7
563.2
566.6
563.9
574.9
573.7
576.5
574.3
578.5
572.7
567.4
566.9
561.5
564.9
571.9
568.7
566.3
563.7
571.8
569
576
577.1
570.1
574.9
573.9
566.5
561.9
569.5
564.6
563.9
560.6
571.6
564.5
572.5
573.5
578.4
577.3
574.4
578.4
570.5
578.6
572.1
567.2
566.1
564.4
564.5
568.4
563.2
571.9
574.6
575.6
575.7
578.2
579.4
575.9
571.2
565.3
574.7
567.2
566.6
563.8
567.7
558.8
562.8
565.9
580.1
576.2
581.4
581.4
577.3
574.4
577.2
571.3
575.2
569
565.8
564.5
567.4
567.5
570
578.5
573
577.4
576.2
580.8
578.6
569.8
572.4
562.1
564
568.1
567.1
574.9
568.3
573.2
563.9
575.4
580.4
576
577.6
566.6
571.1
569.9
566.3
568.5
564.8
563.4
574.5
563.8
570.3
571.2
579.2
576.8
577.4
578.6
575.1
576.5
573.9
572.1
570.5
570.7
569.9
571.2
575.6
567.9
565.7
577.7
582.6
579.6
573.8
572.7
570.7
563.7
572.5
564.4
567.6
566.8
569.6
570.3
574.1
571.9
577.8
569.8
574.5
577.2
570.4
566.8
561.2
569.7
569.2
572.7
572.4
566.6
572.3
573.8
581.1
575.3
577.3
579.3
577.1
569.5
571.5
574.8
567.4
566
566.2
571.5
565.1
569.3
574.4
576.9
579.4
579.3
584
572.1
570.7
574.5
559.6
569.1
565.9
566.5
570.4
567.8
571.1
579.7
571.7
582.2
585.1
576.3
584.7
571.4
577.7
565.3
567.1
568.9
567.1
568.3
568.7
572.7
569.4
580
586
571.5
574.6
573.3
561.4
568.1
567.3
564.1
566.6
565.8
567.1
568.8
566.2
569.5
573
576
577.3
573.2
569.6
571
571.5
565.8
573.6
572.2
570.6
564.2
566
577.6
576
571
577.4
577
579.2
571.4
569.9
566.6
570.7
563.1
569
568.7
572.6
570.3
568.8
569.8
583.3
573.4
573.4
581.6
578.6
570.9
573
570.5
563.4
560.1
560.1
561.4
560.5
565.5
571.1
574
576
569.6
574.3
576.2
556.3
564.6
563.6
559.3
563.5
562.8
569
565.4
567.9
569
580.8
586.9
574.6
575.7
573.5
562.3
563.2
564.4
565.5
566.1
569.2
567.4
565.7
566.5
575.5
571.7
580.1
573.6
571.8
568.2
565.7
573.2
565.3
564.4
566.1
561.8
561.4
565.8
565.8
572.2
574.3
575.8
568.4
575.1
566.3
563.7
561.1
566.2
563
571.1
568.2
563.4
569.2
572.6
571.9
574.6
575
569.9
568.1
570.9
569.1
564.4
571.8
562.9
565.2
563.7
564.9
570.3
578.8
565.7
583.7
577.6
571.1
571.4
563.5
567.5
562
562.9
561
568.4
561.2
559.5
565.5
566.9
571.4
577.3
578.7
581.9
580.9
575.5
575.2
580.1
582
581.9
582.7
592.7
596.1
600.8
610.6
619.3
631.3
635.3
634.7
643
640.1
639.1
647.5
650.3
662.2
659.6
662.7
648.8
656.3
666.1
676.4
676.4
675.2
656.6
656.2
652.5
658
656.3
656.2
648.5
651.5
654
649.3
644.3
643.8
646.5
651.8
650.2
646.9
647.4
641.5
641.8
637.4
642
637.3
639.9
641.1
639.8
640.6
648.3
652.6
645.2
646.8
647
639.9
637.4
639
633.5
629.9
631.7
633.4
632.9
636.7
637.6
630.8
644
643.4
639.3
640.5
637.1
636.6
629.1
636.9
630.5
632.1
646.3
643.3
643.5
645.2
645.7
655.1
661.6
663
664.1
658.4
662.2
669.6
658.8
652.6
649
648.1
645.9
644.2
651
651.1
658
651.2
685.9
653.1
647.8
645.4
636.7
647.4
642.3
647.3
644.5
650.1
656.1
660.4
655.9
663.1
665.5
658.4
652.4
652.4
650.1
646.4
652.5
650.4
648.3
653.4
645.5
651.8
662
658.8
656.1
660.1
659.3
647.2
650.7
645.4
643.6
646.9
646.5
645.2
643.8
650.2
645.8
657.5
653.3
655.5
652.7
660
651.4
650.4
646.8
644.6
644.8
639.4
638.1
639.7
642.6
645.2
648.2
653
654.9
656.3
661.6
648.8
644.3
644.5
642.8
636.8
641.9
639.5
643.6
638.1
641.4
640.7
650.1
649.2
647.4
643
644
638.9
642
641
642.9
639.5
635.8
638.9
635.6
641.8
639.4
643.6
645.7
647.6
647.4
643.3
640.7
637.5
643.1
638.7
631.4
631.4
628.7
632.2
639.7
640.1
639.7
641.5
650
640.5
641
637.8
641.8
636
629.8
635.9
628.7
635.7
628.8
638.7
638.1
638.7
647.5
643.4
642.7
641.3
636.6
631.3
633.7
632.7
631.9
630
635.8
628.8
629.2
635.1
640.3
633.4
637.8
645.1
631.6
634
631.1
631.2
625.9
631.7
626.7
623.3
628.1
636.6
632.2
640.4
641.4
635.4
636.1
634.8
628.2
626.1
624.5
621.7
626.1
629.6
627.6
625.3
640.4
628.5
635.2
641.8
636.8
633.6
633.6
621.3
628.2
625.5
626.3
621.3
624
619.5
621.1
623.7
630.8
628.1
634.5
632.8
632
633.4
617.5
623
621.6
615.9
614.7
621.3
624.7
622.3
624.9
618.6
630.3
627.1
630.3
626.7
631.1
624.5
622.6
618.5
605.7
620.2
614.7
625
626.3
626.3
627.5
628.3
621.7
620.7
631.9
627.6
619.4
617.5
622.6
607.6
612.6
614.1
618.7
614.7
617.1
623.4
621.4
620.1
630.3
616.9
621.2
615.2
612.5
614.4
621.5
620.7
610.9
614.4
620
616.8
625
623.9
617.2
624.3
622.2
615.3
611.5
618.9
611.1
608
605.9
608.7
612.1
612.8
618.4
614.1
620.4
615.8
618.1
618.4
619.2
612.7
617.3
610.3
607.6
621.1
607.2
603.2
608.5
609.9
612.5
616.6
620.6
614.3
617.1
615.8
610.2
608.9
610.4
609.2
609.4
608.9
614.8
614.3
622
618.9
617.1
623.1
618.9
613.9
611.3
612
610.7
610.2
607.1
607.2
608.1
605.2
610.4
604
620.1
617.6
616.6
620.8
615.6
604.3
610.5
610.7
600.4
608.3
606.1
618.5
602.6
604.8
613.1
616
612.7
623.6
614.1
615.1
610.6
612.4
604.1
605.6
606.7
610.5
601.7
605
606.9
612.1
614.2
615.7
616.5
613.5
611.4
606.2
603.2
601.5
600
600.2
607.4
596.5
606.2
612.6
612
613.8
617.6
612.3
606
611.8
604.9
608.9
610.9
598.4
598.8
600.1
604.4
603.3
607.9
606.5
608.8
610
610.9
611.3
610.9
606.7
601.5
601.2
605.4
601.1
608.2
599.1
602.5
602.2
605.4
610.2
602.4
608.5
602.1
599.3
598.5
601.3
603
619.1
601.6
599.1
602.8
607.5
613
610.8
607.7
613.1
610.7
606.9
596.9
605.4
606.2
607.8
601.2
595.6
592.9
593.4
597.4
601.8
604.1
602.5
600.2
605
603.5
603.2
599.6
596.3
590.4
596.2
585.5
598.5
592.2
603.4
603
609.6
601.2
607.5
604.7
615.7
601.8
601.2
596.3
597.7
600
590.3
591.4
594.4
598.6
602.9
598.3
605.9
604.4
603.3
597.4
597.1
601.9
596.5
594
591.4
598.9
595.9
592.8
595.3
603.9
596.9
599.8
601.3
600.4
598
593.3
593.1
590.4
593.1
593
590.3
591.8
590.9
595.8
601.1
602.9
607.2
604.1
599.1
600
597.6
594.4
591.7
594.8
584.2
595.2
589.2
591.1
583.2
599.2
598.9
603.2
602.2
598
601.1
590.3
590
587.1
589.1
594.4
588.9
588.7
588.8
594.4
592.9
600.1
596.5
597.2
599
599.7
593.3
595
591.8
584.5
585.9
582.3
586.6
592.8
598.3
595.1
586.7
596.9
600.8
588.8
597.9
591.7
593.1
593.1
588.2
581
580.5
590.4
590.6
595.9
593.7
597
591.3
594.2
591.7
584.3
588.3
587.8
584.3
588
577.7
575.3
580.8
587.3
591.1
589.3
585.4
577.2
590.9
590.7
585.9
585.5
582.1
584.7
581.7
582.4
589.5
592.8
581.1
587.6
594.8
597.7
590.8
597
593.7
590
590.3
584
588.4
579.2
579.1
583.8
589.8
589.5
589
583.9
595.4
588.2
586.8
579.8
578.6
585.4
581.6
580.6
574.2
579.7
564.6
585.5
590.3
592.4
587.5
589
589.7
587.1
587.3
591
570.5
576.6
576.2
576.7
574.3
581.2
579.3
586.5
585.4
588.9
583.8
583.8
590.4
581.6
581.9
582.3
575
574.3
578.2
576.7
578.5
582.8
579.1
585.1
581.2
589
586.4
582.5
587.4
577.8
594.3
572.4
569.8
573.3
572.7
578.6
574.6
580
583.9
581.2
590.1
583.5
582.6
577.4
576.1
572.6
575.2
570.3
571.8
573.1
575.5
580.8
581.5
586.2
582.1
577.3
581.5
572.6
579.6
576.5
567.9
572.7
574.9
570.2
571
569.8
575.5
583.5
582
578.9
585.1
572.5
574.7
579.1
574
566.1
569.3
568.7
567.4
569.6
568.3
567.7
577.7
569.8
582.5
578.9
580.6
576.2
575.7
575.8
566.7
572.7
564.7
565.9
566.1
573.8
568.4
567.7
574.4
580.8
583.4
578.6
577
570.7
571.2
569.5
564.2
564.2
562.1
566.1
567.1
572.2
570.9
573.1
576.7
580.5
574.9
573.7
571.2
567.7
572
560.6
565
567.1
570.8
573.7
571.8
583.5
575.5
571.3
580.5
574.1
574.2
568.2
562.7
562.3
561.4
564
563.4
563.1
563.1
569.4
565.1
573.8
576
569
568.8
573.3
565.2
569.9
561.3
565.3
557.9
560.2
568.7
570.3
571.4
568.7
575.1
581.8
568.8
571.4
571.8
577.1
567.8
572.9
572
563.2
564.2
566.8
570.7
566
568.3
582.8
572.5
577.6
580.2
569.6
570.4
573.7
571.4
562.8
567.4
568.3
560.9
565.3
575.9
574.3
570.9
581.8
569.1
574.1
572.3
567.2
564
567.2
559.8
561.4
561.2
567
571.1
571.2
567.6
566.9
569.5
573.6
572.8
573.2
572.6
571.5
571.8
564.3
566.2
564.3
557.3
567.5
570.5
570.8
573.4
566.3
565.4
577.6
569
568.4
569.4
562.2
563.5
561.5
555.8
563.4
565.2
571.6
567.8
569.4
563.7
566.7
565.8
556.8
558.2
565.5
559.8
557.1
561.8
559.9
561.8
565.2
560.5
567.1
565.3
568.6
571.9
570.3
567.2
568.7
555.5
556.6
561.9
558.4
555.7
553.5
568.1
564.4
571.2
567.5
565
563.4
554.7
560.7
561.5
553.8
557.2
557.3
557.6
556.6
568.8
551.4
566.9
563.4
569.1
569.1
564.3
573.8
563.4
557.8
558.7
560.8
559.7
554.7
559.9
558.4
559.7
564.4
567.6
566.6
565
567.7
559.7
561.9
559.3
557.1
556.9
558.9
562.3
553.2
558.1
566.2
564.7
563.7
573.3
565.8
566.1
559.2
559.1
559
553.8
558.4
563.3
553.3
561.5
565.7
568
558.8
571.3
566.1
572
568
561.3
566.4
556.6
551.9
557
552.9
559.3
557.2
557.8
559.5
568.1
562.7
565.5
562.9
557.3
561.1
557.4
556.1
546.3
558
549.3
555.3
557.3
557.6
554.5
558.9
561.3
567.2
558.9
560.5
558.3
553.2
560.3
552.2
554.4
554
554.6
555
555.5
558.8
560.8
564
565.5
563.2
564.5
566.6
553.3
554.7
552.4
554.6
559.5
539.2
555.1
557
559.5
556.5
561.4
561.6
560.2
553.9
558.8
553.5
549
554.6
551.4
553.6
551.6
554.1
552.3
554.6
560.2
550.7
557.4
560
559.8
553.6
550.1
544
544.8
546.9
546.7
547.5
553.8
552.1
556.2
554.2
561.1
552.6
553.7
558
553.3
542.9
551.1
544.4
550
550.2
549
545.6
550.6
553.5
553.2
554.3
555.5
559.5
558.2
556.7
552.2
548
540.3
547
543.7
550.6
545.1
555.2
555.9
558.3
559
561.3
564.2
551.9
555.8
550.6
557.6
551.9
544
549.2
554.9
545
552.8
552.1
560.6
563.4
558.9
565.8
553.6
550.2
549.8
553.9
548.6
549.7
551.9
543.7
551.4
559.2
555.8
558
558.6
569.5
557
553.7
555.8
547.4
546.8
551.6
542.9
542
544.5
553.7
551.1
551.1
556
554.9
560.5
559.9
559.7
555.1
547.1
543.8
550.8
542
548.8
544.8
546.9
545.3
554.9
559.4
561.9
555.2
554.7
548.1
546.4
540.6
547.4
540.1
546.7
543.1
541.2
549
547.7
554.9
553.4
558.4
557.9
552.9
552
548.4
550.3
543.4
547.3
545.3
545.5
551.2
547.9
552
555.5
553.4
558.7
556
554.3
551.3
548.9
550.1
547.1
544.8
543.2
543.7
546.9
548.9
554.3
549.1
560.6
556.2
561.8
551.1
558.6
547.6
547.4
545.6
546.3
546.6
545.9
544.6
551.4
551.8
555
556
548.9
556.6
555.5
553.5
545.5
548.1
534.3
543.6
544.6
540.2
542.4
544
544.3
555.8
551.3
560.2
553.2
545.2
552.4
544.4
543.5
553.9
544.3
544.6
545.6
545.6
545.8
554.5
545.1
550.9
555.2
549
549.5
548.8
545.7
549
542.3
542.3
538.4
543.7
540.8
550
547
550.6
551.4
545.2
549.3
553.6
556.8
543.4
544.1
548.6
545.9
548.9
546.5
539.8
544.7
554
540.7
548.8
553.5
550.6
549.8
546.5
547.1
547.5
542.4
541
539
538
540.1
541.9
541.4
550.5
547.3
552.5
559.3
549.3
556.4
553.1
545.2
539.3
542
540.5
535.6
540.6
542.9
543.5
544.5
550
555
552.7
556.8
554.3
553.5
545.4
543.1
540.3
544.4
543.7
530.4
542
540.1
554.1
553.2
548.5
557.6
551.8
550.7
552.7
546.7
548.5
542.7
541.3
542.8
541
542.7
536.4
547.3
552.3
552.9
551.1
549.1
547.8
546.3
546
547
540.4
546.1
537.9
539
544.9
542.8
533
542.9
547.8
548.2
551.1
552.9
549.7
551.2
544.7
545.5
533.3
536.2
543.4
541.8
537
546
554.6
552.8
553.5
549.5
549.8
550
550.8
546.4
544.7
546.1
542.9
536.9
538.4
537
559.8
545.1
551.9
546.3
552.1
553
553.2
549.4
539.5
539.7
540.8
541
540.3
546.9
538.7
544.1
547.5
554
547.2
554.3
553.2
547.7
551.9
544.2
536.9
534.1
541.6
539.2
537.5
542.9
548.5
544.8
540.8
550.2
554.5
550.1
551.7
548.2
550.4
543
540.5
543.8
528.5
538.5
543.6
541.2
549
551.9
545
550.6
546.5
546.3
545.4
540.8
546.2
540.1
538
536.6
542.1
540.3
543.9
541.6
553.4
534.8
552.5
547.7
553.3
543.9
537.7
538.7
543.4
538.7
543.4
539.7
543.5
542.4
551.2
551
549.4
550.1
543.9
543.1
545.5
541.1
542.9
541.3
537
538.3
536.2
540.8
547
544.6
549.6
553.2
553.3
551.6
547.5
542.1
542.2
541.7
536.5
538.4
542.4
536.8
540
543.8
543.3
544.4
549.8
549.7
549.5
545.8
546.8
542.4
541.6
544.4
537.2
539.3
541.7
542.8
537.2
540.8
550.6
552.4
546.9
550.4
543.7
546.8
537.6
544.9
538.3
528.4
538.4
521
539.7
542.1
548.9
548.3
548.4
558.4
549.9
542.9
540.9
540
544.1
536
534.7
537.9
532.3
540.2
537.5
543.1
545.2
544.5
545.7
547.7
543.1
538.2
542.8
535.2
537.5
536.8
534.9
538.3
532.8
541.1
544.5
543.7
545.3
551.6
549.2
540.1
541.3
543.5
540.3
541.1
543
541.5
542.4
543.4
543.4
549.3
551.1
544.5
545.2
547.2
543.7
545.6
541.8
537.4
536.2
538.2
536.1
534.6
536.4
540.8
544
544.5
547.1
550.6
541.9
546.3
532.7
532.1
541.6
533.7
538.3
533.4
537.1
543.6
545.7
538
546.2
551
545
551.4
536.7
548.6
536.1
539.9
546.2
534.9
531.3
538.6
534.6
541.6
548.6
549
545.2
545.7
542.9
538.7
538
538.8
540.5
537.1
536.4
535
540.4
537.5
539
533.1
545.4
543.1
540.8
544.4
537.7
541.8
538.4
532.7
540.9
534.7
529.4
543.7
538.5
539.9
547.1
547.2
538.5
543.7
547
542.4
551.2
539.3
540.8
536.8
541.3
539.2
537.2
542.8
543.2
542.8
546.5
544.4
545.4
538.9
540.8
537.6
534.7
535.1
537.6
534.7
535
542.6
540.7
540.8
547.4
545.8
544.9
540.5
543.5
538.5
536.3
537
536.8
539.3
537.2
534.9
541.5
543.1
543.2
539.8
542.7
543.2
549.3
544
542.7
541.8
545.7
537.7
535.7
540.4
540.3
537.9
538.5
543.9
546
557.6
548.5
542.3
536.5
536.7
537.2
533.9
539.5
544.6
533.1
532.6
538.3
544
545.9
547.6
544
550.7
540.9
541.8
538.3
536.7
536.7
535.5
540.2
535.8
536.8
541.6
545.6
546.4
551.1
544.2
541.9
541.6
537.7
535.9
538.3
536.1
533.8
534
537
538.6
539.6
541.8
545.4
545.3
545.8
541
544.4
543.9
538
543
537.7
537.1
536.8
542.1
538.8
543.2
546.9
546.2
547.3
536.4
544.1
545.1
545
539.3
538.6
536.3
535.5
539.9
531.9
541.3
545.5
537.2
548.6
546.3
546.3
542.8
543.3
536.9
544.7
538.8
532.9
537.6
537.5
530
541.8
545.8
547.6
549.6
543.9
545.7
547.7
541.4
539.2
536.6
540.1
542.4
536
539.6
535.7
536.4
538
540.3
552.5
544.1
547.9
543.9
543.1
538.9
540.3
530.1
534.3
530.5
541.1
536.3
543
534.3
541
541
547.9
547.7
548.1
542.9
541
536.5
532.9
536.4
536
530.5
531
534.3
547
547.8
548.9
547.2
545.5
548.7
536.8
543.7
537.7
534.2
536
537.5
533.8
539.3
540.3
545
545
549.4
547.4
549
547.8
547
544.7
539.4
536.2
531.7
529.3
535.6
533.6
537.6
537.2
541
549.5
540.8
546.5
541.9
544
540.5
539.3
536.5
536.1
541.9
533.4
537.3
543.3
552.8
537.4
547.9
549.8
546.7
553.6
540.7
541.9
539.4
534.4
533.9
540.5
539.8
538.2
536.3
542.9
537.9
545.8
550.5
549.5
550.1
536.8
542.4
542.6
541.6
538.7
536.6
541.1
536.4
540.8
543.7
551.1
549.5
541
548
544.7
545.6
532.2
539.8
535.2
537
532.1
535.6
539.1
542.1
539.4
547.7
552.8
550.4
545.3
548.6
540.4
539.4
542.4
536.3
531.9
534.4
539.3
540.3
550.3
542.4
542.1
546.1
544.1
539.8
542.9
540.6
538
538.3
538.6
540.3
533.6
534.3
538.3
538.1
549.2
546
538.6
550.1
544.1
550.3
546.6
534.9
538
536.6
539.6
535
536.4
538.8
541.6
540.3
546.6
544.1
543.1
538.6
537.1
539.5
536.2
534.8
529.4
534.7
534.1
537.7
543.1
544.9
542
550.5
545.6
543.4
546.6
543.3
535.4
536.3
539.3
534.2
540
538.2
532.3
539.7
547.3
539.9
546.5
551
545.2
540.1
532.6
539.9
536.5
540.6
534.7
534.3
537.5
543.7
544.4
537.9
540.8
543.1
546.2
535.7
539.8
537
540.6
535.3
529.4
532.9
532.9
536
533.5
531.1
539.3
541.5
551
538.5
536.7
551
537.4
538.3
536.9
538.3
531.6
533.1
530.2
533
535.3
537.2
539.5
540
541.9
541.8
541.6
535.2
531.6
532.2
537.4
537.6
546.7
531.2
535.5
533.6
546.3
541.2
554
551.2
538.6
537.6
536.7
531.8
537.4
524
541.9
540.4
533.8
541.7
542.5
537.2
540.7
553.6
547
552.5
541.2
541.9
540.3
543.6
533.1
534.7
534.8
535.6
540.9
538.9
551.5
544.8
543.7
549.6
551.8
543.3
542
537.2
534.8
541.5
532.5
538.4
538.4
543.9
546.7
551.1
546.8
544.7
548.2
543.4
543.1
529.6
539.8
535.1
537.7
538.5
539.5
536.1
537.6
539.4
541.5
549.6
539.1
549.4
544.5
539.6
537.3
535.2
537.7
532
532.9
529.6
535.7
540.9
544.6
538.5
547.2
546.1
551.9
540.1
533.2
537.5
533.7
533.2
530.8
533.6
531.7
528.3
530.7
542.9
537.9
545.4
540.2
546.6
537.8
537.1
534.7
538.2
536.5
536.5
530.3
531.7
532.4
542.4
535.4
541.7
546
546.2
547.3
541.4
536.8
530.9
531.2
529.2
533.5
535.2
537.7
536.2
534.2
539.5
537
544.4
545.2
539.1
543.1
537.7
537.1
536.2
535.4
534.1
529
536.6
533.4
533.7
538
548.7
543.7
545.7
544
544
536.3
535.6
528.6
537.5
535.9
530.5
538
536.1
540.7
542
543.6
544.1
544.5
544.5
543.9
538.6
533.5
538.5
540
535.8
533.9
526.7
533.2
533.4
541.4
554.8
537.2
544.7
541.5
545.3
543.1
541.9
535.8
540.9
540.2
535.4
537.3
536.5
536.3
543.2
546
537
543
546.8
547.3
540.8
536.3
533.5
537.9
538.8
536.5
527.3
537.3
545.5
540.9
542.2
542.6
