749.8
755
757.1
750.3
757.6
756.7
760.2
760.9
757
761.3
758.8
761.2
757.2
762.6
767.9
751.8
765.3
764.3
761.5
756.5
757.2
752
760.6
767.6
762.2
772
773
774.7
768.2
773.9
776.8
771.2
772.2
772.5
774.6
773.9
789.5
787
793.1
801.7
797.1
812.6
806.2
818.7
826
830
840.5
835.6
844.4
844.4
844.8
839.5
840.3
837.7
841.6
844
852.3
866.3
871
881.3
885.5
878.6
882.7
881.4
876.6
872.5
876
881.4
877
877.8
888
892.1
897.8
899.8
904.5
899.1
901.6
906.1
898.3
898.2
896.3
901.4
906
901.9
909.8
909.8
905.7
910.7
912.6
925.5
922.4
924.7
921.2
921
916.1
918.7
915.9
916.2
909.6
910.3
904.3
898.9
903.6
906.5
898
896.1
896.6
885.5
885.5
880.7
870.4
863.7
870.4
879.9
871.8
871.2
874.4
878.9
885.2
885
871.9
859.8
863.1
858.7
868.6
869.2
866.8
890.7
898.6
917
920.4
922.7
922
932.4
925.5
929.1
928.8
924.9
914.2
919.7
911.5
898.6
913.5
929.5
933.9
946.1
953.2
953.3
953.6
955.9
969.5
964.4
961.9
960.4
956.8
954.2
962.5
957
954.6
936.7
948.8
963.3
976.1
985.3
995.4
1002.9
1009.6
1009.9
1026.1
1018.2
1037.4
1037.4
1049.6
1042.2
1044.1
1039.6
1039.8
1042.4
1051.6
1058
1048.4
1049.6
1056.2
1035
1025.2
1029.6
1038.7
1049.6
1052.9
1056.1
1067.3
1074.2
1072.8
1073.9
1083.9
1089.2
1091.1
1099.7
1103.1
1096.8
1088.3
1090.9
1097.2
1104.3
1105.2
1110
1122.2
1121.1
1122.8
1132.9
1133.5
1136.7
1143.1
1134.5
1135.5
1137
1143.2
1134.1
1142.6
1135.9
1138.6
1151.1
1159.8
1150.6
1158.2
1164
1161.2
1166.9
1178.4
1169.8
1169.3
1178.9
1181.5
1181.4
1182.3
1186.3
1182.4
1190.3
1202.7
1208.2
1212.9
1231.7
1236.1
1233.8
1224
1224.3
1227.8
1216.9
1218.5
1220
1213.7
1223.5
1234.9
1237.4
1239.4
1246.3
1250.1
1250.9
1252.8
1254.1
1256.3
1260.2
1268.5
1268.6
1272.9
1271.1
1268.2
1269.6
1275
1281.1
1281.1
1288.1
1285.3
1280.2
1285.6
1292.7
1276.1
1298
1269.5
1267.1
1273.9
1280
1285.4
1283.8
1278.3
1276.4
1275.1
1272.5
1275.3
1276.5
1276.3
1286.6
1275.6
1266.7
1256.5
1268.2
1269.3
1270
1274.6
1288.5
1289.3
1294.3
1299.8
1297.6
1296.6
1291.1
1290
1298.5
1291.5
1295.8
1296.2
1291.8
1291.1
1298
1302.6
1312
1314.4
1309.8
1310.7
1318.8
1325.5
1323.1
1321.3
1318.8
1321.5
1303.8
1323.4
1317.1
1326.9
1328.7
1331.7
1329.5
1333.8
1307.3
1309.9
1321.1
1333.5
1322.9
1285.7
1267.6
1252.1
1252.5
1268.3
1268.2
1267.3
1262.7
1270.4
1272.6
1264.2
1259
1249.7
1234.8
1224.7
1211
1209
1199.2
1196.7
1179.7
1176.7
1176.2
1168.5
1166.6
1169
1149.3
1134.4
1130.5
1127
1125
1118.2
1106.8
1099.5
1095.7
1094.1
1090.9
1096.5
1101.3
1102
1097.2
1091.8
1089.4
1084.4
1078.3
1068.7
1052.2
1058.8
1051.4
1062.3
1041.9
1034.4
1041.8
1050.5
1057.7
1057.6
1058.3
1054.4
1044.5
1042.4
1039.9
1051.6
1048.9
1060.6
1046.5
1064.9
1040.3
1042.9
1038.5
1033.5
1033.2
1028.5
1019.1
1013.6
1018.5
1019.4
1037.4
1039.2
1035.4
1029.2
1036.8
1005.1
1035.4
1037.3
1042.3
1044.9
1033.6
1043.4
1055.1
1043.7
1049.3
1051.9
1050.8
1042.4
1052.5
1046.8
1052.7
1058.5
1058.5
1065.7
1071.9
1069.5
1067.9
1064.8
1062.8
1073
1073.9
1076.7
1077.7
1081.3
1072.3
1083.7
1077.5
1094.8
1092.1
1097.2
1100.6
1112.8
1095
1099.5
1101.9
1093
1090.4
1089.3
1088.5
1103.1
1108.1
1112.8
1125.8
1132.7
1153.9
1169.8
1163.2
1163.8
1151.5
1163.4
1169.2
1166
1166.3
1171.5
1172.9
1165.3
1184.9
1198.4
1202.6
1199.8
1208.3
1205.4
1194.9
1204
1200.8
1207.3
1208.1
1214
1217.9
1226.7
1212.3
1215.8
1239.7
1235.6
1239.7
1236.7
1247.7
1246.9
1249.5
1246.7
1238.1
1229.9
1236.1
1239.9
1238.4
1250.6
1266.8
1261
1259.4
1263.7
1255.1
1262.5
1278.4
1281.5
1283.7
1275.9
1268.1
1274.7
1281.5
1285.2
1284.7
1282.6
1295.9
1292.4
1305.4
1304.3
1317.9
1314.9
1313.3
1312.3
1311.9
1306
1304.4
1302.1
1311.4
1307.2
1320.2
1323.9
1329.9
1332.1
1334.6
1329.2
1327.7
1337.6
1335
1335.3
1326.7
1340.4
1333.9
1337.2
1337.7
1341.4
1347.7
1355
1360.8
1364.9
1372
1387.6
1390
1395.8
1391.8
1372.5
1368.3
1379.1
1394.2
1398.2
1401.9
1403.4
1414.1
1405.3
1385.1
1387.6
1386.1
1391.7
1385.9
1378.8
1377.4
1375.7
1381.7
1374.3
1373.3
1371.5
1379.5
1382.4
1384.6
1393.7
1392.2
1390.3
1396.9
1393.7
1396.4
1403.2
1392.9
1391.4
1392.4
1398
1394.8
1395.7
1400.1
1401.3
1404.3
1404.4
1405.7
1396.9
1400.5
1402.7
1407.4
1401.6
1397.4
1397.4
1400.9
1397.9
1389.5
1396.4
1392.5
1389.2
1390.3
1399.4
1402.2
1406.3
1418.6
1415.8
1411.6
1405.9
1401.6
1395.1
1390.2
1398.8
1398.7
1395.3
1396.9
1398.1
1402.4
1392.7
1392.9
1391.4
1403.6
1390.3
1381.8
1386.7
1381.8
1382.6
1387.9
1380.8
1381.5
1383.9
1398.2
1380.8
1386.2
1350.8
1351.4
1361
1354
1356.4
1362
1363.6
1360.4
1363.2
1364.6
1368.4
1365.7
1377.6
1388.7
1401.8
1396.5
1390.4
1392.5
1388.1
1388.1
1379.6
1377.1
1388.8
1388.1
1390
1392.7
1393.6
1390.5
1397.5
1401.3
1391.7
1403.7
1393.6
1397.5
1393.1
1398.4
1387.6
1388.3
1385
1387.6
1395
1410.8
1395.8
1406.5
1405.3
1419.7
1410.5
1403.9
1405.1
1407.8
1405.9
1406.1
1401.5
1406.6
1399.7
1402.9
1419.5
1415.6
1424.2
1425
1428.7
1434.8
1439.9
1424.2
1430.7
1430.2
1433.9
1425.8
1423.8
1429.9
1435.2
1430.4
1429.4
1438.1
1440.4
1448.6
1443.2
1450.1
1449.7
1437.5
1444.2
1449.9
1442.6
1435.3
1438.4
1429.2
1433.8
1447.2
1456.3
1461.2
1463.5
1459
1463.9
1457.1
1447.7
1451.7
1449
1451.2
1452.6
1461.4
1461.2
1462.5
1455.1
1465.1
1461.8
1478.3
1475.6
1477
1464.3
1471
1475.6
1473.2
1464
1464.8
1459.9
1480.5
1475.9
1482.9
1466.9
1469.3
1477.8
1488.9
1484.1
1488.4
1482.6
1475.5
1477.9
1483.1
1472.9
1480
1474.5
1482.5
1471.2
1485.3
1486.8
1497.8
1488.3
1490.6
1495
1492.1
1499.2
1495.2
1483.5
1490.6
1493.6
1483.1
1493.5
1493.1
1448.8
1468
1471.8
1485
1505.7
1509.8
1509.4
1517.2
1510.2
1523.5
1518
1518.1
1517.5
1522.6
1526.5
1526.6
1526.4
1517.8
1515.8
1526.4
1524.7
1521.6
1525.5
1512.6
1500.2
1498
1500.8
1490.8
1499.3
1487.1
1492.9
1492.8
1485.8
1487.6
1487.9
1487.7
1483.2
1493
1475.1
1449.7
1469.7
1473.3
1463.7
1459.4
1460.3
1461.3
1472.9
1470.4
1483.1
1478.4
1477.5
1468.1
1473
1467.5
1461.2
1476.7
1476.8
1474.2
1493
1475.9
1479.5
1478.6
1478
1483.8
1487.7
1484.3
1495
1496.8
1502.1
1498.7
1500.8
1509.5
1498.2
1511.1
1500
1502.2
1505.8
1499.4
1510.1
1520.9
1524.1
1520.4
1531
1520.2
1526.1
1535.3
1534.7
1526.8
1529.8
1541.2
1531.3
1541.3
1548.2
1543.8
1522.2
1515.4
1486.9
1460.1
1446.5
1414.6
1406.6
1396.8
1396
1387.3
1377
1365.2
1350.2
1354.4
1346.2
1330.2
1319.7
1309.9
1297.4
1295.5
1279.5
1263.1
1266.3
1268.2
1272.6
1272.1
1275.2
1286.2
1281.3
1286.9
1288.9
1264.4
1272.9
1248.3
1250.7
1252.3
1244.1
1235.1
1222.8
1219.4
1219.3
1219.4
1225.6
1230.9
1235.6
1228.6
1229.8
1221.7
1217
1206
1207.7
1180.8
1159.2
1158.3
1152
1146.4
1155.2
1138.3
1141.9
1132.8
1119.8
1109.5
1106.4
1099.7
1101.1
1115.5
1103.3
1071
1070.6
1081.9
1080.5
1095.4
1100.7
1114.7
1128.9
1139.7
1138.7
1140.8
1128.6
1128.3
1127.2
1127.6
1132.8
1137.3
1141.1
1141.5
1137.6
1134.4
1138.7
1137.2
1136.7
1138.7
1130.7
1133.3
1130.3
1132.2
1124.2
1125.8
1128.1
1135.1
1131.1
1127.5
1127
1134.2
1138.8
1134.1
1140.1
1144.5
1145
1152.7
1158.6
1152.6
1169.8
1176
1174.2
1175.8
1182.4
1200.2
1211.6
1213.4
1216.2
1214
1217.1
1212.8
1215.7
1212.8
1219.2
1234
1229.5
1222.6
1230.3
1225.4
1237.8
1247.8
1243.2
1247.9
1256.3
1262.5
1258.9
1269.1
1265.5
1260.8
1273.3
1256.5
1267.3
1267.3
1275.2
1279.2
1289.8
1288
1295.3
1300.3
1290.8
1293.9
1293.2
1286.3
1290.8
1295.3
1296.3
1306.2
1304.8
1306
1302.1
1313.6
1320.8
1325
1338.5
1333.3
1333.5
1337.3
1336.5
1332.8
1337.7
1327.9
1339.5
1335.7
1337.8
1344.4
1349
1364.2
1369.6
1368
1370.5
1383.3
1370.8
1376.7
1368
1357.4
1356.1
1362.6
1380.6
1382.8
1387.2
1389.2
1386.1
1401.6
1397.9
1402.3
1394.8
1390.7
1399.8
1397.7
1389.3
1382.2
1394.6
1400.5
1396.6
1398.4
1396.1
1398.6
1381.1
1382.6
1396.3
1381.1
1369.6
1381.5
1374
1384.1
1388.7
1380.3
1397.4
1389.5
1404.8
1405
1396.6
1411.3
1398.9
1399.7
1406
1406.6
1401.9
1399.6
1403.4
1400.3
1397.6
1408.4
1407.5
1416
1428.9
1414.7
1422.4
1425.9
1424.1
1417.1
1432.7
1418.7
1427.3
1416.9
1423.1
1414
1420.3
1431.6
1426.9
1428.2
1435.9
1440
1457.5
1457.5
1444.9
1444.3
1450.2
1451.2
1441.7
1440.2
1445.1
1446.9
1450.5
1455.7
1458.1
1466
1468.1
1475.4
1468.2
1465.2
1463.7
1475.5
1478.6
1468.9
1465.3
1471.2
1456.8
1466.8
1462
1464.3
1468.9
1486.8
1490.3
1492.3
1493.2
1484.8
1495.3
1486.2
1478.2
1490
1484.2
1484.7
1482.7
1476.9
1477.5
1493
1499.2
1502.9
1498.9
1500.3
1499.4
1491.4
1503.6
1469.1
1465.1
1478.1
1486.7
1486.8
1495.4
1487.7
1486.4
1488.7
1489.5
1484.9
1485.1
1483
1477.2
1473.5
1466.2
1466.8
1466.7
1460.3
1469.8
1471.6
1467.7
1467.5
1475.8
1475.3
1468.5
1467.1
1474.5
1468.7
1454.4
1435.1
1443.7
1453.6
1456.5
1461.4
1444.5
1455.6
1450.7
1447.8
1445.6
1441.7
1405
1401.8
1404
1386.8
1367
1336.4
1297
1263.5
1254.2
1238
1203.2
1208.6
1208.6
1201
1204.6
1184.7
1182
1173.5
1158
1139.6
1134.5
1125.6
1118.6
1115.1
1125.6
1120.8
1118.7
1119.8
1114.7
1123.5
1121.9
1108.6
1120.3
1113.8
1109.7
1107.3
1098.7
1104.7
1106.4
1095.9
1100.8
1095.9
1113.1
1109.5
1104.3
1112.3
1105.4
1105.8
1100.1
1112.4
1100.6
1102
1101.1
1095.1
1110.6
1093.4
1105.7
1099.6
1110.1
1107.3
1104.4
1116.2
1112.3
1115.4
1112.4
1100.6
1106.9
1098
1099.3
1104
1103.8
1094.9
1107.2
1099.3
1101.3
1104.7
1108.8
1112.9
1112.3
1108.9
1097.5
1101.4
1090.9
1092.9
1097.7
1100.6
1095.5
1092.8
1098.4
1102.3
1103.7
1098.4
1106.1
1110.2
1108.5
1100.5
1100.5
1098.8
1101.2
1101
1096.5
1097.7
1099.4
1095.3
1107.1
1104
1105.4
1103.3
1110.1
1111.8
1100.3
1095.8
1096.4
1102
1092.9
1087.6
1100.5
1096.1
1096.9
1095.1
1096.6
1104.4
1107.6
1109.1
1101.8
1101.1
1100
1101.3
1095.6
1095.1
1087.4
1091.4
1091.3
1092.9
1094.8
1103.3
1100.6
1111.3
1105
1106
1098.7
1110.8
1091.8
1095.6
1093.1
1101
1104.9
1099.3
1106.3
1108.2
1113.3
1111.4
1112.3
1110.6
1092.6
1123.8
1118.4
1105.9
1106.6
1098
1105.8
1092.9
1100.2
1096.3
1100.8
1098.2
1108.1
1103.7
1119.5
1116.4
1115.1
1108.1
1109
1111.4
1110.9
1112.2
1109.3
1115.3
1117.7
1116.7
1122.2
1128.5
1135.2
1137.2
1150.2
1143.5
1135.5
1145.2
1135.3
1141.3
1142.7
1135.9
1141.2
1135.1
1147.9
1139.6
1139.8
1154.1
1157.6
1153.9
1152.5
1157.7
1149.2
1143.8
1148.8
1152.5
1153.9
1162.6
1177.5
1168.2
1171.7
1175.9
1172.5
1172.4
1171.6
1177.5
1172.8
1171.6
1174.4
1168.7
1167.3
1164.4
1164.7
1175.3
1177.3
1182.2
1180.8
1187
1187.8
1189.7
1189.7
1187.1
1181.5
1179.8
1175.1
1190.2
1181
1187.3
1191.7
1190.4
1190.2
1191.3
1197.5
1203.8
1206.2
1201.3
1201.8
1197.2
1200
1219.2
1217
1197.2
1200.1
1193.9
1194
1199.8
1195.6
1210.4
1210
1200.1
1205.3
1202.2
1204.8
1197.7
1199.4
1198
1203.7
1193.4
1205.6
1201.7
1211.9
1216.6
1213.9
1220.3
1218.2
1215.1
1215.9
1218
1213.4
1216.5
1217.3
1212
1212.8
1216.2
1213.1
1217.6
1217
1236.4
1228.6
1226.6
1229.2
1227.3
1231.2
1226.3
1229.1
1233.4
1223.6
1222.5
1217.3
1229.5
1225.2
1227.5
1239.6
1236.5
1239.6
1238.4
1239.2
1240.2
1237.1
1232.7
1230.6
1230.4
1235.6
1240
1232
1233.1
1247.6
1245
1247
1250.6
1249.9
1257.4
1251.2
1240.1
1242.7
1238.3
1235.1
1241.4
1239.8
1234.2
1242.3
1240
1242.5
1247.8
1250
1244.4
1250
1250.3
1250
1240.6
1236.5
1241.5
1237.4
1237.1
1244.1
1245.6
1246.2
1246.7
1248.5
1255.8
1260.9
1257.3
1253.9
1256.3
1253.9
1257.2
1249.6
1251.8
1256
1258.8
1261.5
1246.5
1249.2
1256
1258
1267.1
1263.4
1260.2
1265.6
1258.3
1252.3
1262.5
1254.8
1253.3
1247.9
1257.6
1248
1259.2
1264.8
1275.4
1272.8
1267.9
1266
1277.1
1268.9
1248.5
1263.9
1259.8
1261.5
1265.9
1263.6
1276.8
1278.1
1269.4
1285.1
1285.1
1285.3
1275.9
1269.2
1256.1
1250.7
1253.4
1253.2
1267.9
1268.6
1277.8
1275.3
1279.1
1298
1314.7
1318.1
1334
1323.6
1318.2
1320.9
1325.3
1330.4
1322.2
1322.6
1322.4
1323.2
1323.8
1330.2
1342.7
1335.6
1341.5
1351.2
1343.9
1353.3
1346.8
1345.9
1338.9
1350.2
1353.2
1356.6
1344.2
1363.7
1363.4
1371
1375.4
1370.2
1375.6
1383.4
1366.2
1371.7
1377.5
1362.8
1358.8
1359.3
1367
1360.6
1367.4
1373.6
1379.9
1381
1393.2
1394.9
1393.3
1397
1398.7
1404.5
1413.3
1410.8
1408.2
1396.7
1375.7
1363.7
1359.9
1346.3
1338.8
1296
1276.4
1254.5
1272.9
1286.9
1306.9
1296.1
1282.6
1268.5
1272.3
1266.3
1272.9
1278.7
1281.5
1286.9
1294.9
1282.6
1280.6
1288.5
1283.5
1294.1
1303.7
1303.6
1299.3
1303.9
1308.7
1309.7
1306.2
1310.6
1308.3
1314.1
1322.9
1336.6
1338
1340.6
1343.9
1342.2
1347.8
1333
1338.4
1344.1
1337.2
1341.7
1345.5
1344.9
1351.7
1369.7
1371.2
1381.1
1375.6
1390.4
1395.5
1393.8
1394.4
1393
1388.6
1389.1
1410
1406
1409.4
1429.7
1442.4
1442.9
1426.9
1430.1
1432.3
1425.2
1426.9
1432.4
1435.6
1438.1
1436.4
1436.9
1443.1
1453.3
1450.1
1465
1465.8
1463.9
1467
1467.2
1473.3
1478.7
1481.1
1480.8
1481.6
1494
1488.7
1494.9
1505.5
1510.4
1516.8
1526.4
1528.2
1532.9
1541
1553.9
1546.2
1531
1527.8
1530.8
1528.7
1533.3
1538.7
1547.2
1561
1560.8
1552.3
1556.9
1563.7
1561.8
1566.8
1568.2
1573.9
1567.1
1568.2
1563.2
1563.6
1568.2
1578.6
1566.7
1585.2
1572
1586.3
1586.9
1595.1
1595.3
1585.5
1591.3
1600.7
1580.4
1582.3
1595.6
1600.4
1601.4
1605.8
1615.3
1612.7
1629.6
1614.7
1619.3
1621.1
1618.7
1613.1
1611.9
1615.9
1615.3
1626.5
1621.2
1636.6
1657
1668.8
1661.8
1651.1
1659.4
1660.1
1660.7
1663.7
1658.4
1660.1
1641.8
1662.9
1648.7
1668.5
1661.5
1655.6
1666.4
1640.9
1664.1
1658.2
1598.2
1606.8
1631.1
1623.3
1606.6
1601.1
1608.7
1606
1607.2
1606.8
1612.4
1609.1
1606.3
1609.3
1606.2
1606.7
1586.6
1576.5
1557.3
1564.4
1563.1
1577.2
1585.7
1587.9
1590.3
1586.3
1600.6
1598
1591.1
1587.2
1580.1
1568.3
1579.4
1574
1582.5
1580.6
1590.3
1582.6
1588.8
1579.4
1585.2
1596.6
1577.9
1568.5
1575.1
1585.3
1595
1589.4
1583.6
1598.6
1580
1591.5
1597.7
1594.6
1609.8
1614.6
1619.1
1623.6
1625.4
1630.4
1632.3
1628.9
1628.5
1637.9
1638.2
1631.6
1634.5
1648.6
1648.2
1648
1658.2
1658.7
1669.4
1660
1677.2
1665.8
1650.8
1655.3
1652.7
1651
1650.5
1644
1661.4
1646.6
1664
1663.4
1670.7
1669.3
1677.5
1683
1684.3
1687.7
1686.9
1690.5
1683.4
1688.6
1692
1694.3
1698.5
1699.4
1713.5
1705.6
1704.4
1711.5
1718.9
1713
1721
1718.4
1719
1725.3
1727.6
1723.8
1723.2
1723.6
1731.5
1728.2
1730.6
1742.4
1736.4
1745.3
1742.8
1748.7
1751.2
1753.1
1756.7
1758
1749.9
1741.4
1735.1
1728.1
1703.1
1694.1
1679
1615.2
1590.2
1564.5
1517.2
1499
1480.4
1460.5
1451.9
1440.5
1447.4
1429.1
1413.7
1418.8
1412.4
1415.8
1416.4
1418.8
1419
1427.8
1424.9
1419
1416.4
1412.2
1414.4
1414.1
1413.8
1422.4
1402.3
1415.6
1426
1434.8
1435.6
1435.7
1445.6
1461.4
1458
1466.6
1472.1
1471.4
1473.9
1486.4
1485.8
1481.4
1485.2
1489.7
1490.8
1506.7
1509.9
1512.7
1513
1505.9
1510.2
1506.9
1508.5
1513.6
1515.7
1534
1523.1
1536.5
1539.2
1547.9
1543.3
1550.2
1554.2
1554.1
1563.7
1564
1557.8
1555.7
1565.9
1570.6
1576
1576.6
1576
1585.3
1595.3
1603.9
1611.8
1615.1
1616.1
1613.4
1608.8
1598.3
1593.8
1589.2
1587.5
1578.3
1606.9
1610.8
1613.6
1627.1
1636.3
1642.2
1641.7
1628.2
1634.2
1642.5
1635
1635.6
1639.9
1640.5
1641.9
1650.4
1639.1
1656
1670.8
1666.2
1667.7
1671.7
1668.8
1670
1668.6
1671.1
1686.2
1691.8
1682.3
1695.5
1689.6
1683
1701.7
1705.4
1713.8
1711.7
1715.4
1731.6
1722.1
1730.4
1719.6
1719.8
1714.5
1717.6
1720.8
1708
1719.4
1721.4
1721.1
1728.7
1721.3
1731.1
1735.7
1733.9
1737.4
1737.4
1735.9
1741.2
1744.5
1746.5
1760.5
1755.5
1753.6
1758.6
1759
1777.2
1777.3
1789.3
1806
1794.4
1796.8
1790.9
1783
1783.1
1787.9
1780.2
1791.3
1778.8
1803.2
1796.7
1802.6
1819.6
1818
1820.3
1820.8
1822
1827.1
1774.7
1766.7
1814.3
1803
1788.6
1799.2
1806.2
1800.3
1802.6
1813.8
1818.1
1799.7
1790.5
1794.4
1808.3
1804.8
1812.9
1805.8
1809.9
1786.2
1787.1
1789.6
1793.8
1773
1785.9
1786.9
1790.3
1789.7
1795.3
1802.5
1795.5
1793.9
1786.1
1794.6
1799.9
1797.6
1792.2
1787
1783
1793.5
1810
1811.6
1805.9
1804.1
1805.4
1804.7
1804.1
1816
1771.8
1750.9
1765.2
1792
1803.2
1799.2
1808.9
1794
1805.1
1800.6
1798.5
1817.1
1795.9
1796.3
1794.6
1787.8
1793.9
1783.9
1778.7
1773.2
1778.8
1782.9
1779.6
1785.4
1787.4
1792.1
1805.2
1783.2
1793.9
1785.9
1781.4
1776.7
1774.8
1774.8
1732.3
1737
1766.2
1758.5
1772.5
1773.3
1783.7
1783.6
1772.9
1783.1
1771.7
1781.8
1777.2
1765
1778.7
1781.3
1784.3
1788
1782.7
1784.4
1806.7
1805.8
1802.8
1811.7
1809.9
1805.5
1798.2
1800.1
1797.4
1799.7
1795.1
1796.7
1799.1
1798.7
1810.9
1829.2
1820.2
1827.4
1828.4
1825.5
1824.6
1822.2
1811.3
1816.4
1805.8
1813.2
1821
1814.1
1822
1820.1
1815.2
1842.2
1805.1
1806.5
1820
1813
1832
1829.3
1830.4
1848.5
1848.3
1857.7
1863.8
1859
1876.6
1864.4
1881.6
1888.2
1891.8
1894.2
1879.3
1871.4
1875
1877.1
1890.8
1891.1
1895
1906.9
1898.7
1896.7
1909.1
1907.2
1922
1923.1
1919.4
1905.3
1918.5
1904
1912.9
1908.1
1932.6
1920.4
1924.3
1935
1941.7
1941.8
1943.5
1939.4
1941.1
1949.7
1951.1
1949.2
1946.8
1940.3
1937.4
1939.8
1950.6
1950.2
1951.1
1950.5
1953.7
1955.3
1955.9
1966.1
1965.8
1968.8
1936.7
1957.5
1949.7
1949.7
1957.4
1961.7
1962.3
1955.8
1973
1970.8
1968.1
1970.6
1974.7
1965.5
1961.2
1960.1
1955.9
1959.3
1953.2
1957.4
1962.8
1969.1
1968.3
1979.5
1989.1
1989.8
1986.4
1982.7
1989.3
1981.4
1972.8
1979.7
1972.4
1984.6
1976.7
1983.5
1981
1988.9
1985.4
1981.2
1994.8
1982.7
1996.6
1994
1992.4
1989.6
1976.8
1994
1986.9
1997.2
1994.7
1995.5
2015.7
2015.1
2015.3
2015.3
2023.1
2022.4
2014
2021.1
2028
2017.9
2019.7
2007.3
2008.4
2017
2009
2021.8
2013.3
2018.4
2028.2
2020.9
2033.9
2024.6
2039.1
2038.9
2043.4
2031.1
2034.5
2033.9
2040.4
2034.5
2032.7
2038.9
2041.4
2038.8
2049.9
2045.7
2054.8
2053.7
2035.4
2044.1
2043
2039.9
2033.7
2041.4
2035
2028.3
2030.9
2031.2
2048.3
2048.3
2059.6
2053.6
2060.2
2055.3
2044.8
2048.3
2041.4
2054.4
2051.4
2049.8
2056.7
2047.1
2045.4
2045.1
2063.8
2065.4
2072.4
2060
2066.3
2068.9
2061.1
2066.5
2058.4
2071.7
2056.7
2067.9
2070.3
2061.5
2073.1
2073.9
2072.2
2073
2079
2072.3
2079.1
2080.1
2064.6
2066.8
2065.5
2059.2
2061.8
2062.6
2069
2074
2074.6
2087.1
2089.4
2006.4
1989.6
1887.6
1825.1
1782.1
1711
1679.6
1605
1509.5
1475.3
1403.5
1412.2
1427
1387.7
1346.3
1326
1307.1
1293.7
1297.1
1306.1
1304.3
1308.8
1301
1312.1
1306.2
1299.6
1306.5
1315.4
1318.9
1329.9
1327.9
1333.5
1339
1348.5
1364.5
1353.2
1376.7
1368.7
1364.1
1374.4
1371.6
1376.1
1383.7
1394.3
1383.7
1404.7
1400.9
1415
1422.4
1416.6
1416.2
1419.5
1411.9
1416.1
1415.7
1428.6
1438.9
1436
1435.2
1442.1
1454
1465
1465.9
1464.4
1461.5
1457.1
1467.9
1468.8
1469.3
1464
1473.5
1472.2
1476
1485.1
1488.2
1496.4
1494.7
1499.6
1506.7
1504.7
1502.7
1515.4
1509.4
1503.2
1524.7
1514.6
1524
1519.3
1521.9
1532.8
1528.1
1535.3
1549.9
1556.5
1550.5
1551.9
1545
1549.3
1547.3
1554.5
1560.1
1516.1
1544.7
1530.4
1518.9
1537.4
1555.5
1574.4
1571.5
1574.6
1562.7
1545.8
1545.4
1538.4
1539.9
1538.3
1529.1
1533.7
1526.4
1536.7
1534.7
1542.8
1546.2
1551
1553
1555
1547.4
1544.9
1541.7
1554.4
1559.7
1550.9
1556.3
1564.5
1564.2
1566
1568.2
1567.1
1571.2
1572.7
1578.7
1578.2
1571.3
1568.5
1566.5
1563.1
1559.4
1576.6
1570.1
1574.3
1577.9
1588.1
1607.6
1600.4
1584.1
1596.3
1596.3
1588.8
1594.4
1583.5
1582.3
1579.3
1590.2
1582.4
1593.7
1606.7
1603.2
1604.9
1619.7
1621
1620.8
1618
1607.3
1616.9
1616.2
1611.1
1617.1
1608.5
1606.5
1618.7
1623.8
1640
1638.2
1641.7
1605.8
1620.7
1629.9
1641.7
1633.6
1633.5
1640.1
1633.5
1638.3
1608.8
1614
1614.2
1600.3
1586.2
1593.4
1593.7
1587.5
1574.8
1569.6
1562.2
1525
1487.6
1504.3
1507.2
1507
1499.4
1495.7
1487.3
1484
1485.4
1485.4
1486.4
1489.1
1495.3
1483.9
1466.2
1477.9
1465.1
1455.8
1465.5
1449.6
1446.2
1442.9
1444.8
1452.5
1446.4
1453.5
1457.9
1450.8
1448.6
1439.5
1427.1
1412.5
1409.9
1413.4
1419.7
1434.2
1428.3
1443
1440.3
1444.4
1432.6
1405.6
1385.3
1384.9
1392.6
1412
1396.4
1418.7
1418.8
1409.8
1400.7
1396.2
1381.2
1388
1394.3
1394.8
1384.1
1376.1
1370.7
1364
1358.2
1345.6
1338.9
1339.1
1318.6
1319.9
1333.1
1330
1338.1
1340.4
1350.8
1294.8
1307
1309.1
1293.1
1291.8
1280.1
1277.6
1276.6
1283
1282.3
1293
1295.3
1302.6
1311.1
1311.3
1316.4
1310.6
1313.5
1316.5
1324.4
1315.2
1311.7
1310.3
1309.2
1308
1314
1313.8
1327
1336.2
1333.2
1337.8
1319.9
1312.8
1292
1268.5
1277
1262.4
1255.9
1245.4
1249.4
1222.7
1213.9
1214.3
1225.5
1226.5
1191.1
1190.5
1181.5
1157.4
1157.3
1145.4
1138.3
1123.5
1110.1
1101.1
1100.9
1095.4
1093.2
1100.4
1101.1
1107.4
1105.4
1108.2
1104.8
1090.5
1091
1099.4
1098.9
1106.8
1118.8
1119.6
1118.3
1123.6
1126.2
1147.2
1148.1
1153.7
1167.9
1153
1155.9
1158.6
1164.4
1168.2
1175.4
1166.4
1163.7
1172.4
1176.1
1168.3
1177.6
1181.9
1189.4
1205.5
1230.9
1221.5
1209.6
1208.8
1200.5
1208.6
1208.7
1209.2
1199.9
1204.2
1209.3
1226.5
1220.9
1223.6
1229.3
1213.9
1214.6
1211.9
1210.7
1212.5
1213.1
1203.3
1202
1212
1213.2
1220.3
1219.6
1216.6
1211.7
1209
1208.3
1204.1
1198.3
1201.6
1199.7
1198.1
1201.7
1202.5
1205
1210.9
1206
1207.3
1203.4
1205
1205.2
1207.1
1192.7
1184.2
1179.5
1180.5
1178.4
1186.1
1181.9
1190.9
1193.6
1193.1
1189.7
1196.4
1192.3
1192.5
1188.5
1195.9
1195.4
1189.1
1179.9
1181.4
1184.1
1184.2
1182.4
1173
1185.9
1182.6
1194.7
1186.1
1191.4
1185.3
1181.1
1183.5
1182.6
1178.5
1177.6
1174.1
1174.3
1162.3
1169.1
1164.5
1176
1177.6
1179.3
1182.1
1190.6
1188.2
1203.8
1204
1207.6
1214.2
1224.6
1224.6
1226.1
1234.5
1237.5
1233.4
1226.6
1234.5
1233
1235.9
1221.8
1218.8
1215.7
1214.3
1214.9
1216.8
1217.1
1219.9
1208.9
1213.4
1219.3
1217.8
1223
1216.2
1227.5
1211.7
1214.9
1210
1206.7
1203.9
1205.7
1200.8
1197.5
1196.9
1199.9
1200.9
1208.2
1204.8
1203.3
1199.7
1200.5
1196.4
1199
1189.4
1195.7
1189.8
1185.6
1190.5
1186.8
1185.8
1189.7
1190
1192.5
1193.6
1198.9
1191.7
1193
1197.6
1182.3
1183
1181.3
1181.3
1179.9
1182.7
1193.4
1180.5
1182.1
1180.8
1185.2
1191.1
1182.4
1180.2
1178.2
1179.7
1176.1
1175
1177.7
1174.9
1168.5
1176.5
1176.2
1179
1173.1
1172.2
1174.8
1177.5
1176.4
1164.5
1170.3
1159.5
1163.8
1167.9
1153.6
1161.1
1157.1
1157.9
1157.1
1159.9
1164.2
1159.4
1135.6
1135
1124.9
1111.4
1105
1095.8
1078.3
1062.5
1069.7
1077.2
1077.8
1076
1074.1
1076
1068.7
1064.2
1061.2
1060.1
1048.3
1044.7
1035.3
1033.5
1024.5
1028.2
1025.5
1017.2
1025.2
1030.1
1035.5
1038.5
1036.3
1027.5
1022
1025.7
1026.2
1022.4
1017.4
1011.1
1008.3
1004
1000.3
1008.5
1014
1032.4
998.7
995.5
990.9
988.8
979.4
977
980.9
988.2
988.3
981.6
992.4
987.2
999.3
998.4
1009.2
1007.4
1010.7
1002.3
1002.5
1002.7
993.7
1002.6
1003.7
1011.8
1014.1
1013.2
1018.7
1018.2
1018.1
1022.6
1024.4
1021.6
1021.7
1021.3
1025.3
1017.9
1016.7
1021.1
1021.4
1010.9
1017.5
1015.4
1020.1
1027.2
1026
1031.9
1032
1031.1
1019.5
1024.8
1039.6
1017.4
1012.3
1018.3
1022.5
1034.5
1027.2
1020.9
1028.4
1031.3
1040.3
1030.8
1025.3
1029.7
1016.5
1021.9
1027.6
1018.2
1023.4
1008
1019
1008.9
1005
1010.6
1015.9
1016.5
1012
1020.8
1011.9
1023.3
1017.3
1021.3
1013.4
1008.5
1011.5
994.9
1008.5
1003.5
1014.4
1007.1
1010
1019
1013.1
1014.7
1014
1009
1012.4
1009.4
1002.7
1003.2
998.9
994
998.9
999.2
999.7
1008.3
1005.9
1009.3
1009.6
1005.7
1005.8
996.9
1003.8
993.4
989.2
993.4
991.2
988.8
988.5
994.1
1000.7
999.6
1000.5
1003.2
1001.1
993
993
992.1
988.6
987.3
984
986.3
990.3
986.8
989.6
995.4
990.6
995.5
996.1
990.4
1001.7
986.4
989.5
976.3
978.2
978
986.8
975.6
977.4
984
984.8
992.4
989.6
989.4
982.3
989.1
984.6
979.1
976.7
966.3
972
972.6
967.7
984.8
973.4
976.7
979.9
982.8
981.8
979.4
973.6
975.9
975.4
967.8
968.2
964.7
968.7
960.5
967
966.5
971.4
973.2
972.5
971.9
968.4
970.9
970.2
966.4
963.4
967.7
959.6
962.2
962.6
967.3
964.1
