740.7
742.8
746.3
746.7
740.6
744.8
737
736.9
735.7
728.8
733.9
734.3
734.3
741.3
751.6
751.7
756.7
746.7
751
748.8
746.7
741.1
755.9
759.7
748.3
751.1
747.9
749.4
757.3
760.7
761.8
771.3
788.1
796.1
797.1
792.7
794.5
793.9
794.8
800.9
800
798.8
803.9
810.1
804.6
811.1
816.2
835.6
838.9
830.7
837
834.7
834.7
837.8
841.3
838.6
847
843.8
845.4
849.7
854.5
854.5
869.8
870
872.9
875
872.6
882.2
886.1
890
881.1
879.2
883.5
886.5
881.9
894.2
898.3
901.7
900.9
901
897.1
889.4
893.4
887.9
889.8
892.2
883.4
892.6
900.5
901.9
897.9
906.6
910.6
919.8
913.9
912.8
909.2
910.4
917.4
911.6
917.9
923.7
919.5
923
930.1
945.7
942.3
944.4
951.3
945.5
936.3
889.8
909.2
936.7
945
926
934.9
944
949.3
957.9
957
950.8
953.8
954.6
964
960.1
969.4
974.7
970.8
976.9
988.6
991.6
992.1
997.5
1002
1012.3
1019.3
1029.2
1034.9
1035.4
1027.2
1035.5
1036.6
1023.6
1031.9
1030.2
1033.5
1043
1052.7
1064.4
1060
1081.8
1080.7
1087.4
1095.4
1100.1
1102.5
1093.5
1094.7
1092.4
1094.2
1096.9
1102.7
1112.5
1113.2
1113.9
1133.4
1129.8
1123.3
1121
1128.9
1131.4
1133.9
1140.4
1136.3
1146.2
1144
1143.1
1146.3
1154.7
1163.9
1167.5
1170.5
1172.2
1170.6
1183.4
1184.2
1184.7
1178.1
1179
1163.9
1166.1
1142.7
1144.6
1137
1121.4
1107
1071.7
1047
1042.3
1024
1004.2
991.2
989
986.3
969.9
972.5
989
998.1
1007.1
976.7
957.2
946.8
941.1
938.1
931.5
927.3
934.4
935.6
942.4
946.6
946.3
948.9
945
942.9
949.1
951.5
941.6
950.8
949.1
944.3
947.3
947.2
944.3
946.9
942
944.3
942.9
946.8
943.5
956.7
956.1
962.2
968.6
962.7
966.1
962.5
956.8
953.8
949
960
963.4
955.4
950.9
962.2
960.8
965.5
963.1
967.7
966
974.3
966.3
966.8
965.7
960.4
968.2
965.3
961.6
966.7
960.5
963.8
972
968.9
971.6
976.6
972.9
967.5
972.3
961.3
958.6
963.7
960.5
962.4
964.6
973.4
966.5
979.7
978.5
984.3
982.4
986
982
982.7
978.9
975.1
968
974.2
970.2
971.2
977.5
971.4
980.4
988.1
986.1
989.4
990.7
994.7
990.6
991.8
996.9
988.3
987.8
979.8
988.8
979.9
984.3
989.1
984.7
978.9
986.5
986.8
983.6
985.5
992.7
987.4
980.9
982.3
978.9
978.2
977.9
982.8
988.8
992.7
994
992.3
981
973.2
948
970.9
978.7
977.4
983.9
981.4
976.2
985
986.8
992.1
985.4
985.8
979
961.2
958
939.7
940.1
938.2
923.2
908.8
896.4
890
881.2
872
871.7
874.9
875.1
873.2
868.6
876.7
866.8
873.7
870.3
860.2
851.7
853.5
850.9
839.8
847.6
849
854.4
859.3
858.6
858.7
855.5
857.7
852.7
851.9
851.8
850.2
839.9
847.6
845.3
845.7
833.2
832.9
829.2
829.5
841.9
852.1
843.8
847.8
845.6
853
860.2
850.5
853.7
849
858.3
861.2
865
865.8
871.3
872.9
867.3
880.1
875.8
870.9
868.6
864.9
863
859.1
856.3
853.2
851.8
847.3
849.7
852.5
849
852.7
853.9
854.1
848.9
846.4
843.3
843.6
850.1
844
842.5
843.8
834.9
842.3
842.1
855.5
854.5
856.7
865.2
864.2
863.6
858.8
859
859.7
858.9
863.4
868.8
869
875.9
877.7
877.7
883.8
882.4
884.5
879.1
875
871.7
867
870.8
868.3
864.7
867
853.1
852.8
848
848.1
850
850.3
849.7
845.3
850.1
853.1
858.7
877.1
877.2
874.7
878.4
872.4
867.6
865
864.2
859.2
859.9
861.8
849.3
862.9
866.4
858.3
859.9
855.7
861.1
857
853.8
863.1
866
872.1
874.1
872.5
874.2
889.7
882.2
868.7
872.9
863
859.3
862.6
857.1
868
864.6
866.6
867.9
876.5
884.7
883.6
882.2
901.7
889.5
894.7
900.1
894.5
900.5
904.1
901.2
899.8
901.4
909.2
912.9
921.8
930.6
926.2
935.1
930.3
925.7
922.1
920.7
913.2
909.5
910.8
906.4
898.3
896.8
903.7
904.3
895.4
893.1
891.9
890.6
886.6
895.5
895.4
894.3
900.9
892.3
903.3
896.7
893.7
889
891.4
886.1
890
887.3
885.7
888.6
884.7
894.1
885.8
884.2
880.6
882.3
880.6
877.3
883.6
879.1
881.1
888.2
876.2
872.9
858.3
859.5
864.7
857
859.4
851.3
860.2
858.9
848.4
860.3
865.1
862
866.4
869.4
868.3
863.6
861.7
856.2
854
844.3
849.9
851.9
852.9
860.4
857.5
865
864.9
863.9
861.9
853.5
862.6
852.8
849.3
848.8
846.6
846
856.6
856.6
861.3
866.1
864.2
857.2
866.1
860.5
863.9
859.3
848.1
845.4
843.7
843.6
841.3
839.5
846.2
845.4
840.8
849.9
847.6
848.9
852.8
845.3
841
839.5
840.2
829.7
834.2
836.5
840.1
845.3
848.6
855.8
860.4
862.8
865.5
861.4
870.3
871.2
862.1
865.5
866.3
870.8
866.5
865.6
878.2
870.8
884.9
890.3
889.1
891.6
887.6
889.6
884.7
885.7
883.8
881.7
878.8
878.2
885.2
882.8
894.5
899.2
895.3
902.8
901.9
902.9
901.6
897.9
896.3
899.3
895.7
900.8
888.2
902.5
901.2
908
904
903.5
906
906.6
906.2
910.8
902.8
902.5
911.7
900.6
903.5
902.6
896.5
900.9
906.4
910.6
908.2
907.6
909.5
909.7
900.5
902.5
902.4
901.6
894.7
896.9
893.6
895
888.1
891.5
890.6
888.4
895
897.6
900.7
897.6
899.8
896.3
908.4
889.2
903.6
906.4
912.6
900.2
907.3
915.1
923.1
927.7
928.6
934.8
936.2
938.2
942
937
928
938.5
931
944.1
952.6
945.8
960.9
972.8
974.5
976.2
978
978.6
982.5
980.1
987.3
979.4
983.4
989
988.9
994.7
995.5
1008.1
1004
1002.3
1002.6
1003.3
1001.8
1006.1
1007.7
1005.7
1011.4
1010.6
1021.8
1030.3
1049.5
1058
1058.5
1068.8
1063.1
1044.3
1047.5
1055.8
1056.3
1040
1043.4
1041.5
1033.9
1034.1
1037.9
1032.4
1036.8
1043.8
1046.8
1051.4
1041.2
1038.4
1035.4
1028.9
1017.1
998.6
1002.3
990.5
980.8
979
983.1
981.6
976.7
967
967.7
967.4
970.9
970.6
969
972.1
970.7
976.7
982.3
982.1
985.6
988.1
985.6
988.5
990.7
992.2
994.8
994.7
991.2
996.1
996.3
998.9
998.5
1002.3
1000
1002.2
1002.6
1006.7
1010.3
1014.6
1012.2
1018.4
1015.2
1013.6
1007.5
1003.9
998.4
994.2
985.9
990.2
985
990.7
991.6
1000.4
1008.4
1007.9
1000.3
997.3
988.1
983.8
984.8
977.6
984.5
981.9
993.7
996.7
997.8
1002.8
998.5
1004.5
1007.2
1000.1
1006.3
1001.7
993.1
999.7
997
998
996.5
997.1
994.2
990.2
995.5
995.9
999.8
991
995.9
1003.3
995.9
994.7
990
984.4
982.6
983.6
966.4
972.7
971.9
975.2
979.5
981
985.4
980.8
980.6
977.2
976.3
977.6
974.9
983.5
998.6
1003.2
1015
1015.8
1018.2
1023.2
1038.4
1039.6
1042.7
1048.9
1050.6
1057.3
1056.3
1049.2
1056.2
1054.1
1059
1075
1063.2
1068.1
1068.8
1070.9
1075.6
1084.8
1094.1
1090.6
1109.6
1092.2
1095.1
1087.5
1091.4
1100.8
1107.5
1114.9
1121.5
1127.5
1132.4
1135.6
1141.6
1139
1143.3
1142
1136.9
1141.9
1152.6
1154.5
1162.4
1156
1161.5
1156.4
1159.6
1165.4
1182.9
1193.7
1177.4
1168.2
1163.4
1160.5
1167.1
1170.3
1178.6
1176.5
1185.1
1181.2
1185.5
1195.1
1205.1
1205.8
1208.5
1209.8
1209.9
1204.9
1208.6
1210
1211.2
1212.1
1207.5
1211.3
1216.2
1221.8
1209.7
1205.9
1219.1
1224.6
1229.8
1227.2
1221.9
1216.5
1222.6
1227.9
1226
1220.7
1219.6
1227.1
1222.1
1237.3
1251
1243.4
1249.5
1250.6
1247.5
1244.5
1243.4
1250.6
1254.3
1257.5
1264.8
1267.5
1280.1
1288.5
1290.8
1287.5
1288.1
1296.7
1302.9
1309
1301
1310.1
1299.6
1304.1
1302.4
1300.5
1303.1
1309.3
1310.2
1310.5
1318.6
1322.7
1330.2
1326.1
1344.4
1346.4
1338.3
1337.5
1331.4
1343
1333.6
1340.4
1340.4
1343.7
1343.5
1342.8
1351.1
1368.2
1367.6
1368.1
1367
1369
1362.2
1360.3
1367.9
1368.6
1366.7
1365.1
1362
1374
1379.2
1351.5
1354.1
1368.8
1385.1
1386.1
1364.4
1343
1356
1362.9
1366.6
1364.3
1369.6
1373.8
1368.7
1359.8
1343.3
1372.5
1380.7
1381.4
1388.9
1390.8
1380.2
1371.7
1375.1
1372.5
1366.2
1357.5
1354.5
1367.9
1371.6
1373.1
1382.1
1391.7
1391.5
1392.3
1384.2
1372
1366.6
1373.4
1374.8
1376.5
1367.9
1377.3
1374.5
1379.9
1377.3
1378.3
1383.9
1357.8
1353
1360.4
1363.6
1369
1366.1
1359.3
1364.3
1358.3
1362
1352.7
1346.5
1345.6
1351.3
1347.8
1346.1
1351.5
1348.4
1344.9
1349.7
1338.3
1338.6
1335
1330.3
1330.2
1336.9
1330.5
1330.5
1333.9
1336.6
1334.7
1334
1327.6
1320.1
1324
1324.8
1324.9
1315.7
1310.3
1311.7
1309.6
1312.7
1314.5
1317.9
1312.1
1318.5
1321.4
1312
1308.8
1313
1309.3
1295.7
1297.7
1291.8
1294.7
1294
1290.3
1293.9
1292.6
1296.4
1301.7
1305.4
1294.6
1295.5
1290.8
1298.6
1281
1282.4
1274
1278.1
1271.2
1270.6
1274.6
1276.2
1279.7
1274.8
1282.8
1282.3
1278.9
1273.7
1263
1264.7
1262.5
1261.9
1256.2
1260
1266.9
1259.3
1259.6
1258.3
1259.3
1253.7
1261.4
1260.9
1262.1
1254.8
1249.8
1253
1242.4
1248.3
1248
1240.9
1245.3
1246.7
1246.3
1246.5
1248.5
1256.1
1248.4
1249.1
1250.8
1234
1226.5
1240.6
1236.1
1231.4
1232.3
1231.8
1237.3
1238.6
1240
1242.2
1244
1240.6
1230.7
1232.1
1230
1228.1
1220.6
1219.8
1217.6
1224.9
1218
1216.3
1218.1
1230.1
1223.2
1229.6
1223.5
1215.3
1217.2
1207.4
1207.5
1201.3
1200.6
1207
1210.1
1205.7
1207.1
1202.3
1215.3
1212.4
1211.6
1204.8
1202.9
1195.8
1196
1196.8
1195.3
1183.7
1193.7
1191.6
1187.9
1194.6
1192.2
1190.6
1193
1192.7
1193.6
1187.8
1179.8
1180.5
1184.1
1179
1175.6
1171.4
1170.3
1181.1
1174.8
1175.7
1177.7
1185.5
1183.2
1183.4
1171.7
1173.1
1171.4
1172.2
1159.5
1163.9
1160.1
1150.7
1152.1
1166.5
1165.1
1166
1169.6
1170
1158.7
1164.4
1158.6
1160.9
1162.3
1154.2
1148.7
1147.3
1143.5
1139.3
1145.2
1150.5
1147.7
1147.6
1153.5
1158.3
1149.5
1137.6
1152.4
1142.8
1135.3
1138
1131.1
1134.5
1132.3
1132.5
1134.6
1136.1
1133.9
1141.3
1142.5
1138
1132.3
1133.6
1118.4
1118.7
1124
1117.7
1124.3
1114.8
1125
1121.7
1131.7
1131.1
1128.6
1133.2
1123
1130.5
1120.7
1118.6
1118.8
1111.4
1113.5
1112.5
1120.1
1109.4
1112.7
1110.5
1112.4
1120.5
1110.7
1110.5
1108.9
1114.1
1097.8
1100.2
1098
1101.4
1091.8
1105.1
1096.5
1094.3
1106.9
1102
1105
1107.3
1098.3
1100.6
1093.9
1096.1
1085.5
1080.9
1081.3
1081.4
1081.5
1086.8
1091.7
1091.1
1096.7
1096.9
1089.1
1091.1
1091.2
1087.6
1086.7
1086.5
1081.2
1081.2
1078.2
1079.5
1073.5
1075.4
1076.9
1075.8
1077.6
1083.2
1083.9
1077.5
1080.4
1075.3
1062.9
1074.6
1068.8
1062.7
1062.5
1074.7
1064.8
1068
1076.1
1073.6
1072.1
1076.1
1071.8
1069.6
1073.6
1065.1
1059.2
1063.6
1050.5
1047.9
1061.5
1063.3
1061.3
1059.8
1057.2
1064.5
1059.6
1057.5
1058.4
1053.6
1062
1064
1061.7
1058.1
1049
1055.2
1055.5
1057.7
1052
1058.4
1053
1054.7
1064.9
1047
1056.8
1052.9
1039.7
1041.2
1042.3
1028.8
1036.5
1045.9
1037.9
1041.8
1043.7
1043.4
1048.5
1049.3
1044.1
1028.9
1031.4
1030
1032.1
1031.3
1037.7
1040.8
1042.4
1046
1052.9
1059.1
1079.2
1086.9
1080.3
1086.4
1077.9
1080.2
1061
1064.3
1061.9
1058.5
1063.3
1070.4
1069.6
1070.1
1072.2
1069.8
1075.4
1083.2
1078.5
1076.4
1080.4
1079.5
1077.9
1080.9
1075.4
1076.3
1078.7
1083.6
1081.8
1074.7
1080.3
1087.7
1095
1083.5
1087.2
1085.8
1082.5
1081.8
1083.7
1083.7
1084
1087.1
1093.7
1094.2
1092.8
1102.8
1101
1096.5
1099.1
1081.5
1075.8
1094.2
1090.1
1082.4
1082.3
1088.3
1094.3
1109.6
1131.9
1121.1
1133.5
1150.2
1155.5
1148
1140.1
1135.6
1138.4
1138.7
1145.1
1142.7
1145.3
1140
1154.3
1161.3
1172.2
1165.9
1188.6
1189.1
1201.3
1206.6
1212.2
1206.9
1225.4
1219.6
1229.2
1236.8
1242
1235.6
1239.9
1250.1
1256.8
1259.7
1268.2
1269.8
1271.1
1277.1
1277.6
1275.2
1264.7
1272.8
1287.2
1279.8
1293.9
1295.5
1312.7
1309.5
1317.4
1315.8
1323
1336
1337.3
1334.6
1332.2
1336.3
1336.3
1334
1348.7
1344
1351.6
1355.8
1354.1
1363
1368.5
1377.3
1382.5
1383.3
1396.5
1389
1387.1
1391.9
1387.4
1390
1394.9
1396
1404.6
1406.4
1418.5
1421.8
1424.2
1424.4
1437
1440.1
1440.3
1440.9
1434.8
1431.1
1431.3
1427
1440.3
1442.6
1447.8
1445.1
1453.2
1470.2
1474.7
1465.8
1483.5
1470.6
1479.9
1473.5
1480.9
1473.6
1482.3
1456
1486.3
1489.9
1498.7
1496.7
1497.8
1503.7
1499.8
1496.4
1511
1502.5
1496.8
1501.9
1498.5
1507
1500.3
1520
1527.3
1533.5
1533.3
1529.3
1529.3
1532.6
1527.3
1531.9
1529.8
1527.1
1528.8
1527.1
1538.1
1556.7
1546.2
1550.4
1541.5
1545.7
1545.6
1547.5
1555
1558
1566
1566.3
1556.6
1560.6
1560
1561.2
1563.2
1557.9
1563.6
1577.2
1573.9
1594.5
1588.6
1587.1
1587.7
1584
1582.4
1595.5
1605.2
1588.4
1587.2
1595.6
1604.1
1604.5
1608.7
1608.2
1605.7
1621.1
1620.1
1624.8
1637.5
1628.2
1632.1
1633.6
1613.1
1645.1
1645.3
1640.7
1632.7
1641.2
1632.3
1651.8
1650.7
1640.9
1626.3
1642.6
1645.7
1640.6
1639.8
1627.2
1639.2
1643.4
1636.8
1641.3
1647.5
1656.9
1653.8
1660.3
1655.5
1654.2
1652.3
1640
1644.1
1645
1650
1649
1658.8
1649.4
1652.4
1646.8
1659.8
1664
1658.2
1658.5
1664.5
1646.2
1645.4
1659.7
1650.2
1658.9
1645.3
1668.4
1659
1652.3
1660.7
1666.4
1672.7
1667.2
1668.1
1667.1
1664.1
1667.2
1657.2
1660.5
1667.1
1654.8
1651.4
1658.1
1661.4
1659.9
1657.5
1671.2
1676.7
1665.8
1675
1678.1
1662.6
1670.5
1672.1
1662.7
1656.6
1666.7
1680.6
1680.3
1674.7
1673.8
1668.5
1658.5
1671
1672.8
1676.1
1676.7
1667.2
1669.3
1658
1658.9
1660.4
1670.8
1676.3
1677.6
1677.2
1693.1
1698.1
1684.7
1694.2
1687
1674.3
1677.3
1663.3
1681.5
1681.5
1680.6
1670.8
1673.7
1673.9
1682.1
1686.1
1679.5
1692.6
1682.9
1683.5
1688.4
1680.5
1680.6
1677.3
1681.3
1679.2
1679.4
1676.3
1680.2
1681.9
1691.6
1697.8
1698.8
1698.4
1691.5
1698.9
1694.7
1685.5
1691
1674.5
1676.2
1671.2
1684.6
1678.6
1679
1702.5
1712.2
1714.3
1709.2
1701
1695.3
1702.3
1689.6
1690.4
1683.5
1690
1680.3
1692.6
1683.8
1686.9
1692.3
1702.7
1696
1693.9
1704.9
1692.6
1686.8
1690.8
1679.7
1687.5
1683.3
1697.5
1692.6
1698.7
1693.1
1692.9
1703
1699
1706
1710
1707.4
1712.5
1709.6
1699.9
1708.6
1699.7
1697.4
1701.8
1699.6
1698.7
1699.2
1704.5
1702.1
1711.2
1710.2
1713.5
1714.9
1712.7
1708.6
1711.4
1705.6
1713.3
1698
1702.1
1691.3
1705.8
1715.3
1710.4
1711.1
1717.7
1713.1
1716.7
1709.8
1712.1
1703.5
1698.7
1708.3
1712.6
1706.3
1695.5
1712.1
1703.9
1716.1
1718.1
1726.8
1718.7
1713.2
1714.8
1722.3
1715.6
1709.6
1709.2
1702.6
1704.9
1715.6
1723.3
1717.8
1730.5
1723.4
1726.9
1720.2
1727.5
1724.5
1727.6
1709.4
1725.6
1733.1
1714.4
1721.8
1716.3
1717.6
1718.3
1710.3
1718.3
1713.2
1706.4
1719.7
1721.2
1724.5
1718.1
1717
1713.3
1715.4
1715.9
1712.7
1717.5
1721
1728.7
1735.3
1728.4
1724.1
1725.5
1725
1724.6
1717.1
1723.2
1709.6
1707.1
1718.9
1710
1712
1718.8
1713
1723.3
1724
1726.1
1715.2
1720.6
1714.9
1725.8
1717
1712.7
1708
1716.9
1715.4
1721.6
1722.6
1719.1
1717.8
1730.9
1721.8
1718.4
1730.7
1733.6
1719.3
1712
1715.7
1713.9
1716.3
1722.8
1716.3
1721.5
1721.6
1733.4
1728.3
1714.6
1696.7
1689.5
1702.3
1716
1718.1
1725.3
1707.6
1707.2
1704.9
1695.4
1699.5
1702.8
1706.3
1703.5
1714.3
1714.8
1705.7
1714.9
1697.4
1694.4
1694.5
1686.9
1687.9
1692.4
1661
1664.2
1692.2
1685.9
1693.2
1686.7
1680
1680.2
1686.9
1682.9
1669.1
1669.7
1668.7
1677
1666.3
1667.3
1662
1659.2
1683.1
1682.7
1692.8
1683.2
1698.2
1683.4
1682.8
1686.8
1670.4
1681.6
1684.1
1703.4
1686.7
1690.2
1691.6
1690.1
1698.2
1696.3
1700.7
1708.3
1704.1
1696.6
1694.9
1692.6
1688.7
1691.6
1698.8
1696.4
1696.5
1692.3
1696.5
1706.7
1708.9
1717.9
1712.7
1709.6
1705.8
1709.2
1710.6
1698.1
1704
1705.4
1694.4
1705.2
1718.1
1713.8
1718
1716.5
1715.8
1715.2
1702.7
1721.8
1705.6
1715.5
1713.3
1719.1
1725.7
1721.7
1710.9
1722.6
1723.8
1720
1722.3
1724.6
1729.9
1728.1
1723.8
1726.5
1718.9
1719.5
1724.8
1713.3
1714.1
1725.9
1717.2
1730.5
1725.7
1728.2
1737.2
1739.1
1730.7
1730.7
1731.2
1729.3
1730.2
1715.4
1716.6
1723.1
1728.1
1725.7
1736.4
1731.7
1728.5
1736.8
1728.4
1723.7
1720.3
1729
1717.1
1718
1723.8
1731.2
1729.4
1732.2
1732.9
1740.5
1750.3
1738.7
1742.1
1740.5
1733.1
1724.5
1735.9
1719.4
1729.5
1725.8
1724.3
1732.4
1730.6
1741.9
1739.3
1739.9
1742.7
1751
1743.7
1745
1740.8
1735.9
1740.8
1729.2
1735.2
1734.3
1737.3
1737
1745.8
1756.4
1755.5
1743
1748.7
1741.4
1734.1
1727.5
1731.8
1709.6
1723.8
1725.4
1729.4
1721
1734.7
1733
1726.7
1739.9
1733.2
1738.7
1737.5
1739.1
1732
1731.4
1732.6
1729.6
1740.8
1732.8
1735.2
1731.7
1736
1716.4
1690.9
1669
1607.7
1546.6
1518.8
1500.1
1478.1
1468.7
1418.7
1388.6
1348.1
1329.2
1297
1269
1253.9
1257.3
1231.2
1220
1200.9
1186.8
1177.7
1169.5
1163
1161.6
1149.1
1134.9
1120
1117.1
1105.2
1094.8
1089.1
1086.6
1096
1096.1
1110
1117.8
1108.3
1102.5
1099.1
1097.5
1089.5
1096.8
1103.8
1099
1115.9
1099.1
1108.1
1116.8
1116.5
1121.2
1108.4
1116.3
1117.2
1124
1116.6
1114.1
1125.2
1135.2
1134.5
1140.1
1138.5
1135.7
1139.1
1136.6
1137.4
1135.1
1140.9
1137.6
1138.1
1134.4
1139.1
1142.9
1134.2
1126
1128.7
1139.6
1150.8
1149.4
1158.2
1151.3
1148.4
1158.4
1143.4
1150.3
1156
1158.1
1160.4
1150.2
1145.5
1159.1
1164.7
1155.1
1169.2
1168.4
1166.1
1158.8
1160.4
1156.3
1164.3
1164.4
1164
1169.1
1176.5
1165.8
1165.9
1161.3
1170.1
1180.5
1190.4
1193.6
1179.2
1176.8
1170.2
1172.1
1175.9
1178.2
1184.5
1165.3
1183.8
1186.9
1202.3
1190.8
1190.3
1192.2
1184.3
1189.1
1188.3
1194.7
1194.4
1184.4
1180.7
1187.4
1183.5
1199.9
1210
1216.4
1215.6
1206.6
1213.7
1212.2
1197.8
1198.6
1204.4
1206.1
1208.3
1204
1202.6
1202.6
1210.5
1211.3
1211.5
1216.8
1218.5
1220.9
1215.9
1235.8
1231
1233.8
1230.5
1224.1
1224.4
1225.7
1214.3
1215.1
1212.2
1222.4
1225.4
1235.4
1230.6
1227.1
1221.9
1229.7
1219.2
1212.5
1204.7
1210.7
1208
1208.3
1209.7
1214.8
1223.6
1220.2
1230
1233.2
1223.4
1227.3
1211.9
1215.6
1222
1222.3
1226.5
1233.1
1233
1224.4
1219
1227.5
1231.5
1237.5
1225.7
1235.6
1236.1
1229.6
1244.9
1236.7
1236.8
1232.4
1232.2
1227.7
1226.6
1233.1
1239.2
1251
1256.9
1251
1243.5
1249.5
1242.3
1245.1
1246.6
1244.2
1232
1243.3
1242.6
1241.1
1248.9
1254.8
1244.5
1265.3
1257.4
1261
1259.6
1255
1252.2
1243
1239.6
1248.9
1237.8
1248.5
1235.7
1243.7
1247
1261.7
1258.5
1258.1
1252.1
1276.6
1265.7
1267.4
1266.7
1258.5
1263.1
1257.5
1270.2
1269
1283.8
1273.3
1282.2
1294.8
1290
1292.8
1289.2
1288
1270.2
1256.3
1266.5
1260.7
1266
1261.5
1262
1279.7
1271.4
1270.9
1270.2
1277.9
1278.8
1285.6
1267.6
1268.9
1269.3
1272.7
1264.3
1274.2
1279.7
1274.5
1271.2
1268.8
1281.4
1279.1
1290.2
1290.1
1285
1301.4
1282.9
1274.1
1277.7
1267.5
1258.5
1269.7
1273.2
1272.2
1288.5
1280.5
1278.7
1284.6
1287.8
1290.5
1298.2
1297.7
1292.2
1288
1280.5
1271.9
1272.7
1280.4
1282.7
1272.1
1273.4
1284.6
1289.7
1307.1
1311.2
1292.4
1285
1297.1
1285.7
1284.8
1279.4
1281.4
1279.1
1276.6
1287.3
1294.8
1287.7
1299.6
1297.9
1294.7
1308.3
1308
1300.4
1285.7
1289.6
1293.4
1293.3
1293
1284.1
1288.1
1280
1291.7
1291.2
1305.6
1312.2
1310.9
1312.2
1308.7
1308.1
1291.5
1291.4
1284.9
1283
1284.4
1285.5
1289.9
1298.9
1295.4
1298.2
1307.8
1310.7
1309
1309.8
1301.5
1296.8
1298.3
1297.3
1298.1
1291.1
1299.9
1291.1
1307.8
1309.5
1300.1
1312.4
1311.1
1305.8
1308.5
1307.2
1304.6
1316.1
1306
1304
1297.6
1301.7
1298.9
1309.9
1302
1295.5
1295.3
1295
1301.1
1302.6
1301
1291.6
1294.3
1290.6
1292.5
1292.8
1293.7
1301.8
1294.3
1301.6
1301
1297.3
1294.2
1312.6
1304.5
1317.7
1298.9
1295.4
1298.3
1293.4
1288.7
1293.3
1289.4
1300.5
1291.1
1292.7
1294.2
1304
1304.3
1307.7
1302.6
1281.6
1279.1
1279.6
1299.8
1301.9
1303.5
1299.3
1287.4
1288.7
1275.6
1266
1255.7
1227.3
1201.2
1172.9
1159.6
1133.5
1094.9
1073.7
1067.1
1082.8
1064.7
1052.5
1044.3
1051.8
1070.2
1163.9
1175.6
1126.1
1100.4
1084
1066.9
1063
1057.6
1038.3
1050
1047.5
1044.2
1040.5
1041.6
1039.9
1037.1
1040.2
1029.1
1019.5
1004.2
1002.5
989.6
986.6
984.9
987.2
985.6
991.3
995.7
991.3
1002.8
999.4
999.2
1005.4
998.7
998.7
985.3
981.3
989.2
987.8
990.8
985.2
993
983.7
987.1
978.1
997.7
992.5
989.7
986.3
987.3
984.6
981.7
978
977.6
975.2
971.9
975.8
972.9
978
982.2
985
983.2
977.5
982
977.6
974.4
974.1
968.7
967
969.9
964.5
969.3
969.4
974.8
972.7
968.7
976
973.4
975.3
977.4
970.7
968.6
968.1
959.9
964.5
959.7
959.9
970.7
969.8
964.5
971.5
972.9
968.7
962.2
966.2
963.5
959.1
960.2
958.1
956.5
958.8
959
966.7
961.5
965.1
968.8
963.2
973.9
969.8
964.3
963.3
959.1
960.8
962.2
958.4
954.2
951.8
957.4
962.3
967.8
973.8
970.6
968.4
965.4
968
960.7
952.3
954.3
957.6
945.6
953
951.2
954.5
953.7
960.1
961.3
960.9
962.7
966.4
958.2
961.7
952
957.4
952.5
948.1
950.5
952.5
953.6
952.3
957.4
960
953.3
974.3
964.2
964.8
954
953.8
954.2
952.9
951.4
942.8
949.1
947.8
949.1
950.5
955
948.1
953.5
946.1
960.7
954.2
949.5
950.7
946.7
941.6
945.2
943.3
942.5
943.2
948.3
949.3
950.2
944.6
921.3
958.3
977.5
963.3
965.3
962.9
961.3
953.1
968.4
971.6
982.7
987.7
996.9
1001.9
1000.2
1006.4
1010.4
1007.5
1006
999.4
999
996.9
993.1
992.1
1000.1
1004.5
1006
1008.8
1011.9
1025.3
1020.3
1027.3
1019.4
1017.9
1025
1014.5
1013.5
1024
1017.6
1019.6
1027.6
1035.4
1030.6
1034.5
1036.7
1046.5
1047.7
1044.1
1037.1
1033.6
1028.1
1025.8
1037
1028.5
1031.2
1037.5
1038.2
1045.5
1045.6
1042.8
1048
1047.8
1051.9
1058.5
1021.8
1021.8
1032.9
1037.6
1041.3
1041.6
1037.3
1047.9
1046
1050.6
1049.8
1051.7
1052.3
1047.4
1043.6
1035.4
1041.8
1036
1031.3
1029.7
1033.8
1030.5
1033
1039.4
1040.3
1041
1034.6
1033.3
1035.3
1028.8
1024.6
1028.2
1025.2
1026.9
1025.1
1027.2
1025.2
1029.5
1033.6
1019.5
1031.3
1034.2
1035.9
1034.6
1018.9
1025.9
1026.9
1023.2
1018
1023.7
1015.6
1017.4
1024.1
1020.6
1023.2
1022.9
1016.5
1020.9
1017
1014.5
1017.5
1014
1014.3
1012.7
1008
1009.5
1010.4
1018.1
1013.6
1018.5
1019.8
1012.8
1015.7
1021.9
1012.7
1007.6
1011.3
1011
1011.4
1007.9
1016.9
1012.1
1014.8
1020.2
1010.9
1020.2
1011.5
1017
1010.2
1009.8
1002.6
1008.4
1003.8
1003
1004.2
1000.2
1002
1009.1
1018.7
1013.2
1014.5
1008.4
1016.1
1004.3
1004.5
1001.2
997.6
999.5
997.8
997.5
999.6
1004
997.5
1006.5
1013.1
1006.8
1004.5
1007.4
1001.9
992.4
995.9
994.3
991.4
998.5
988.1
991.3
990.5
989.6
1002.1
999.8
997.4
999.8
997.2
993.1
991.7
992
989.4
980.8
988.8
983.7
983.1
985.6
989.1
991.6
998.7
996.1
994.8
996.1
993.5
987.7
988.9
982
982.5
981.1
981.9
981.6
982.4
986
987.8
986.8
992
994.1
989.1
993.3
981.7
985.3
981.1
979.7
977.3
977.3
975.9
976.5
977
983.6
990.3
984
985.2
982.5
986.8
979.5
978.2
977.1
968.4
975.4
974.6
975.9
976.1
974.8
975.2
980.6
979.5
980.9
979.8
985.9
983.2
977.5
977.8
968.2
962.8
960.8
962.5
967.2
965.5
971.8
971.2
973.3
975.2
980.2
976.1
977
973.2
973
963.8
966.9
959
958.6
966.2
961.7
967.9
971.8
980.1
968.3
977
976.2
974.7
973.2
971.2
964.8
962.9
953.7
960.3
954.5
963.6
953
962.9
960.5
968.7
973.2
970.4
961.9
966.5
965.1
960.1
963.1
955.8
954.6
950.8
955.4
954.1
950.5
958.3
958.7
968.3
960.5
960.1
961.8
959.5
965.2
956.5
953.7
963.2
962.2
952.2
956.7
951.2
953.5
960.5
957.8
959.6
960.9
953
953.6
952.9
952
948.8
954
949.5
947.4
956.6
951.4
955.6
956.5
961.4
968.7
970.2
956.9
958.4
949.1
967.9
961.7
962.6
952.9
951.7
956.8
950.5
956.6
959
954.3
961.6
952.3
958.2
955.7
949.5
950.5
951
947.5
936
944.7
954.6
962.5
951.5
954.6
970.9
958.6
960.1
964.6
952.6
953.8
955.6
948.4
954.7
956.6
942.8
944.7
958.9
960.6
964.1
955.6
957
961
963.9
962.4
955.9
956.8
958.1
954.2
957.6
954
954.6
952.3
959.8
963.6
971.8
959.5
960.2
958.7
957.4
951.8
955.8
943.5
946.5
942.9
942.2
945.4
949.7
950.8
947.8
956.3
959.8
960.9
952.7
960.8
951.5
947.9
941.3
947.5
938.9
953.2
951.7
944.8
953.6
961.3
961.4
954.2
957
954.5
950.2
949.2
950.3
946.4
