681.5
682.3
685.5
683.2
685.2
681.5
686.8
693.5
692
697
699.6
691.9
700.1
707.5
718.2
719.6
718.3
719
722.8
724.9
718.8
721.1
717
717.8
725.2
727.2
723.6
730.5
729.3
735.1
734.6
743.8
744.5
748.7
744.3
747.9
747.7
753.8
750.7
753
756.8
758.9
768.5
766.8
770.1
775.7
780.6
775.7
769.7
773.9
774.8
774
768.9
764.9
760.1
753.7
751.7
744.7
753
752
764
772.2
769.7
771
771.5
777.2
772.6
773.4
766.2
769
760.8
763
776
777.1
768.2
782.2
789.6
786.1
792.9
786
785.8
786.1
777.8
779
781.9
783.8
765.7
749
772.5
767.8
762.9
751.6
736.1
725.7
717.3
729.4
748.6
751.3
753.9
723
719.8
722.9
724.1
735.8
734.5
739.3
726.9
713.7
718.4
727.8
731.5
721.7
715.5
720.7
745.3
753.5
761
754.1
759.7
758.8
757.9
780.1
796.9
774.4
770.6
760.4
747.9
753.3
751.7
763.7
751.8
756.4
749.4
757.9
763.2
768.6
775.7
782.4
790.2
794.1
784.7
781.9
771.3
780.9
789.9
799.6
793.2
793.6
786.9
778.2
785.4
791.9
796.3
794.8
788.3
791.9
795
780.8
792.5
794.4
791.6
789.1
792.9
798.9
812.5
817.7
817
820.8
821.3
820.2
819.9
813.9
816.4
807.5
802.8
800.1
800.7
805.4
804.4
800.9
805.2
804.6
802.5
798.3
812.5
820.8
804.5
801.1
793.9
807.7
799.9
803.3
799.1
803.6
806.3
808.8
810.7
816.6
815.1
812.2
819.6
821.5
824.5
817.2
822.1
829.2
831.9
837.9
834.2
841.3
837.3
835.2
838.8
840.6
833.6
844
835.7
838.5
841.2
830.2
836
842.5
840.3
840.7
838.3
839.7
843.1
847.3
858.1
852.8
858
860.4
852.3
846.3
850.5
857.9
853.5
858.1
853.1
858.3
849.5
861.6
866.3
863.4
865.8
869.1
854
829.5
840.8
852.3
859.9
855.1
859.8
855
850.5
857.5
853.1
853.8
851.3
849.8
839.2
841.3
834.5
824.4
828.2
821.9
820.5
803.3
809.5
803.9
795.7
796
801.6
797.1
798
800
796.6
788.5
788.1
779.8
779.4
773
779.3
776.4
784.1
782.3
779.4
783.5
793.5
798.2
798.5
798.5
792.3
788.9
790
787.9
780.1
785.7
782.2
784.1
785.4
786.1
799.6
782.6
792.3
785.2
791.1
791.1
788.7
782.5
783.4
789.2
783.8
782
788.8
783.9
787.7
793.9
795.5
800.1
795.7
799
805.7
808.9
801.9
801.8
799.1
795.9
793.7
802.1
790.3
790.8
788
785.8
792.3
790.1
801.8
797.8
793
796.6
799.8
795.9
792.6
798.9
794.2
791.5
791.5
788
790.5
783.1
788.8
794.8
809.1
810.3
805.4
799.9
801.6
805.9
805.3
797.9
798.7
802.5
802
798.2
798.6
802.7
811.9
807.7
816.4
819.5
823.3
813
817.8
822.5
816.3
820.6
812.7
807.8
814.7
819.5
815.6
817.9
812.6
822.5
819.2
809.2
803.5
807.3
801.3
800.6
798.9
805.3
806.4
806.6
798.9
807.4
801.1
802.7
801.7
800.6
794.8
798.5
793
787.2
785.6
786.2
792.5
785.3
792.8
800.5
811.1
808
807.9
811.3
808
810
807.1
792.8
798.7
800.9
803.6
804.4
803.9
811.9
817.3
815.4
825.7
822.9
821.1
823.9
816.6
822.2
811.4
806.3
804.3
808.2
804.4
801.4
808.8
808.7
816.9
825.9
835.9
835.6
845.7
849.2
849
848.1
846.8
841.2
839.7
829.1
837.4
830.7
830.9
831.7
844.6
858.2
861.9
862.1
876
901.9
897.3
895.1
900.4
888.3
888.1
878
879.8
876.7
880.6
885
877.7
888.8
893.7
903.5
903.6
896.5
913.7
919.2
926.8
923.2
923.7
901.7
901.3
913.3
922.8
930.6
927.6
928.7
932.5
926.8
916.3
914.3
901.8
903.4
893.2
900
895.9
895
895.3
898.6
898.9
900.1
901.3
900.9
893.3
893.7
890.1
898.8
894.4
893.9
889
883.1
891.4
885.2
882.7
882.1
886.2
883.7
886.6
888.7
886.6
884
878.3
871.7
871.9
875.6
869.6
877
874.1
868.9
878
880.8
875.9
880.7
896.5
895.7
893.7
893.3
891.8
889
882
883
883.7
882.8
880.3
885.8
885.6
896.3
893.6
901.7
905
897.9
900.5
908.1
895.6
894.3
893.8
896.9
897
892.4
898.1
890.1
897.9
901.7
902.6
900.9
908.8
902.3
901.5
894.2
895.4
894.7
890.7
889.6
883.4
883.2
879.9
880.5
896.5
891.1
887.9
893.8
894
888.5
877
883.6
874
879.6
874.7
873.8
874
872.8
870.4
872.9
876.8
878.4
878.1
880.1
877.4
881.1
872
874.1
874.4
864.1
867.6
863.4
864.4
866.2
865.8
865
869.4
876.1
877.5
871.6
871.3
870.6
863.4
861.3
863
866.4
860.5
865.1
867.5
867.1
866.9
866.8
875.7
874.6
879.7
874.7
875.3
871.9
863.7
860.6
859.7
856.5
857.1
857.6
854.3
860.4
859.8
868.4
869.1
862.8
867.1
866.2
863.7
864.7
865.2
858
851.9
851.5
851.1
853.9
858.7
851
858.3
855
861.1
858
853.1
849.8
839.2
829.7
835.5
833.4
833.8
840.7
851.9
860.3
861.9
865.3
866.4
865.9
865.1
868
861.7
862.5
853.6
857.2
856.9
851.3
850.7
870.5
871.3
859.9
863.2
869.7
869.9
872.5
873.2
874.5
859.9
867.8
855.8
866.4
857.7
861.1
860.3
859.8
858.9
863.7
860.3
868
861.6
858.9
860.4
851.2
854.7
851.5
853
845.7
850.3
838.2
852.5
850
854.1
853.8
861
852.2
853.1
851.6
846.7
848.9
855
859
860.9
853.6
855
857.7
856.8
864.5
879.1
874.4
868.2
878
884.6
887
876.8
869.4
873
869.7
863.3
874.1
867.2
876.6
879.2
881.6
889.9
883.9
891.9
879
882.5
872.5
868.3
874.2
876.5
870.2
866.6
877.1
880.7
884.8
888.4
893.6
894.5
892.4
892
886.7
877.4
881.9
874.9
883.7
880
882.8
875.3
881.7
885.7
887.9
892.4
891.7
893.5
894.6
891.1
887.3
892.5
894.8
893.9
898.8
894.1
876
894.6
894.1
906.5
912.7
910.2
909.9
908.2
910.3
913.8
912.8
911.6
904.8
902.7
913.4
911.1
907.7
912.2
911.9
907.6
911.7
908.6
908.1
914.2
899
906.1
904.3
904.8
901.6
893.7
897
907.2
899.5
907.6
907.7
907.8
904.8
909.5
913.1
920.2
913.2
915.2
914.6
917
918.7
923.4
922.9
924
927.3
929.4
926.6
928.1
923.3
921.8
924.8
916.3
909.9
911.4
900.9
902.1
897.5
900.1
899.1
900
903.7
902.8
898.5
899
902.1
898.1
901.3
896.5
901.6
896.9
903.9
901
900.3
902.1
906.5
904.8
914.3
914.5
910.1
902.1
904
899
892.3
898.5
888.9
891.4
893.8
892.3
889.2
889.7
889.7
896.6
896.6
890.7
892.7
884.8
888.4
888.6
885
887.4
885.9
894.5
894.2
903.8
910
915.6
909.7
904.5
896.4
899.9
904.6
897.7
896.1
897.1
895.1
896.8
900.1
904.3
911
912
909.4
917.2
916.2
905.7
904.5
899.2
896.3
891.7
886.8
883.2
881.4
887.2
883.4
890.7
890.4
890.8
887.8
889.2
881.7
885.9
879.3
869
867
870.6
866.5
869.5
862.8
861.7
872.1
868.7
868
873.8
875.9
874.4
872.3
874.1
869.2
866.3
875.2
877.4
869
871.6
876.6
872.3
881.2
894.2
895.6
889.3
885.1
877.4
880.7
879
875
869.4
874.5
870.1
871.5
868.8
878.5
876.3
878.6
886.7
886.5
878
882.7
887
869.1
874.9
874.7
876.8
870.9
875.9
874.3
880
880.4
881.5
880.9
891.6
892.9
883.2
885.9
877.9
881
875.8
872.6
870.9
870.7
868.9
873.3
872.4
878.4
879.2
875.1
881.1
884.5
877
879.1
880.2
872.2
875.9
879.2
882.2
883.3
884.9
885.4
891.8
894.9
894.2
897.8
901.1
903.1
895.6
895.1
891.3
891.1
891.5
891.1
890.2
890
890.2
890.6
896.9
896.5
903
906
905.6
909.9
901.7
896.3
895
891.2
886.7
890.5
889.6
886.8
889.4
889.2
892.7
891.2
895
889.8
891.7
892
884.6
884.5
887.8
887.6
885
890.1
899.6
895.5
904.8
904.6
913.8
901.5
917.8
907.7
910.8
909.4
903.2
906.9
905.4
898.6
901.8
893.6
893
895
891.7
896.1
893.6
901.2
896.5
894.2
880.4
877.6
880
877.6
874.8
874.3
873.2
876.6
869.7
878.2
882.2
876.9
884.9
881.1
867.3
870.7
866.9
863.4
866.9
867.1
864.3
866.4
866.2
861.2
872.7
870.3
875.6
870.1
873.1
866
863.4
860.1
867.2
865.8
866.2
868.7
867.2
873.9
875.4
876.7
883.8
886.5
894
889.3
895.8
888.1
880.9
879.3
878.7
867.5
864.9
865.3
860.6
858.3
857.8
858.6
849.3
857.7
855.9
861.7
858.6
856.4
852
848.9
847
844.9
846.9
852.8
842.8
839.9
836.5
836.6
835.3
836.9
832.3
835.3
837.7
825.1
822.3
815.9
818.2
825.9
827.1
826.3
832.3
840.6
840.4
847.2
856.3
864.9
862.4
870.1
871.4
861
861.2
861.8
852.3
850.6
859.5
862.5
867.4
868.9
873.4
880
880
880.1
882.4
877.2
870.8
867.9
873.4
872.7
876.4
873.2
881.3
889
891.1
881.4
875.3
883.8
889.7
893.9
884.4
877.9
879.3
881.5
882
882.4
881.2
888.7
892.3
896.6
901.1
898.5
906.1
882.8
890.9
893.3
876.7
885.8
884.3
883
880.4
877.8
877.3
877.5
880.6
879.3
880.9
873.7
887.6
882.6
892.7
879.3
882.7
882
882.6
878
871.6
860.7
853.2
853.7
854.1
846.4
854
855.2
852.7
847.6
851.8
845.2
842
850.5
840.9
842.3
841.9
835.3
840.7
846.4
848.2
845.6
848.9
848.9
852.4
848.2
848.4
836.2
839.4
839.7
823.8
838.1
836.9
841.7
841.6
833.7
846
840.7
845.8
844.6
841.6
837.9
839.9
836.1
832.6
827.4
828.7
833.6
828.5
831.7
836.1
837.8
841.4
836.4
840.9
843
835
830.6
830.8
825.9
823.2
826.4
826.1
825.7
828.8
832.5
837.4
834.6
833.4
837.9
827.4
828.7
828.3
823.6
815.3
819.8
816.3
818.1
823.2
823.2
827.9
830.6
831.6
830.3
833.7
824.5
826.5
820.1
815.9
823
822.9
824.3
825.5
822.1
822.9
826.7
833.3
831.8
838.5
840.6
831.7
829.8
824.1
820.9
815.4
828
822.2
824.8
813.8
826.4
824.9
820.4
832.6
827
830.7
825.2
821.8
827.7
818.6
824.4
816.5
815.2
819.8
817.3
821.9
824.1
822.6
825.3
823.9
825.2
834.8
828
824.4
820.7
820.1
818
828.7
814.8
814.4
813.1
813.4
819.5
819.5
829.7
820.9
822.9
827.6
814.5
820.3
821
813.4
817.2
809.9
815.4
810.8
817.3
818.1
822.9
822.4
817.8
818.5
814.5
818.3
812.5
808.7
805.8
808.8
804.3
801.8
803.5
805.9
801.9
816
811.1
819.1
814.2
820.6
818.8
806.2
805.6
808.3
800.9
800.5
808.3
803.6
811.4
810.5
809.9
810.2
816.2
805.3
810.3
811.7
804.3
805
812.1
798.8
802.8
798.7
801.5
802.1
808.5
808.2
810.8
817
817.9
817.2
809.8
808.6
806.8
800.3
798.8
800.8
796.2
801.4
799.6
799.7
806.9
812.5
815.7
810.1
814.8
813.5
805.9
798.5
799.8
795.7
795.1
797.1
799.7
798.3
796.4
796.7
802.5
810.7
810.1
809.4
807.3
806.3
802
792
797.2
795.7
794
797.4
794.7
796.2
796.4
797.6
804.1
805.2
805.4
802.4
806.7
799.3
794.6
795
796
798.5
791.4
796.7
793.3
802.9
796.7
803.1
807.7
804.6
800.5
806.3
793.7
801
781.8
802.7
790.4
790.6
793.8
796.6
793
794.7
804.3
803.6
803.2
808.3
801
799.8
800.9
794.4
786.4
794.8
795.3
797.2
795.6
796.2
794.1
795.6
797.2
798.7
797.2
803.2
796.8
798.5
794.5
793.3
794.1
787.8
789.2
795.8
799.2
801
802.7
804.6
805.8
805.8
808.9
803
800.7
793.7
797.2
779
789.9
790.4
795.9
802.6
806.9
816.9
828.9
829.6
833.4
835.1
829.5
835.2
834.8
832.6
834.3
827.8
837.5
840.1
843.8
849.3
849
851.4
854.2
852.5
854.5
852.8
850.4
846.7
852.4
857.9
862.6
855.6
857.2
862.5
867.1
875.3
874.8
877.9
879.4
877
883.6
881.4
876.5
879.4
883.2
879.8
884.4
888.1
885.6
888.5
896.9
901.3
897
899.1
901.9
901.8
887.2
901.8
895.2
885.5
892.9
897.5
895
897.7
897.6
903.3
906.2
913.5
910.8
919.8
919.4
922.3
917
917.2
906.2
908.1
904.1
907.6
915.8
913.1
920.4
925.5
918.1
928.1
928.2
936.8
939.1
927
926.7
930.1
928.9
923.6
918.5
925.8
923.2
930.3
937.6
935.8
944.7
938.9
944.9
939.2
940
939.9
937
949.3
944.2
949.4
951.3
954.9
954.8
949.8
953.7
958.2
956.8
954.6
953
943.8
949.4
950.2
945.4
945.6
948.1
951.2
944.2
950.1
955.8
961.1
969.9
982.1
982
985
986
983.1
989.5
991.1
998.4
1025
1045.3
1071.3
1080.1
1087.5
1096
1111
1124.5
1119.6
1115.2
1096.8
1086.1
1073.4
1079.3
1068.2
1053.5
1072.3
1070.8
1063.6
1057.8
1059.9
1062.3
1053.3
1054.9
1052
1046.9
1040.1
1037.4
1031
1035.1
1038.5
1032.1
1032.5
1040.1
1044.8
1032.8
1040.5
1038.1
1040
1040.7
1031.7
1030
1016.4
1026.6
1025.7
1033.6
1032.1
1039.3
1037.9
1042.5
1046.1
1048.9
1048.3
1052.1
1045.5
1047.3
1040.1
1042.8
1042.8
1044.9
1043.2
1043.4
1051.6
1039.8
1033.9
1031
1027.6
1031.7
1023.3
1028.1
1019.4
1020.5
1011.4
1009.7
1009.4
1016.2
1012.5
1007
998.2
1012.7
1008
1008.4
1008.7
998.7
1006.6
1008.6
1005
1005.3
998.9
991.5
996
989.8
998
1005.5
995.7
1003.6
1004.1
1005.6
999
994.5
992.6
992.6
994
987.5
990
991
978.7
971
973.1
973.7
979.8
979.1
973.4
978
982
988.6
992.9
981.6
984
973.6
972.7
966.2
960.3
970.5
971.4
966.2
976.4
982.9
995.2
986.7
985.9
974.2
972.8
971.4
975.4
979.5
977.8
977.5
970.4
976.6
975.5
978.3
982.2
976.5
977.9
978.9
981.6
978.2
975.4
977.7
982.4
981.6
983.9
990.3
982.8
973.8
985.9
991.9
986.2
1003.7
989
990.1
991.2
990.2
983.9
992.6
992.2
997.7
992.9
981.5
985.6
991.1
991.2
1000.8
992.9
992.2
983.4
985.3
992.1
991.1
982.8
978.4
974.4
979.1
975.5
972.5
974
978.2
984.7
983.7
984.6
986.9
981.6
974.9
971.8
974.5
966.9
965.8
969
977.9
984.4
990.1
999.3
989.2
990.8
992.2
988.2
986.5
993.3
991.8
996.3
995.3
997.1
1005.4
1005.2
1003.2
1014.2
1014.5
1006.4
1005.9
1016.9
997.1
995.4
1000.6
994.3
992.1
982.3
987.9
1000.8
992.4
994.1
993.4
995.5
998
998.3
999.4
995.4
997.6
993.5
986.8
992.2
1004.2
1013.1
1027.2
1028.9
1021.7
1020.5
1041.7
1041.4
1037.9
1030.1
1023.1
1018.8
1020.2
1012.3
1010.3
983
988
994.4
1001.5
993.9
1010.7
1006.6
1009.6
1007.6
996.8
1006.4
1008.7
1009.3
1010.6
1003.8
1014.9
1022.3
1035.7
1035.7
1031
1033.1
1042.3
1039.5
1049.1
1055.1
1047.2
1058.6
1045.2
1041.3
1047
1045
1050
1053.8
1072.3
1068.8
1074.7
1074
1077.9
1080.2
1076.8
1078.6
1071.7
1076.3
1069.9
1075.1
1079.3
1086.2
1087.8
1101.9
1095.5
1094.1
1117.6
1126.1
1133.2
1126.8
1133.8
1141.1
1143.5
1134.9
1134.1
1131.7
1130.7
1139.6
1142.8
1146.2
1153.2
1156
1156.5
1166.3
1165.4
1163.6
1164.5
1167.2
1171.2
1159.8
1182.6
1159.5
1160.5
1159.5
1161.2
1170.2
1178
1190.9
1197.8
1190.8
1198.3
1195.4
1195.8
1188.8
1191.4
1190.2
1192.8
1202.9
1202.6
1204.3
1202
1211.5
1217.5
1219.2
1228.8
1229.7
1232.6
1229.8
1227.5
1223.7
1227.4
1227.8
1217.6
1228.4
1230.4
1226
1228.1
1234.2
1237.3
1251.2
1259
1238.9
1254.4
1257.1
1254.3
1252.6
1249.6
1260.1
1252.1
1254.8
1260.8
1260.3
1260.9
1274.1
1276.9
1283
1280.1
1290.5
1282
1280.8
1266.3
1280
1278.8
1285.4
1297.1
1291.9
1293.3
1296.8
1298.5
1313.1
1321.7
1317.4
1308.1
1300.2
1294.1
1292.6
1295
1280.5
1271
1259.3
1259.7
1262.7
1269.8
1285.5
1295.5
1289.6
1279.2
1269.5
1263.6
1265
1258.5
1248.6
1250.6
1242
1243.1
1245.8
1246.6
1247.7
1245.2
1250.4
1237.3
1245.9
1233.7
1230.1
1217.7
1204.9
1202.7
1204.7
1181.7
1175.2
1169.5
1155
1150
1163.8
1166.6
1182.2
1186.1
1193.9
1198.2
1196.4
1178.9
1179.1
1165.7
1158.4
1165.5
1163
1174.1
1173.7
1163.8
1170.5
1173.2
1170.4
1163.2
1163
1149.4
1157.3
1149.7
1147.8
1163.9
1149.3
1150.8
1153.2
1152.1
1168.9
1170.8
1167.2
1167.3
1169.3
1168.1
1166.6
1160.4
1163.1
1167.4
1160.9
1173.6
1176.8
1172.9
1179.4
1172.1
1186.5
1189.5
1190.1
1200.3
1192.9
1203.9
1188.8
1191.3
1191.3
1181
1185.4
1189.9
1189.5
1189.3
1192.4
1189.9
1196.9
1181.5
1181.1
1167.7
1162.6
1141.2
1137.1
1127.8
1121.1
1134.9
1132.3
1134.5
1136.3
1131.5
1144.3
1145.5
1135.2
1131.1
1134.7
1124.4
1130.3
1124.4
1105.7
1110.7
1109.6
1096.2
1095.7
1096.4
1097.7
1098.6
1089.5
1100.9
1099.4
1093.2
1079.6
1074
1068.2
1059.5
1056.2
1055.7
1056.3
1051.6
1058.1
1049.3
1037.2
1058.8
1056.7
1059.9
1062
1062.7
1058.5
1038.4
1072.7
1055.1
1059.6
1062.3
1061.1
1069.8
1067.3
1073.6
1084.5
1083.2
1109.5
1116.2
1121.4
1124.6
1134
1140.7
1144.2
1143.5
1153.6
1140.7
1142.8
1149.2
1165.8
1189.9
1170.1
1176.7
1180.4
1185.8
1191.2
1194.1
1193.8
1199.4
1190.4
1197.8
1191.2
1194.6
1204.1
1210.8
1208.2
1218.5
1214.5
1212
1215
1229.1
1222.9
1227.4
1232.9
1221.6
1222.6
1231.3
1233
1240.6
1242.2
1251
1263.2
1266.3
1276.2
1264.1
1275.7
1272.9
1277.9
1274.1
1276
1278.7
1280.4
1292.1
1282.6
1283.1
1286.1
1287.8
1316.3
1315.5
1317.6
1313.1
1316
1318.6
1320.3
1323.3
1321.7
1325.9
1329
1337.7
1348
1347.1
1338.7
1354.5
1344.2
1350.6
1351.4
1357.6
1369.2
1367
1358
1363.3
1357.7
1356.4
1352.2
1341.2
1334.9
1331.1
1317.7
1302.6
1294
1285
1277.5
1276.7
1257.6
1270.9
1242.2
1237.2
1224.9
1231.9
1232.8
1227.6
1227
1222.9
1224.2
1220.8
1224.5
1225.9
1216.7
1214.3
1200.5
1185.5
1199.4
1186.7
1194.6
1179.4
1174.5
1171.8
1165.4
1172.5
1175.5
1183.6
1178.3
1186.4
1201.7
1217.1
1225.9
1227
1226.6
1238.1
1252.9
1239.6
1237.9
1249.3
1239.3
1226.7
1232.9
1213.9
1218.2
1223.7
1237.8
1247.8
1236
1243.2
1240.6
1249.6
1249.9
1270.8
1278.5
1258.9
1270.6
1264.1
1277.9
1279.4
1304.1
1311.3
1313.8
1312.8
1321.7
1314.3
1320
1307.1
1302.3
1296.8
1299.4
1315.3
1313.1
1319.9
1329.1
1320.4
1349
1338.4
1337.6
1337
1339.8
1336.7
1335.2
1331.6
1332.2
1328.1
1309.3
1328.1
1339.6
1340.3
1330.8
1319.7
1309.2
1326.2
1312.3
1318.8
1319.7
1320.3
1314.4
1314.2
1309.6
1309.1
1302
1284.8
1286.3
1286.9
1278.4
1280.7
1274.3
1273.9
1276.2
1274.7
1257.4
1269.4
1255.2
1256.8
1263.7
1260.6
1248.7
1252
1246.7
1242.9
1266.9
1252.6
1266.5
1269
1267.9
1278.7
1279.5
1278.8
1277.9
1260.1
1264.5
1260.5
1260.7
1263.3
1286
1283.9
1290
1289.2
1297.3
1303.6
1311.1
1311.7
1303.7
1311.8
1310.6
1314.7
1302.6
1302.5
1305.5
1311.3
1300.6
1291.8
1289.2
1294.4
1299.4
1319.7
1322.1
1327.4
1333
1340.7
1315.8
1327.6
1329.6
1324.1
1332.2
1340.7
1329.9
1329.3
1331.5
1343.6
1345
1345.8
1342.1
1333.7
1321.5
1320.5
1324.9
1312.5
1305.2
1299.8
1296.1
1297.8
1294.9
1297.5
1287.1
1280.3
1281
1282.6
1276.9
1291.3
1285.4
1282.5
1278.8
1272.5
1267.9
1262.7
1264
1260
1259.6
1258.3
1249.3
1253.3
1253.3
1253.1
1251.3
1252.4
1254.6
1251.6
1252.8
1269.6
1255
1250.6
1237.9
1238.8
1247.3
1232.4
1237.8
1244.9
1255.7
1251.9
1246.5
1250
1254.4
1238.3
1248.2
1236.3
1239.9
1231.9
1231.1
1234.7
1215.9
1220.4
1227.1
1228.5
1234.2
1235.8
1236.7
1238.7
1231
1229.3
1216.4
1219
1213.3
1214.9
1216.1
1217.1
1216.4
1213.4
1209.7
1209.2
1208.7
1203.9
1195.1
1181.2
1161.2
1161.4
1163.1
1154.2
1132.8
1122.5
1123.2
1115.8
1115.6
1112.3
1109.5
1104.3
1101.9
1094.4
1089.5
1068.7
1070.2
1062
1048.5
1046.8
1047.9
1041.5
1042.3
1040.5
1036.2
1030.6
1022.5
1038.9
1038.5
1028.3
1027.8
1020.5
1013.4
1009.4
1007.9
998.5
1002.2
1005.4
995.3
1010.5
1008.1
1002.8
1016.1
1026.4
1030.6
1030.7
1032.6
1031.4
1030.8
1034.6
1039.9
1037.9
1044.2
1038.8
1036.2
1021.7
1024.7
1012.7
1002.2
1008
1012.3
1007.1
1003.8
1009.4
1007.5
997
992.4
993.6
990.7
992.3
999.6
996.3
1001.3
1003
1005
1001.1
999.4
1000.2
999.1
1011.2
1007.5
1014
1008.7
1006.4
1011.9
1014.1
1009
1012.9
1004.8
1010
1003.8
1002.9
1016.1
1007.8
1019.7
1017.2
1022
1021.2
1028.4
1030.2
1028.4
1022.4
1020.8
1013.1
1004.3
1006.6
1010.3
1008.2
1012.2
1013.5
1018.4
1015
1013.5
1013.3
1016.5
1018.1
1027.9
1018.4
1018.4
1016.1
1013.1
1008.5
1005.2
1013.5
1006.7
1000.4
1002.2
992.4
997.3
1000.1
1004.3
1011.9
1018.9
1037.9
1025.7
1017
1017.2
1016.8
1024.3
1023
1017.6
1016.4
1021
1015.1
1020
1011.8
1003.1
1027.5
1034.6
1042.1
1044
1046.4
1054
1060.1
1057.6
1049.8
1055.8
1052.3
1058.2
1050.5
1053.3
1059
1066
1075.4
1078.7
1080.7
1084.3
1062.2
1053.6
1055.1
1060.8
1045.3
1050.2
1051.2
1049.2
1049
1053.3
1042.9
1044.2
1057.9
1059.7
1045.6
1042.9
1038.9
1043.6
1038.8
1050.1
1048.1
1056.5
1050
1046.6
1054.7
1061
1072.9
1072.6
1074.8
1072.3
1070.9
1070.5
1075.5
1070.8
1074.6
1070.9
1071.9
1062.3
1070.9
1081.3
1079.6
1077.4
1080.7
1079.2
1083.1
1092.4
1080.1
1072.4
1065.3
1054
1052
1045.9
1037
1041.2
1034
1027.6
1024.5
1045.7
1037.4
1041
1041.5
1044.6
1048.9
1044.4
1044.8
1045.3
1045.2
1043.1
1041.5
1044
1041.7
1050.7
1061.2
1047.9
1068
1058.4
1063.7
1056.3
1061.7
1056
1047.9
1048.1
1048.9
1049.6
1048
1040.6
1046.2
1050.4
1058.9
1052.4
1054.6
1046.7
1047.3
1044.4
1039.9
1044.6
1043.1
1038.1
1040.7
1033.8
1022.6
1040.3
1039.2
1047.6
1047.9
1044.9
1038
1039.1
1037.8
1033.4
1036
1021.6
1024.6
1026.3
1021.6
1017.6
1016.5
1016.8
1029.8
1028.5
1031.8
1025.1
1025.7
1028.2
1022.6
1015.1
1018.5
1012.7
1019.8
1006.6
1008.6
1000.1
1004.4
1013.8
1007.2
1010.1
1018.3
1018.7
1012.1
1014.3
1007
1010.9
1006.8
1000.3
997.6
989.8
996.9
981.4
992.8
996.7
995.8
999.7
1000.5
1003.6
1000.3
1000
995.8
989
985.5
982.7
987
980.6
980.9
985
984.7
990.5
978.4
988.5
983.4
991
990.3
989.4
992
993.4
988.4
997.9
1001.3
1006.1
992.8
988.4
995.2
996
1009.1
997.6
1006.6
1009.5
1011.9
1015.7
1014.1
1007.2
1003.4
1005.2
1010.9
1001.9
997.9
1008.4
1001.2
1010.2
1014.8
1015.7
1017.4
1018.9
1017
1013.5
1010.6
1011.4
1007.6
1002.6
991
1000.1
996.8
994
1000.3
999.9
1006.2
1009.6
1003.8
1012.7
1009.7
1012
1013.5
1008.7
1003.3
1005.3
1002.4
1012.8
1008.6
1009.4
1006.1
1023.2
1027.4
1025.5
1029.3
1027
1016.4
1015.8
1005.6
1008.3
1004.6
1005.3
1000.7
1008.8
1007.5
1002.7
1005.4
1011.3
1001.3
1006.4
1009.7
1000.5
1005.3
993
991.9
984.3
980.1
972.7
978.4
982.3
985.1
991
991.6
989.3
1004.7
989.4
999.8
1000
986.6
979
979.5
971.5
980.2
973.4
973.6
978.6
985.2
985
980.6
984.8
982.1
986.2
980.6
979.8
983.5
978.6
976.2
980.1
976.5
981.5
987.3
986.8
981.5
986.6
984
990.8
995.9
992
983
974.4
981
982.8
984.2
990.4
997.8
1009.9
1008.6
1006.2
1006.6
1015.8
1014
1014.6
1014
1015.7
1009.8
1005.1
1003.2
1007.1
1002.8
1009.1
1008.3
1010.5
1004.4
1008
1014.3
1013.5
1005.8
1009.3
1005.9
998.4
998.2
1003.8
998.6
998.2
990.7
988.3
974
969.8
977.3
985.6
985.1
985.7
977.3
972.9
978
981.7
983
980.5
971.6
982.8
975.5
987.4
991
987.1
982.3
981.7
977.3
977.6
982.1
988.2
986.5
980.4
977.8
991
986
981.9
974.6
980.6
984.4
974
970.5
979.2
977.3
995.1
982.5
984.3
978.1
979.4
972.3
954.8
962.2
967.8
959.3
953.6
965.7
958.1
967.1
965.4
956.4
968.6
982.3
975.3
969.3
962.9
964.5
961.1
950.5
951.8
953.7
947.4
951.3
947.6
950.3
943.8
945.2
947.2
946.6
955.4
952.5
951.5
947.5
942.8
946.3
941.1
937.3
938.9
941.7
934.7
932.2
931.7
930.3
930.8
936.3
936.4
939.2
937.5
931.1
933
928.4
918.5
925.9
918.6
924.5
914.7
924
925.3
922.3
927.7
933.8
924.7
923.9
922.5
921.5
920
909.9
915.1
907.5
917.2
917.1
916.5
912.4
921.9
920.9
917
920.7
914.6
924.8
910.6
919.6
923.1
916.6
906.9
905.3
905.5
894.6
901.7
907.5
907.7
910.8
906.8
905.6
909.2
924.1
915.4
904.6
906.5
907.7
904.7
895.6
891.5
896.6
897.5
894.7
894.4
901.6
905.3
901.4
905.8
904
905.9
905.1
895.3
893
886.5
888.7
884.3
883.9
881.1
889.7
880.9
884.4
889.9
895.4
894
887
895.5
890.9
894.5
883.9
876.5
882.7
878.7
872.5
873.2
878.6
880
876.5
885.5
888.6
881.1
888.7
878.1
881.7
873.1
879.6
874.3
871.5
857.6
868.7
869.3
872.4
871.7
866.8
874
873.1
872.1
875.2
874.6
866.7
875
868.7
873.4
863
864.7
860
867
852.5
866.6
866.9
865.8
877.1
