514.4
511.7
511.5
508
514
505.8
510.7
504.5
522.3
521
519.9
512.9
517.2
516.7
509.4
510.7
509
508
507.7
512.4
508.2
509.9
514.1
515.3
519
522.3
521
518.7
519.2
516.2
512.9
517.8
511.2
515.6
510.7
517.4
505.7
515.9
513.8
534.5
535.4
528.6
521.6
532.8
521.5
522.5
532.1
535.5
552.8
561.7
554
560.8
567.7
564.5
565.3
579.3
587.1
587.1
586.2
589.5
595.9
592.8
598.2
599
592.1
596
594.3
593.8
600.6
594.7
598
600.2
606
609.5
616.3
621.5
619
623.6
630.5
635.6
630.9
631.8
636.2
636.9
642.1
650.5
650.4
652.2
660
653.8
651.6
650.3
654.3
646.9
650.8
654.6
652.2
657.3
664
662.9
663.3
676.6
675.4
681.2
687.3
676
673.4
677.2
677.8
678.2
667.2
678
684.9
682.8
682.9
686.3
693
695.2
699.3
693
698.7
701.6
695.6
697.9
692.6
694.6
693.6
696.2
702.6
696.6
700.8
704.8
710.4
717.3
726.8
716.7
726.4
724.6
716.5
716.7
721.1
717.5
719.1
721.6
714.5
715.9
730.7
739.9
737.9
740.1
735.8
728.9
731.6
726.7
727.2
737.6
748.8
748.9
751.3
753.8
765.1
764.2
763.7
762
762.8
753.7
749.3
750.6
761.7
755
766.8
768.4
768.1
765.8
763.9
765.2
766.1
771.4
773.9
777.1
772.8
773.3
775.7
772.4
777.8
778.2
778.7
768.2
770.2
765.4
772.8
783.7
766.7
781.9
781.8
790.5
780.8
778.5
777.7
775.1
781
779.9
779.3
779.9
783
787.5
789.6
796.8
798.7
790.2
797
794.4
792.7
791.1
786.1
785.1
788
788.8
789.3
793
798.4
803.2
807.7
811.9
808.4
810.5
808.3
798.6
798.4
795.4
803.8
797.1
796.1
800.9
802
804.6
806.3
814.3
813.4
814.8
816.7
821.4
824.3
820.8
816.7
809.7
813.6
814.6
811.4
811.2
817.8
819.9
823.3
833.6
839.8
835.8
833.4
829.1
833.2
825.4
824.3
826.2
824.8
827.1
830.6
833
832.9
839.6
830.6
846.2
847.7
847.9
845
846.3
841.4
842.1
845.9
839.1
847.1
841.7
838.1
841.5
848.3
846.6
839
851.7
848.8
845.7
846.6
850.6
840
844.3
846.3
845
847.3
854.8
845.8
849.5
854.2
867.1
862.1
860.5
857.8
850.5
850
844.5
847.2
844.3
853.8
849.9
853.6
860.6
863.4
864.9
860.8
868.4
863.7
860.9
865.3
861.9
859.8
859.1
858
847.4
863.1
854.5
860.7
861
868
871
874.5
870.4
869.3
876.7
867.9
873.3
868.7
866.2
873.7
865.2
871.5
862.8
866
876.7
878.6
884.2
880.3
884.7
873.9
874.4
864.3
873.5
877.1
868.1
866
872.6
876.1
884.3
883.5
884
885.1
885.6
886.5
884.3
878.8
882.8
881.2
879.2
878.3
871.1
874.8
883.3
886.2
890.5
888.3
899.1
890.1
891.4
897.3
889.4
888.6
881.5
885.8
883.4
887.4
886.5
890.8
889.2
896
889.1
889.3
898.7
906.7
896
896.8
883.1
886.4
893.4
882.8
885
886.7
889.3
885.5
899.1
908.3
902.2
906.6
905.9
902.8
890.3
891.4
892.2
899.2
888.9
895.3
894.8
895.2
893.1
896.6
900.6
905.5
904.2
907.1
908.5
903.1
898.3
896.1
906.7
895.7
897
902
905.6
899.9
913.7
915.9
921.6
926.7
920.9
919.3
919.3
907.1
914.1
907.8
908.5
915.9
905.7
911
918.5
913.9
912.1
922.5
929.2
929.7
938.6
935.5
935.1
930.7
923
910.9
916.9
913.8
915.1
920.4
931
932.3
934.9
939.9
946.7
938.6
938
936.7
930.7
926
929.7
929.1
924.5
931
926
928.4
940.8
936.8
940.3
945.7
947.6
942.9
936.2
943.1
930.6
937.3
931.9
936.9
933.8
938.2
938.6
944.4
946.4
942.2
955.9
954.7
949.1
958.3
955.9
948.3
937.8
937.5
939.7
941.2
940.1
944.9
951.5
953.7
956.1
955.3
954.8
956.3
951.9
945.9
947.1
943.6
944.6
947.4
945.4
950.5
954.4
954
964.2
964.6
969.9
971.1
967.3
970.6
964.6
970.8
965
959.2
969.7
967.9
962.5
962
957.4
968
970.5
976.6
970.7
974.4
981.6
978.2
977.8
969.5
967.1
960.6
962.7
963.1
960.5
969.4
965.1
973.2
976.1
977.3
980
987.3
977.7
973.7
975.1
970.5
967.2
968.2
973
970.2
979.8
973.7
978.2
986.1
983.1
986
989.6
985.4
978
979.6
987
976.2
969.8
971.7
972.3
973.5
982.6
985.3
983.7
984.4
994.1
995.1
995.8
982.7
977.1
989.6
980.7
986
985
984.9
984.8
983.6
973.9
980.3
985.2
986.8
979.6
986.1
972.3
980
970.4
969.2
970.1
967.9
964.4
970.1
969.2
959.3
967.9
975.5
967.4
951.9
950.5
953.1
958.4
960.7
951.4
955.2
958.5
961.8
953.8
965.6
964.8
966.4
966.4
968.4
981.7
975.8
977.7
975.4
975
981.1
981.8
974.2
973
967.7
973.7
971.3
979.6
983.5
988.7
994.7
990.2
993.7
996.3
990.8
988.4
982.9
985.3
971.4
981.1
984.8
981.6
980.8
991.8
995.3
996.7
997.8
1000.8
1000
996.1
994.4
990.4
991.4
991.6
987.2
987
983.6
995.5
993.2
1000.2
998.6
998
1000.1
997.2
1006.3
1003.9
997.1
999.6
1006
996.4
997.6
996.2
1001
1000.5
1011
1005.9
1014.2
1012.9
1015.3
1020.8
1009.9
1006.8
1004.7
996.2
1000.2
1000
1002
997.1
1005.6
1002.9
1010.9
1012.2
1013.2
1014.4
1010.5
1010.7
1010.5
1005.7
1001.4
1004.4
998
997.1
1011.4
1025.2
1016.1
1021.8
1024.4
1023
1030.6
1030.5
1022.2
1008.1
1010.4
999.6
1013.1
1007.6
1002.3
1010.1
1017.5
1012.6
1015.4
1019.5
1023.6
1031.1
1032.6
1025.6
1025.6
1015.8
1015
1016.6
1019.2
1025.1
1016.4
1022.6
1018.3
1025.8
1037.7
1036.5
1024.5
1036.2
1035.4
1036.1
1033.6
1032.5
1029.4
1026.7
1026.6
1025.9
1022.5
1027.4
1033.7
1041.1
1044.5
1042.9
1037.4
1034.8
1040.8
1032
1039.9
1027
1026.1
1034.3
1028.3
1029.2
1031.2
1037.7
1043.3
1051.2
1043.4
1043.8
1051.5
1044.2
1043.1
1034.3
1032
1034.4
1027.6
1028.9
1030.1
1034.8
1035
1043.4
1045.8
1050.4
1052.6
1051.8
1046.8
1043.3
1039.1
1040.2
1040.7
1035.9
1036
1040.2
1041.7
1039.3
1044.8
1050.4
1058.8
1047
1048.6
1047.4
1046.6
1042.8
1050.1
1047.1
1044.9
1049.4
1041.7
1045.2
1049.2
1054.9
1053
1055.3
1056.3
1057.3
1056
1052.4
1042.5
1046.8
1046.1
1045.9
1052.5
1051.2
1053.5
1059.1
1060.4
1063.8
1066.7
1063
1068.5
1061.4
1054.9
1050.7
1051.4
1055.6
1052.9
1049.2
1056.8
1065.2
1069.5
1066.4
1074
1070.5
1064.7
1068.8
1056.5
1058.9
1056.8
1062.5
1071.5
1054.5
1070.1
1070.2
1076.4
1071.9
1067.7
1066.7
1070.6
1068
1066
1065.8
1066.7
1072
1074.7
1069.6
1070.7
1069.1
1072.9
1066.2
1071
1078.1
1079.4
1088.3
1080
1077.9
1081.2
1074.5
1073.1
1067.7
1069.9
1068.8
1069.1
1074.7
1071.7
1071.5
1077.7
1072.6
1075.1
1074
1076.7
1085.6
1078.1
1073.9
1066.1
1067.7
1065.9
1071.9
1067.7
1073.4
1076.1
1083.2
1079.2
1086.5
1083.1
1084.5
1084.7
1078.4
1076.2
1079.8
1069.7
1078.3
1072.6
1074.7
1075.3
1074.8
1074.9
1084.9
1080.6
1083.7
1086.2
1083.9
1081.4
1077.7
1078.7
1078.4
1073.7
1074.4
1068.8
1069.1
1074.5
1081.8
1085.5
1081.5
1086.7
1094.2
1090.3
1091.5
1079.6
1085.9
1072.1
1066.1
1070.2
1063.5
1063.3
1072.4
1078.5
1073.4
1076.1
1089.9
1080.9
1088.1
1080.6
1077.4
1079.5
1079.8
1076.2
1070.3
1073.7
1066.3
1067.7
1067.8
1080.2
1084.9
1088.2
1079.3
1071.1
1064.5
1066.9
1068.5
1070.5
1065.3
1070.7
1067
1072.6
1071.3
1068.1
1080.1
1075
1087.9
1079
1081.7
1079.3
1079.9
1085.4
1074.8
1076.1
1070.2
1070.8
1078.5
1070.4
1077.3
1081.6
1086.5
1088.5
1086.7
1086.4
1085.2
1080.1
1082.4
1083.2
1076.9
1075
1075.8
1077.7
1077.8
1079.7
1094
1086.4
1085.1
1087.8
1093.5
1089.6
1095.2
1097.7
1092.3
1090.8
1092.8
1090.2
1087
1081.7
1086
1088.5
1091.6
1089.3
1095.6
1096
1096
1098.1
1098.6
1091.5
1092.4
1087.2
1090.9
1088.9
1082.8
1085.7
1095.7
1095.5
1100.6
1100.9
1101.4
1099.5
1100.6
1087.3
1093.5
1090.7
1089.5
1080.8
1084.7
1086.8
1082.5
1085.9
1093.6
1104.6
1099.9
1100
1100.7
1098.6
1102.3
1098.6
1096.5
1092.3
1098
1094.3
1104.4
1106.7
1107.4
1103.8
1103.9
1113.6
1114.8
1112.4
1114.6
1114.1
1102.6
1098.8
1112.2
1094.8
1095.4
1104.3
1088.5
1110.4
1104.4
1111.6
1110.8
1114.8
1122.8
1121.7
1127.1
1109
1106.3
1112.7
1101.4
1106.8
1106.2
1106.5
1112.8
1108
1124.8
1117
1118.8
1121.5
1119.8
1124.5
1122
1109.6
1105
1102.9
1105.2
1106.5
1110.3
1114.3
1115.6
1120.2
1120.5
1125.2
1125.2
1121.6
1120.7
1124.1
1123
1120.8
1115.8
1109.8
1111.9
1115.9
1117.7
1120.4
1126.7
1130.1
1130.2
1132.9
1134.1
1132.2
1125.1
1129.6
1117.6
1119.1
1120.6
1121.8
1115.7
1118.2
1114.8
1122.3
1123.1
1130.6
1127.4
1122.4
1129.5
1134.8
1132.5
1129
1119
1117.1
1122.6
1112.8
1111
1117
1125.5
1134.4
1134.9
1138.9
1136.7
1138.3
1126
1123.3
1119.7
1115.9
1118.1
1109.9
1109.2
1108.9
1115.9
1115.2
1117.1
1115.2
1119.5
1120.2
1109.9
1109.6
1110.2
1105.6
1099.8
1099.2
1087.2
1089.3
1089.8
1090.9
1090.9
1095.4
1097.2
1094
1091.5
1092.5
1085.3
1084.8
1075.9
1077.5
1069.7
1071.1
1085.8
1064.3
1078.2
1084.1
1087.5
1086.2
1082.8
1072.4
1076.3
1076.4
1072.1
1068.8
1065.6
1067.4
1066.2
1059
1057.4
1053.3
1053.4
1064
1058.7
1063.8
1057.1
1059.2
1061.7
1065.2
1053.1
1042.6
1033.5
1043.3
1033.2
1034.9
1042.9
1043.8
1046.6
1048.7
1033.5
1038.2
1037.3
1035.5
1028.5
1039.4
1020.9
1017.8
1025.2
1023
1019.9
1019.1
1022.4
1029.7
1023.8
1031.4
1037.7
1032
1034.9
1021.7
1012.7
1016.2
1013
1012.2
1013.3
1012.3
1011
1016.6
1023.4
1019.4
1022.2
1015.6
1021.6
1014.7
1007.3
1009.7
1000.2
1003.1
999.2
995.4
999.7
996.8
998.7
1002.5
1007.3
1007.7
1001.8
1004.2
1000.2
994.6
983.4
986.1
989.4
985.8
990.7
991.3
990
986.4
990.7
989.3
995.7
989.9
993.9
994.6
986.2
979.5
977.9
956
979.3
973.9
965.1
977.7
973.8
971.9
972.7
974.8
976.2
981.8
976.5
975.1
969.2
964.5
961.4
961.6
960.1
960.9
957.7
956.2
961.1
951.3
963
958.6
962.8
962.4
956.2
953.2
950.2
957.8
953.5
949.1
940
951.5
939.4
943.7
948.2
946.9
954.4
948.2
964.5
948.4
949.3
947.2
939.7
934.6
931.3
932.4
933.2
930.3
937.8
934.7
948.3
942.2
944
937.5
935.9
937.6
924
931.4
929.7
916.9
924.7
929.1
924.8
924.9
928.6
936.7
934.3
930.5
931.4
923.8
916.3
920.4
912.1
912.1
911.6
900.1
918.4
913.8
917.9
912.5
912.4
920.9
925
918.8
923.8
920.8
914
906
916.1
912.8
911.6
914.5
907.1
908.1
909
907.1
913.9
918.8
915.1
916
899.9
905.9
905.3
900.3
903.7
904.8
897.2
887.8
897.8
893.7
901.1
895.3
899
904.1
900
904.3
903
901.6
897.9
891.3
892.6
887.1
888.1
888.4
894.3
890.7
890.1
895
900.8
907.1
901
904.9
891.1
882.8
878.8
886.9
873.6
879.1
874.8
886.3
878.9
887.5
885.6
883.4
890.3
892.7
884.6
886.7
887
876.3
876.6
871.3
871.1
873.5
870
876.6
878.7
882.3
884.3
888.4
883
883
882.7
876.6
874.5
872.3
864.4
865
863
874.4
873.5
873.6
873.2
866.8
878.4
869.7
870.3
872.6
861
852.9
859.9
857.2
857.6
857.2
862.4
874.2
874.8
880.8
887
904.4
917.1
921.3
921.7
912.1
908.8
905.7
890.3
894.9
905.2
923.9
930.8
933.3
938.9
947.5
942.5
935
930.3
930.5
934.3
932.6
939.6
941.7
932.3
933.3
932.9
935.5
935.1
944.1
943.1
951.1
949
952.6
952.4
955.3
944.3
950.7
952.9
953.1
951.5
952.1
957.4
970
963.4
965
959.4
968.7
968.7
961.8
966.7
952.6
961.3
965.6
960
958.1
955.9
960.3
968.1
974.4
973.1
974.5
985.3
968.5
973.2
967.7
974.7
977.8
969.3
974
974.3
971
972.2
977.6
977.2
981.5
981.7
986
977.8
974
976.5
979.5
967.9
970.8
964.9
969.3
977.5
970
977.6
975.7
986.4
985.4
983.3
984.9
981.6
978.7
987.2
990.2
985.1
994.6
991.1
992.9
992.9
992.5
981.7
992.8
993
1001.4
1005.7
1004.4
1000.5
998
1004.6
1007.2
1004.8
1002.5
998.6
1002.3
1003.6
1009.9
1016.6
1017.4
1019.4
1020.5
1010.5
1005
1008
990.2
992
986.6
996.7
1000
1004.8
1005.7
1004.4
1008.2
1008.2
1002.3
1003.8
1009
1010.4
1014.9
1011.4
1012.6
1015.9
1022.7
1013.2
1015.9
1023.2
1021.6
1019.6
1027.9
1027.2
1031.8
1038.7
1032.2
1023.9
1017.3
1022
1009.9
1007.8
1020.9
1018.2
1015.2
1026
1031
1030.3
1039.1
1041.5
1039.5
1033.1
1037.8
1028.7
1034.2
1027
1026.4
1026.3
1028.4
1038.7
1042.2
1040.3
1038.3
1045.8
1050.1
1048.8
1050
1043.7
1035.3
1035.1
1035.4
1036.6
1035.1
1038.4
1044.5
1044.5
1056.5
1062.2
1058.7
1056
1042.6
1045.5
1050.3
1048.5
1058.5
1056.9
1050.6
1049.3
1063.6
1072
1066.5
1060.6
1074.5
1073.9
1073.2
1069.4
1060.2
1065.2
1064.9
1067.3
1074
1073.6
1083.9
1072
1086.8
1077.9
1083.9
1066.6
1073.5
1073.4
1085.2
1075.2
1076
1073.5
1096.8
1088.2
1085.2
1077
1076.5
1067.1
1087.9
1089.1
1102.4
1100.2
1096.3
1088.4
1088
1088.1
1080.5
1081
1083.1
1086.9
1081.9
1084.7
1089.1
1090.8
1091.4
1089.8
1095.2
1093.2
1096.9
1093.3
1094
1095.1
1100.2
1100.9
1090.7
1099.8
1101.5
1098.8
1104.1
1096.6
1095
1099.1
1094.5
1094.3
1091.9
1093.5
1096.8
1098.4
1101.1
1104
1098.9
1099
1102.3
1118.8
1116.5
1122.9
1119.7
1114.5
1108.7
1107.8
1106.7
1103.5
1096.2
1106.3
1096.8
1111.2
1109.6
1105.3
1113.5
1119.4
1111.7
1115.2
1118.3
1118.9
1115.6
1116.6
1112.8
1114.5
1111
1113.3
1119
1109.1
1110.9
1118.2
1124
1122.3
1137
1140.3
1130.1
1130.4
1123.7
1118.7
1110
1105.8
1119.8
1110.3
1118.4
1118.2
1122.5
1125
1128.4
1135.8
1132.8
1134.8
1133.2
1137.3
1123.9
1122.5
1126.7
1118.8
1114.5
1108.4
1104.2
1098.3
1072.8
1049.3
1071
1084.2
1091.1
1080.7
1090.5
1090.8
1077.2
1057.6
1055.9
1071.2
1081.6
1061.6
1056.5
1057
1064.6
1065.1
1060.1
1038.5
1049.9
1051.4
1046.4
1033.3
1022.3
1012.6
1021.7
1026
1031.7
1026.5
1021.9
1028.2
1016.2
1018.7
1016.3
1023.8
1019.6
1024.1
1030
1020.1
1018.4
1028.7
1015.4
1020.3
1025.5
1022.6
1029.2
1029.3
1035.2
1017.1
982
982.1
983.8
982.5
975.3
973.5
973.3
972.6
973.3
988
987.6
989.9
983.3
969.1
972.8
968.8
968.7
969.7
971.1
968.6
968.3
964.7
968.4
965.5
974.2
965.6
974.9
973.8
972.5
970.4
965.8
962
950.1
962.8
962.2
950.6
957.5
949.7
959.1
956.2
958.4
957.7
959.7
965.1
963.2
958.5
948.6
926.5
926.4
932.5
926.5
937.5
928.5
922.7
930
944
948.6
960.2
957.1
970.5
964.2
960.9
968.9
967
965.6
958
965.4
954.1
957.4
952.6
959.3
967.8
980
982.6
977.7
973.5
969
970.6
960.1
961.8
946.6
952
945.2
946.8
943.2
955.8
956.9
952.5
956.2
950.5
944.9
950.7
953.8
955.1
950.9
949.9
960.2
954.1
954.2
946.8
942.2
949.7
953.5
954.8
954.4
948.8
947.2
943.7
940.9
937.4
933.2
927
930.1
923.5
930.2
924.6
929.2
927.1
911
906.1
897.9
898.4
896.9
898.1
903.9
895.3
891.9
890.8
893.2
890.3
895.3
895.3
899.7
897.6
899.1
901.5
894.6
897.3
882.8
891.5
875.6
880.6
884.5
886
885.3
889.4
883.2
885.8
887.9
889.1
890.8
887.3
872.3
879.3
871.9
873.1
870.8
872.8
863.1
864
865.4
870.3
871.8
864.3
864.7
865.8
868
867
859.8
862.8
857.5
863.1
861.3
859.3
870.6
861.3
868.8
867
871
866.8
868.9
859
860.4
863.7
855.3
858.8
857.9
852.3
859.2
861.3
861.8
863.1
862.4
868.7
864.3
873.1
872.9
867.4
866.4
867.7
861.7
863.8
869.9
870.8
870.9
880.3
888.4
880.9
888.5
890.9
890.7
886.1
891.9
885.7
891.8
896.1
886.9
885.2
884.7
884.5
889.4
890.3
884.6
892.5
896.1
896.1
907.3
889.9
890.2
881
886.9
877.1
872.6
877.7
879.9
883.9
882.3
881.4
888
885.7
886.2
889.5
878.6
873.7
869.7
869.9
870.8
868.1
862
862.8
867.9
863.3
869.7
867.8
868.7
875.9
870.2
867.8
869
861.8
863.3
849.1
856.4
855.8
863.4
861.8
861.1
867.7
866.9
869
862.9
873.4
866.2
863.9
867.6
859.9
863.1
859.5
868.5
865.7
873.5
869.5
885.1
879.9
875.9
879.1
887.3
867.6
884.1
880.9
880.4
876.1
876.5
870.7
878.2
876.3
878.1
875.4
882
880.1
880.9
882.7
882.2
879.9
875.5
873.2
866.7
869.9
868.5
867.5
863.9
867.2
864.8
865.3
876.4
866.4
871.8
874.3
869.2
861.6
861.3
864
865.9
866.4
864.6
853.9
860.2
857
877.1
873.1
873.1
870.8
877.8
869.2
864.3
865.4
856.8
857.9
866.5
848
854.8
864.5
852
859.7
862.5
870.1
871.8
881.8
878.5
876.3
875.8
870.9
866.9
857
861
858.4
862.7
861.6
868.2
869
876.2
875.2
879.2
871.1
869.2
866.7
866.7
867.6
862
868.2
862.8
861.9
865.8
867.6
868.6
876.3
874.5
885.2
880
883.1
874.6
880.6
873.9
870
877.9
870.4
873.8
877.1
875.8
879.6
884.2
886.3
885.7
883.1
888.8
885.9
885.3
886
879
891
882.4
888.8
882
880.3
885.9
888.1
884.4
890.8
889.7
884.9
887.4
889.3
882.2
886.9
882.8
882.9
887.7
887.9
895.3
896.5
902.9
896.2
894.8
896.4
897.7
897.7
897.9
895.1
894.3
895.7
899.9
895.6
888.5
889.5
895.3
894.8
897.2
899.2
903.2
899.9
901.8
904.7
892.4
890.3
881.5
877.6
885.6
884.4
884.3
890.8
886.5
894.3
890.6
893.6
894.3
890.5
889.2
886.6
884.1
879.4
880.6
878
882.9
892.8
905.4
919.7
930.2
935.9
932.4
931.8
932.2
928.8
925.7
925
915.8
917.2
924.3
925.9
912.1
926.5
928.2
936
932
937.5
937
936.7
925.4
911.5
904.6
897.4
893.5
886.5
896.4
897.8
895.3
893.9
908.7
920.5
912.7
923.2
927
920
925.3
920.4
914.3
909.9
920.1
912.7
909.6
914.2
926.5
926.7
928.9
926.6
931.7
935.8
933.5
925
923.8
919.9
928.4
920.8
923.4
920.6
927.2
925.7
933.3
933.2
940.7
930.9
944.8
942.1
944.9
956.5
956.7
954.2
952.4
948.9
954.3
950.5
955.1
958.8
955.1
963.8
975
965.1
969.7
980
977.2
984.5
997.6
980.9
997.6
984.8
992.5
996
992.3
1008.4
1015.9
1008.7
1004.5
1010.8
1003.4
1003.3
1015.4
1014.3
1016.3
1008.2
1017.6
1016.3
1016.2
1006.5
1009.6
998
981.4
991.8
1009.5
1025.5
1023.2
1026
1025.1
1026.4
1026.5
1020.4
1022.5
1037.4
1045.4
1045
1043.9
1045.2
1041.8
1044.4
1042.3
1041.4
1033.5
1035.9
1036.1
1041.5
1047.2
1047.5
1057.3
1050
1057.4
1059.3
1064.3
1059.9
1060.2
1059.8
1067.5
1060.3
1044.3
1058.5
1045.9
1050
1055.7
1062.6
1062.6
1070.9
1070.9
1074.9
1069.8
1076.6
1075.9
1076.3
1068.3
1070.2
1070.2
1068.4
1063.6
1063.8
1071.1
1074.1
1086
1082.8
1077.9
1083.8
1082
1083.9
1080.3
1081.5
1075.8
1071.2
1077.7
1074.2
1073.8
1077.5
1075.6
1085.3
1081.8
1087.7
1090.1
1092.5
1083.2
1086.2
1096.1
1094.5
1078.3
1082.3
1083.8
1082.3
1081.5
1083.9
1082.3
1084.1
1087.5
1091.7
1085.5
1089.4
1089.7
1084.7
1083.3
1079.5
1077
1078.6
1074.1
1079.1
1071.4
1081.7
1082.6
1075.7
1082.9
1088.3
1089.5
1084.1
1085.5
1081.4
1078.3
1080.2
1073.5
1080.1
1078.3
1079.4
1083.7
1083.4
1093.4
1083.3
1094.5
1088.5
1087
1087.2
1080.8
1082.7
1077.2
1078.9
1073.5
1072.2
1071.6
1075.3
1077.5
1076.7
1092.3
1090.9
1101.6
1094.9
1099.6
1100.7
1093.8
1089.1
1083.8
1090.1
1092.6
1081.5
1083.1
1082.3
1080.8
1085.4
1079.5
1081.6
1085.7
1081.4
1079.7
1072.6
1074.1
1079.5
1074.2
1082.4
1074.4
1068.3
1071
1076.9
1086.2
1085.5
1093.8
1092.4
1093.3
1091.7
1078.8
1080.8
1080.8
1079.2
1094.9
1098.5
1092.7
1093.2
1094.7
1096.4
1101.3
1097.9
1112.7
1111.2
1109.7
1105.5
1110.6
1112.4
1114
1113.7
1117.1
1115.8
1114.3
1110.8
1101.2
1099.4
1097.3
1096.9
1097.4
1098.1
1098.5
1091.7
1080.6
1078.7
1082
1074.7
1075.7
1076.4
1069.4
1068.2
1069.9
1071.3
1067.4
1066.9
1064.1
1043.2
1051
1041.5
1035.5
1035.8
1023.4
1027.7
1023.8
1022.6
1028.3
1031.7
1026.6
1030.1
1032
1035.6
1027.4
1028.4
1018.4
1012.8
1018.4
1011.1
1009.5
1010
1008
1011.4
1000.6
1001.3
1003.3
1002.1
999.9
997.2
996.8
987.7
991
997.6
1002.6
1002.5
1001.8
996.2
1000.8
1000.9
998.2
998.7
1005.9
999.7
1001
983.3
977.3
971.4
971.2
970.5
962.8
952.8
958.7
965.3
968.7
971.4
972.2
974
960
957.6
956
945.1
948.7
942.3
935.9
940.8
935.3
940.1
936.3
938.3
945
937.8
924.8
935.3
933.4
932.2
929.9
932.9
939.4
942.1
945.4
956.4
965.1
973.1
977.8
977.7
965.9
958.9
958.7
950.1
957.1
955.3
965.4
972.2
967.2
962.4
969
967.6
964.8
965
966.7
964.5
969.9
968.1
962.6
964.6
957.2
965.2
960.6
961.1
961.1
959.6
973.6
974.7
978.6
983.8
982.6
970.1
1005.7
999.7
993
990.1
978.9
978.8
974.2
974
979.3
983.7
975.8
990.6
990
994.4
989.3
987.1
980.3
985.7
980.3
974.8
972.1
969.7
976.6
963.2
970.8
972.4
970.2
976.8
981.7
982.9
973.1
981.9
980.7
977.2
966.6
970.8
968.6
969.8
970.4
956.6
974.7
974.7
975.2
969.7
974.7
970.5
965
963.1
962.5
961.4
961.9
953.8
956.6
960.5
959.7
961.5
968.5
970.2
972.8
967.2
962.7
955.7
955.4
958.1
952.7
945.3
950.6
953.4
953.1
946.4
952.8
955.1
953.8
957.5
954.7
949.1
945.3
949
947.2
942.7
937.5
942.9
929.7
939.3
944
942.6
942
948.5
948.9
947.2
946.5
940.7
943.9
935.1
934.9
934.5
928
932
927.6
934.7
930.7
936.9
940.2
934.5
933
937.8
939.9
932.4
924.6
932.1
914.1
922.3
917.6
920.5
926
929.2
927.8
933.5
926
930
923
924.1
911.3
916.6
908.5
911.1
910.9
911.8
900.9
913.8
906.9
915.8
908.7
913.8
917
914.8
915.7
905.6
911.7
906
900.1
899.5
900.6
899.4
899.1
904
902.6
904.2
906.7
909.3
905.1
900.9
897.2
898.1
899
889.6
901.6
897.9
894.7
894.5
900.8
894.2
895.8
905.1
895.2
902.2
896.1
893
896.8
887.5
887.6
884.2
883.5
887.6
886
886.6
888.2
888
890.5
886.4
892
891.4
884.7
879.8
876.2
875.8
879.1
879.7
872.1
879.2
881
879.1
880.3
880
880.5
880.1
877.2
873.2
869.8
873.1
871.7
860.9
865
866
868.2
864.6
873
872.7
870.7
867.4
868.6
866.9
860.9
868.3
858.5
863
865
865.4
856.5
870.3
867.3
876.2
866.7
861.7
865.3
857.9
861.8
862.6
855.5
844.1
857.1
858.2
858.7
853.7
857.6
849.5
860.4
865.7
866.2
866.6
858.7
864
855.3
854.4
854.1
846.8
845.7
855.5
840.5
848.3
846.5
857.7
857.3
854.6
859.6
855.9
855.3
844.3
845.4
846.8
832.9
843.5
837.4
843.2
839.6
838.1
842.1
853.6
850.4
847.5
843
848.9
843.2
838.5
834
836
832.2
835.1
835.2
833
839.2
843.7
842.5
849.5
836.3
844.8
837.7
833.6
831
827.4
822.5
828.7
818.8
820.8
822.1
830.6
829.5
833.2
830.9
836.6
832.2
826.7
826.1
823.3
821.3
815.5
821.7
815.7
823
815
820.6
819.6
824.5
828.5
825.1
831.1
819
819.4
814.7
818.4
809.6
809.7
810.5
814
809.2
812.5
822.9
812.3
812.4
821.3
819
819.1
812.9
814.8
812.9
804.5
800.9
807.7
804.7
795.7
807
808.1
808.3
812.1
810.4
807.1
809
802.6
803.4
802.9
794.7
803.9
806.6
800.4
796.6
796
798.4
801
804
805.5
807.8
807.6
802.7
797.5
799.6
791
789.6
783.5
791
789.2
793.3
794.9
791
796.8
802.6
793.1
796.6
794.6
797.4
788.5
783
788.8
789.6
784.5
786.1
782.7
780.5
792.3
790.4
794.1
791.1
787.1
783.9
785.4
786.6
774.6
778.4
775.6
777.2
769
776.6
783.2
777.7
786.2
788.4
784.8
777.6
786.3
775.9
775.1
776.7
776.6
766.3
780.4
768.7
775.1
773.8
775.8
776.9
777.1
782.6
781.2
769.9
773.3
769.7
762.4
769
769.4
763.6
763.7
765.6
770
766.3
773.4
773.2
771.8
773.3
767
758.8
759.5
764.3
759.3
766.4
754.5
758.9
759.8
761.3
762.6
768.4
770.2
769.3
758.7
759.3
764.5
754.4
753.7
755
754.7
758.4
758.5
760.3
767.7
761.7
772.4
767.4
779.6
762
756.5
751.7
753.5
759.3
757
753.9
756.5
760.8
758.7
765.8
763.2
764.1
767.2
759.3
758.2
754.1
761
745.5
749
755.4
753.8
751
755
751.8
756
754.2
755.3
753.6
759
752.9
744.4
744.6
752.3
743.1
740.3
737.6
742.2
739.6
743.5
746.6
757.6
744.2
753
746.1
747.6
744.3
745.7
739.5
736.7
738
740.7
746.4
742.9
749.1
744.2
