509
508.2
517
524
520.1
512.1
516.3
514.8
508.1
511.3
513.8
514.6
508.8
535.6
533.6
530.3
523.9
530
522.5
540
545.7
544.4
537.1
532.8
546.9
549.5
564.2
569.3
565.5
573.4
579.2
582.4
589.5
588
588.4
586.7
583.8
591.5
597
591.3
601.8
602.8
604.4
601.5
607.8
608.6
605.3
610.8
625.6
628.6
636.7
644.6
638.3
627
626.6
631.2
634.9
624.2
630.1
629.1
628.9
635.2
641.5
646.3
647.7
650.9
650.5
647.7
652.8
650.3
658.1
649
643.8
658.3
651.3
657.1
652.1
645.6
656.4
663.5
666.1
667.5
676.7
685.1
686.8
691.2
688.8
685.7
693.4
692.9
695
694.2
698.7
695.8
699.5
713
708.8
710.3
702.7
702.8
702.4
695.4
687.2
688.4
701.2
698.4
696.8
697.9
707.8
713.7
732
733.8
723.9
725.9
724.8
714.9
711.5
714.9
708.2
702.8
709.6
713.8
715.6
715.7
714.7
735.5
731.8
735.4
734.5
737.6
732.1
731.1
732.8
734
732.3
735.5
736.3
739.3
743.4
746.4
759.4
760.8
759.2
754
753.8
748.1
748.3
747.8
750
740.2
742.7
753.3
751.1
753.6
752.2
759
750.5
752
751.2
750.6
751.9
759
754.6
754.5
752.2
755.9
758.6
757.9
764.6
767.7
772.6
774.2
783.2
782
783.6
782.3
773.8
779.5
777
768.9
780.2
784.2
785.1
791.1
790.1
788.3
789.2
789.1
792.9
798.9
795.3
789.4
789.6
789.2
793.2
797.2
795.2
802.1
797.8
799.2
802.5
814.7
818.2
803
804.3
807.5
811.5
818
821.6
818.1
807.6
808.9
803.2
806.7
800.5
807.5
816.6
813.1
819.8
817.1
826.4
812.9
814.7
813.6
804.1
806.2
809.5
801.7
807.5
816.2
816.4
820.6
827
839.3
833.3
842.1
845
842.4
847.6
833.5
825.2
828.4
826
825.8
820.4
832.1
830.9
846.6
854.9
857.3
857
853.2
839.7
847.4
837.6
839.2
840
844.2
841.7
840.5
849.2
857.3
865.7
861.7
860.2
859.4
862
856.6
855.8
845
851.7
844.4
858.5
852.6
855.4
856.5
867.9
865.8
857.6
865.7
868.9
868.3
873
865.1
861.7
860.6
849.3
867
867.5
864.8
869.7
865.4
868.4
868.9
874.9
874.1
880.3
873.6
871.5
869
868.2
858
867.4
868.6
875
879.6
880.4
880.4
895
898.5
903.3
897.2
890.2
893.8
889.5
887
885.2
880.6
881.4
886.4
887
893
898.2
892.2
902.2
898.3
897.5
889.3
891.2
876.4
887.1
872.7
870.8
859.2
856.4
863.5
881
878.8
873.1
873.9
875.5
877.5
875.4
877.9
875.3
868.6
887
874.5
871.6
874.2
879.4
877.4
881.4
885.3
883.6
895.3
890.9
893.3
897.3
890.9
887
884
885
884.8
882.4
880.6
882.9
893.8
898.5
893.8
898.3
903.8
892.1
902
894.1
897.1
893.8
889.5
888.6
887.4
886.9
896.3
891.1
894.3
901.6
898
909.3
904.5
901.5
903.3
900.5
896.1
894.2
899.5
902.3
904.2
907.4
909.3
912.4
909.8
922.3
923.3
926.8
924.7
926.3
923.2
918.6
910.2
911.1
913
915.1
918.4
921.2
924.4
932.4
931.7
935
930.3
932.4
937.2
935.2
917.9
924.3
930.2
919
916
925.4
930.7
925.5
934.3
930.2
938.8
941.1
943.1
941.9
938.9
933
926.9
934.8
935.8
933.9
938.5
942.6
956.3
951.8
949
960.4
960.5
962.8
959.6
960.6
966.5
969.6
971.7
958.3
959.8
955.8
959.7
971.2
970.8
975.2
973.1
970
969.5
972.1
971.7
972.9
971.5
969.6
966.1
960.6
965.3
966.7
971
965.2
973.4
977.5
985.5
984.7
989.2
990.1
975.5
976.7
981.6
984.2
982.7
977.9
977.9
981.1
986.3
988.1
997.8
991.9
998
995.4
994.8
1000.3
1003.6
1003
997.5
994.2
991.8
991.7
993.1
1008.4
1003.5
1005.7
1004.5
1010.7
1009.7
1014.9
1011.6
1012.8
1010.3
1016
999.3
1003.6
1006.6
1006.1
1006
1009.8
1016.1
1011.7
1020.6
1024.7
1017.5
1015.9
1027.4
1017.2
1019.7
1024.2
1033.2
1039.4
1036.2
1035.4
1031.8
1034.7
1040.9
1036.6
1037.2
1033.8
1037.9
1033.7
1035.1
1034.2
1028.5
1024.8
1018.9
1028
1029.1
1030.9
1032.2
1032.9
1034.1
1043.9
1048.7
1042.9
1045.2
1036.6
1040.8
1032.9
1031.6
1039.9
1035.7
1035.1
1043.3
1037.9
1040
1049.3
1040.5
1051.3
1046.3
1047
1055.2
1054.2
1053.7
1048.7
1048.5
1038.7
1043.4
1043.3
1046.5
1050
1052.2
1055.5
1053.4
1054.1
1056.2
1055.9
1048.9
1048.8
1046.6
1052.7
1048
1047.6
1043.7
1052.3
1052.2
1055.3
1055.4
1052.7
1063.8
1060.9
1042.1
1047.7
1049
1066
1061.5
1052.9
1054.1
1047.4
1050.1
1058.4
1064.6
1073.7
1071.1
1067.2
1060.2
1055.4
1055.5
1058.2
1053.6
1059.9
1055.9
1058.8
1054.3
1039.7
1051
1056.3
1059.2
1057.6
1066.2
1059.8
1058.9
1054.5
1054.7
1044
1047.5
1043.7
1035.4
1037.7
1040.7
1039.9
1051.7
1054.8
1058.8
1046
1049.7
1045.3
1048.5
1036.8
1039.5
1033.8
1032.4
1034.1
1033
1028.5
1037.2
1025.1
1038.6
1036.7
1028.3
1035.9
1028.6
1020.7
1028
1014.3
1018
1024.8
1016.5
1030.7
1016.6
1026.4
1017.8
1026
1026.1
1036.5
1021.9
1022.7
1019.7
1017.3
1011.3
1030.8
1019
1016.3
1010.6
1003.2
1011.5
1004
1021.7
1024.2
1033.7
1036.7
1043.4
1051.1
1045
1036.5
1034.2
1032.3
1024.5
1028.4
1017.9
1027.8
1032.9
1048.6
1057.9
1059.5
1051.4
1046.2
1043.9
1040
1042.4
1043.2
1034.4
1034.7
1042.8
1043.7
1047.6
1053.6
1062.1
1067.1
1071.9
1065.5
1063.7
1058.2
1073.2
1074.4
1064.2
1070.2
1070.2
1064.1
1060.4
1069.4
1075.4
1072.9
1073.9
1074.1
1084.8
1080.5
1076.1
1078.8
1073.8
1066.5
1070.4
1063.7
1062.4
1075.5
1083.5
1076.2
1090.4
1095
1097.9
1088.8
1079.7
1075.9
1077.9
1081.9
1094.4
1085.4
1095
1099
1105
1108.3
1109.9
1114.7
1113.6
1110.6
1113.9
1105.4
1102.1
1095.9
1099.9
1100.1
1107.7
1107.3
1108.4
1099.9
1092.4
1093.3
1101.9
1102.1
1105.2
1104.7
1111.8
1103.8
1100.9
1105
1099.8
1091.9
1080.2
1070
1064.5
1080.9
1080.6
1055.9
1049.7
1046.6
1045.3
1064.1
1059
1049.7
1032.1
1025
1017.6
992.5
997.1
990.1
980.7
978.9
986.6
983
989.5
986.5
991.3
991.7
987.2
983.4
978.1
976.5
974.9
978.6
975.7
985.5
988.3
992.6
1003.4
994.3
993.7
1003.3
1005.8
998.2
995
1009.8
1004.2
1009.5
1004
1006.4
1001.5
999.6
1003.2
1004.1
1020.1
1024.9
1023.4
1027.5
1031.6
1030.1
1028.5
1020.2
1020.4
1011.5
1013.5
1026.6
1032.9
1029.5
1031.1
1031
1028.8
1038.4
1029.5
1037.3
1035.5
1032.6
1042
1044.5
1045.2
1047
1045.8
1050.9
1047
1045.7
1041
1037.1
1038.7
1050.2
1051.5
1055.3
1055.4
1056.3
1055.5
1044.9
1034.7
1042.3
1045.3
1043.1
1051.4
1047.9
1047.7
1054.4
1056.2
1059.5
1057.7
1058.7
1055
1051.1
1054.6
1049.3
1060.2
1054.8
1049.7
1060.2
1072.6
1062.6
1072.5
1067.9
1075.1
1078.3
1077.3
1066.1
1059
1055
1063.6
1052.2
1058.3
1061.2
1059.2
1066.8
1062.2
1077.4
1072.9
1078.6
1078.4
1084.9
1079
1083.4
1077.7
1074.4
1071.8
1071.9
1070.8
1075.5
1069.6
1082.4
1080.3
1083.1
1085.2
1076
1080.3
1086.8
1082.6
1069.4
1060.9
1075.8
1077
1075.1
1083
1077.7
1089
1088.1
1072.7
1080.4
1083.5
1088.5
1080.2
1083.4
1076.5
1071.5
1068.2
1072.8
1068.3
1071.7
1075.6
1081.3
1082.6
1086.6
1088.2
1091.1
1088.5
1086
1079.2
1081.8
1073.8
1079.9
1071.5
1079.6
1077.4
1077.3
1084.6
1088.4
1094.7
1091.3
1088.8
1089.6
1087.1
1091.8
1084.9
1080.3
1078
1080.9
1084.4
1093.3
1103.7
1093.2
1094.7
1106.8
1102.2
1103.2
1100.3
1102.2
1098.2
1092.8
1095.4
1081.7
1091.3
1096
1089.7
1091.4
1094.5
1104.5
1102.2
1104.9
1104.4
1102.7
1107.3
1095.5
1106.2
1105.4
1105.1
1104.3
1094.7
1096.1
1103.3
1104.6
1106.4
1098
1110.2
1118.2
1113.3
1107.5
1110.9
1100.2
1101.1
1095.1
1095.8
1101.2
1102.7
1100.9
1106.6
1109.3
1109.6
1121
1131.9
1129.9
1118.4
1121.6
1103.8
1110.1
1114.2
1106.3
1110.4
1107.8
1111.2
1115.1
1113.8
1117.2
1123.7
1123.5
1123.4
1118.3
1118.9
1113.2
1114.8
1118.7
1113.6
1115.7
1109.4
1116.4
1117
1123
1120.6
1116.7
1123.1
1115.3
1117.4
1110
1119.2
1097.7
1111.3
1103.1
1111.4
1107
1114.9
1109.6
1121.3
1118.2
1123.8
1118.4
1123.2
1109.8
1112.7
1109.8
1103.3
1104.6
1107.4
1105
1106.8
1104.2
1114.2
1113.9
1113.7
1118.8
1119.8
1120.3
1121.4
1121.9
1123.1
1111.3
1117.9
1103.5
1115.3
1106.9
1114
1108.1
1115.5
1115
1115.9
1125.6
1134.3
1125.2
1122.8
1132.1
1111.3
1107.5
1110
1111.8
1114.9
1108.8
1121
1120.9
1126.3
1131.4
1131.2
1135.2
1122.5
1135.1
1126.3
1132.9
1120.1
1119
1125.2
1121.3
1121.9
1116.1
1117.5
1128.6
1128.4
1136.3
1134.2
1137.1
1129.9
1125.4
1126.1
1121.2
1115.8
1120.9
1112.4
1118.8
1121.6
1119.6
1122.9
1120.3
1113
1108.4
1102.6
1076.4
1064.2
1060.3
1048.8
1040.8
1034.5
1036.3
1029.3
1026.8
1030.1
1027.5
1021.6
1028
1027.6
1022.4
1016.9
1013.2
1006.4
1004.9
998.4
996.5
999.1
994.1
986.6
984.3
987.3
989.3
988.5
991
990.6
986.3
980.9
986.5
984.6
982.8
981.6
973.6
985.1
972.9
968.2
969
972.5
968.2
972.3
973.7
968.7
965.2
959.6
951.7
947.2
944.3
937.8
941.9
940.5
942.6
937.3
944.1
946.8
942.5
947.6
939.4
937.5
931.9
926.9
922.3
915.8
909.9
911.5
908.6
911.2
905.7
906.2
902.9
920.4
913.3
901.2
904.6
897.9
903.5
893.5
885.2
896.9
897.4
890.4
893.4
887.2
898.3
900.3
900.1
920
911.1
910.2
910.7
904.7
891.2
901.9
900.6
892.2
888.2
890.6
900.6
895
900.8
899.7
902.3
904.7
895.6
893.5
891.5
898
886.2
902.9
894.8
901.3
896.8
894.6
900.7
901.6
902.1
904.8
906.1
906.9
899.4
897.8
898.5
899.6
892.1
890.2
890.2
894.7
895.4
889.1
901
911.4
905.9
902.7
906.5
900.1
896
895
894.8
890.1
890.6
886.8
888.8
887.4
892.4
884
895.8
898.8
891.5
895
893.9
892
894.7
888.8
887.7
882.2
886.5
888.6
891.5
892.8
886.2
889.6
888.1
890.8
888.8
881.3
891.2
887.3
884.5
884.9
880.5
880.5
873.7
874.1
873.2
881.6
884
887
888.2
890.8
893.3
884.4
878.7
880.7
873.6
874.4
871.7
877.2
876.1
870.5
874.6
878.4
874.1
879.2
874.9
877.9
882
876.1
874
871.2
869
866
870.7
864.2
867.4
871.1
867.9
872.1
873.2
871.1
867.1
871
876.2
875
863.7
867.6
865.5
861.6
860.5
860
861.6
862.2
874.1
864.8
873.5
871.6
875.7
873
867.9
861.5
869.1
864
860.4
856.6
853.9
853.6
856.1
856.7
858.7
859
857.2
856.5
867.8
860.2
864.7
855.7
851
852.6
850
847.2
845.2
852.8
845.3
855.7
852
849
859.4
855.8
863.3
856.7
850.1
847
845.8
846.1
847.8
840.2
839.9
847.4
845.2
850.8
849.7
854.3
857.9
847.3
842.9
846.6
837.1
843.8
845.3
842.6
846.8
848.1
843.5
845.3
847.6
858.9
857.8
851.5
850.4
844
838
840.9
841.8
836.1
840.8
846.1
840.4
841.6
840.4
845.7
849.9
846.8
847.9
849.4
837.3
840.7
839.5
841.2
842.9
830
835.1
835.9
843.8
845.5
837.5
840.5
843.8
836.3
842
836.2
833.9
832.4
834.7
829.6
833.1
831.9
834.2
838
838.7
828.9
843.4
830.9
833.7
838.1
816.8
826
829.8
828.4
823.7
826
825.1
833.5
835.9
843.2
860.8
875.7
877.1
869.3
885.2
879.6
869
875.5
878.8
866.5
872.1
868.4
871.1
869
878.4
883.5
878.4
888.4
893.3
901.9
894.5
889.9
878.6
887.2
883.6
875.6
881.6
883.5
883.2
897.9
900.3
905.2
916.7
917.1
915.8
904
900.3
901.5
893.4
895.8
908.2
906.4
905.9
909.1
911.7
913.8
912.4
917.9
923.1
924.6
919.1
915.4
914
913.6
907.6
914.9
908.8
915.6
936.6
917.8
933.3
924.5
929.7
936.9
936.5
936.6
928.3
923.3
930.1
922.8
923.6
931.2
916.9
930
925
928.1
930.8
937.2
945.6
946.6
943.5
946.9
930.3
946.4
941.7
944.6
954.8
961
957.9
958.9
952.6
951.5
958.8
954.3
952
946.4
946.4
941.2
942.5
938.3
939.5
940.5
933
943.1
938.7
945.1
942.5
947
939.9
950.6
931.7
946.9
938
945.4
939.2
940.6
929.3
931.3
934.9
930.9
933.1
930.3
935.6
942
949.4
961
964.3
970.1
979.6
972.7
963.8
956.6
963.2
965.3
950.3
952
947.6
945.2
946.1
954.1
954
956.4
943.3
937.7
936.3
933.6
932.3
927
936.2
934.7
935.6
932.3
933.7
933.9
926.7
928.3
929.3
917.2
918.5
904.5
896.5
902.1
901.8
906
908.9
906.1
912.4
911.7
911.9
911.5
908.5
914.8
912.1
907.4
901.7
897.4
900.7
900.7
898.7
903.6
907
906
900.5
902.7
905.2
901.3
904.7
907
908.5
905.3
912.5
929.7
925.5
933
933.7
941.6
942.8
949.2
961.3
967.7
980.1
985.3
979.2
986.5
973.6
985.1
968.9
982.5
977.3
968.5
970.4
966.9
966.8
973.5
984.4
987
983.6
978.8
961.5
980.2
971.5
982.7
976.1
984.4
976.1
970.1
975.8
976.7
978.2
978.3
988
982.7
984.3
989.2
982.5
986.2
987.2
974.2
967.8
978.5
973.8
975
983.9
995.1
986.8
983.8
996.4
985.3
990.3
985.3
972.7
976.7
966.3
982.1
991.1
982.3
978.1
985.7
989
987.6
993.4
997.7
1004.6
1000.4
989.2
988.1
987.3
988.1
986.8
985.4
981
993
985.4
990.9
997.5
1000.4
992.2
993
995.3
997.2
989.7
990.8
986.8
994.7
985.9
984.2
999.8
1007
1014.5
1014.8
1018.3
1021.8
1016.8
1008.9
1011.7
1006
1008.7
1013.4
1003.8
1015
1010
1010.8
1008.3
1002.4
1015.3
1019.4
1015.4
1025.6
1026.4
1033.5
1033.8
1028
1030
1022.7
1030
1026.7
1025.8
1032.2
1040.2
1031.2
1029.8
1025.5
1020.2
1021
1010
1013
1007.6
1014.6
1009
1013
1014.5
1016.6
1009.2
1002.5
1008.2
1001.8
1005.8
996.8
994.7
994.7
991.5
988.2
985.1
991.6
990.2
999.7
997.5
1003.3
999
998
1005
1008.5
996.4
1000.8
992.2
983.8
982.7
979.8
979.5
973.3
974.7
976.1
978.5
977.5
989.4
991.8
986.3
989.2
984.5
985.6
978.3
978.1
979.3
974.1
980.1
981.8
982
985
996.6
987.5
990.3
982
984.9
985.1
978.9
978.3
967.7
971.2
977.8
979.2
981.7
983.7
997
994.2
995.4
996.9
987.2
998.2
989.8
986.1
970.3
988.4
981.2
972.2
971.6
979.5
979.8
985.9
990.8
991.4
992.7
990.4
990.2
984.7
986.6
983.7
986.1
991.5
994.8
993.9
998
1000.8
1005
998.1
1007.5
1010
1015.4
1009.2
1004.5
1012.1
1012.2
1009.5
1005.9
997.2
992.1
992.4
988
990.7
986.3
980.8
989.1
980.9
985.3
982.7
983.5
974.5
972.6
971.3
966.3
969.6
968.9
971
971.6
982.6
981.4
984.5
976.7
987.7
988.4
987.7
978.8
979.1
985.5
990.3
988.2
985.4
990.3
990.9
991.8
997.6
997.6
990.5
992.6
993.1
992.1
984.7
980.7
981
976.7
976.8
975.8
974.3
976.7
982
981.8
989.1
988.3
991.5
990.5
988.6
993.7
994.2
987.9
982.7
980.4
981.2
987.4
981.9
983.8
998.4
999.7
997.8
998.2
985.7
988.5
982.7
979.5
982.3
975.9
974.1
968.7
969.3
962.5
970.8
971.9
967.6
970.4
966.3
969.1
957.2
952.7
951.3
942.1
937.8
944
943.2
937.5
938.5
946.8
938.9
952.3
952
949
944.4
938.6
935.5
941.4
940.9
943.5
935.2
934.4
939.8
940.4
947.1
952.6
945.6
959.8
958.6
954.5
958.8
951.9
944.7
936.8
934.5
935.1
938.8
949.4
946.9
953.5
962.8
970
965.2
963.5
960.2
959.5
954
948.9
948.2
946.5
944.1
941.2
944.5
948.3
943
946.3
948.6
946.1
963.1
959.5
953.5
954.6
947.3
945.1
937.9
942.8
934.1
941.8
944.9
947.7
950.7
951
951.6
952
950.1
957.8
950
952.4
948.6
951.5
952
948.1
948.8
949
952.6
959.4
962.7
964.9
968.7
964.8
963.1
965
961.6
965.7
970
999.6
1023.8
1007.3
1026.9
1024.7
1023.7
1026.9
1022.5
1035.6
1041.7
1046.6
1034.9
1033.3
1036
1026.3
1037.8
1036.8
1031.6
1035.2
1038.3
1042.1
1045.8
1050.4
1052.4
1053.6
1053.7
1042.7
1036.1
1024.8
1025.7
1017.3
1020.3
1019.1
1028.9
1012.7
1013.9
1011.5
1017.5
1016.2
1017.6
1012.1
1008.4
1010.1
1006.6
1003.8
995.1
996.2
994.3
1000.2
1004.6
1004.1
1003.8
1003.2
1014.1
1012.4
1010
1005
1014.7
1011.3
1006.2
1002.8
1004.7
1003.3
1006.8
1010.1
1008.2
1011.8
1010.9
1018.7
1017.3
1015.9
1000.5
1002.1
997.6
1003.2
995.3
999.2
993.8
995.7
1001.2
1004
1006.7
1004.8
1005.9
1009.4
1004.9
1012.1
1006.5
1013.5
1004.6
1003.6
996
988.7
991.1
990
988.9
985
992.4
997.9
995.7
1002.7
1003
1006
1001.8
994.6
997.8
994.7
996.1
991.9
995.4
987.8
998.9
1005
1008.8
1003.5
1005.7
987.8
978.9
980
983.5
988.4
999.6
1003.4
997.8
986.7
990.1
994.4
994.8
993.9
1004.3
1006.4
1006.7
1012.1
1001.6
990.7
991.8
996.2
993.5
996.5
1001
1001.4
1001
1001.9
1000.7
1006.5
1011.7
1012.3
1004
1005.9
1000.4
1000.8
998.3
1010.1
1008.9
1004.8
1006.5
1012.2
1021.6
1028.8
1034.2
1038.4
1028.9
1037.8
1027.7
1034
1029.7
1028.1
1031.3
1036
1030.6
1031.1
1035.8
1034.8
1033.8
1044.1
1045.6
1049.7
1049.4
1051.7
1043.7
1041.1
1040.9
1041.4
1041.5
1047.6
1045.2
1049.6
1054.8
1061.2
1066.6
1069.1
1067.5
1069.9
1068.1
1064.1
1063.3
1062.3
1053.9
1055.9
1045
1051.6
1057.6
1055.9
1060.9
1054.1
1059.7
1063.5
1065.2
1062.8
1067.9
1064.3
1057.5
1054.9
1055.2
1052.5
1047.6
1051.2
1045.7
1059.2
1052.2
1054.7
1048.3
1047.4
1040.2
1039.9
1030.3
1029.4
1021.1
1018.3
1001.4
997.2
1002
994.1
994.1
1000.8
1007.5
1005.9
1005.4
1003.3
1006.4
1007.4
1006.8
1001.4
1004.8
1014.3
1012.6
1013.9
1018.9
1020
1015.4
1029.1
1031.8
1034.1
1041.5
1038.6
1041.8
1045.7
1045.4
1040.4
1040.3
1042.7
1051
1044.5
1046
1046.3
1049.3
1053.2
1055.8
1063.7
1064.4
1061.4
1054
1044.6
1037.9
1035.5
1037.6
1033
1035.9
1039.1
1042.2
1038.4
1040.4
1039.9
1037.2
1037.4
1026.4
1028.5
1020.7
1022.2
1018.5
1020.6
1036.6
1050.2
1057.9
1058.7
1083.5
1092.5
1099.5
1108.4
1109.3
1111.6
1121.7
1115.1
1115.5
1119.5
1117.5
1119.5
1140.8
1194.7
1216.6
1210.7
1199
1187.9
1173.1
1164.5
1165.8
1153.8
1142.3
1148.4
1147.8
1153
1153.4
1157.5
1160
1155.4
1160.2
1160
1162.7
1152.8
1160.5
1157.4
1157.1
1158
1154.6
1153.6
1154.5
1155.2
1158.8
1159.5
1166.4
1167.5
1170.9
1170.3
1174.8
1185.1
1179
1176.4
1171.1
1159.6
1176.2
1167.5
1173.5
1170.6
1171.1
1190.3
1216.5
1221.3
1236.7
1243.2
1235.3
1239.9
1232
1231.9
1224.2
1227.9
1214.5
1233.6
1237
1235.5
1240.8
1250.6
1251.1
1259.2
1257.5
1262
1266.6
1265.1
1260.5
1271
1266.9
1271.8
1262.1
1263.8
1265.6
1280
1282.2
1294.1
1287.8
1282.5
1277.4
1255.3
1265.8
1260.3
1269.8
1279.4
1284.8
1288.4
1299.9
1301.8
1300.3
1315.2
1303.6
1309.7
1301.5
1305.4
1300.7
1298.1
1298.4
1302.2
1295.2
1301.5
1296.4
1292.4
1292.2
1298.2
1293.9
1308.4
1307.8
1306.2
1316.7
1311.6
1306.3
1305.2
1314.2
1302.9
1309.6
1309.9
1309.7
1313.7
1308.4
1323.3
1321
1325.3
1333.1
1335.2
1335.5
1327.5
1334.5
1327.9
1329.1
1338.2
1331.7
1331.5
1336.2
1344.7
1344.7
1349.6
1351.6
1355.4
1347.6
1353.7
1353.4
1365.7
1353.2
1352.9
1350.6
1353.7
1352.7
1363.3
1369.3
1376.2
1370.1
1374.1
1373.5
1383.5
1381.8
1378.7
1383.9
1382.4
1386.4
1374.8
1379.7
1383.2
1385
1385.8
1386.4
1394
1388.8
1394
1397.8
1397.2
1397.8
1405
1401.9
1402.4
1409.3
1402.4
1407.9
1412.4
1409.6
1422.1
1415.3
1423.4
1435.6
1427.4
1441.1
1438.9
1440.5
1440.9
1438.6
1440.2
1428.5
1440.5
1432.6
1439.7
1448.7
1448.3
1449.6
1453.4
1458.2
1457
1460.7
1447.1
1452.9
1453.5
1449.6
1446.6
1443.8
1447.6
1448
1445.7
1449.6
1452.6
1458.3
1458
1449.2
1452.6
1461.9
1459.5
1452.5
1448
1449.5
1453.3
1455.1
1457.3
1452.7
1455
1465.3
1468.1
1471.4
1475.9
1461.3
1478.6
1470.5
1472.3
1464.1
1470.8
1473.6
1471.7
1472.7
1469.9
1482.5
1483
1492.6
1495.4
1493.9
1501.3
1492.5
1484.8
1485.6
1482.6
1490.8
1488.4
1495.9
1491.2
1491.1
1500.8
1506.6
1504.2
1508.5
1515.2
1513.1
1501.8
1512.3
1502.8
1503
1503.7
1501.2
1503
1490.6
1498.8
1510.4
1504.9
1512.9
1512.4
1507.6
1491.7
1470.4
1413.8
1375.5
1369.9
1366.2
1359.8
1333.4
1309.1
1307.9
1308.8
1326.5
1324.5
1324.7
1317.2
1308.4
1294.4
1288.8
1281
1276
1256.1
1252.1
1229.1
1218.4
1224
1211.1
1207.6
1205.8
1199.6
1198.5
1193.7
1190.2
1191.8
1183.8
1177.9
1170.9
1172.8
1170.9
1167.8
1165.3
1170.9
1169.9
1185.4
1193.2
1188.3
1198.4
1189.2
1191.1
1189
1193.2
1204.8
1210.7
1204.1
1209.7
1206.2
1199.5
1207.8
1212.3
1211.2
1215.4
1217.9
1215.8
1216.1
1198.9
1203.3
1190.9
1175.6
1185
1178.4
1173.9
1185.7
1184.4
1184.6
1175.1
1180.4
1179
1185.7
1186.4
1171.4
1164.1
1166.5
1162.4
1167.1
1171.6
1174
1171.7
1165.2
1178.3
1188.2
1192
1190.9
1188.5
1184.6
1184.2
1174.9
1163
1161.5
1172.5
1166
1167
1163.4
1166.1
1162.7
1161.2
1153.7
1157.4
1162.6
1156.3
1159.7
1156.9
1152.3
1154.2
1155.4
1157.1
1149.3
1153.7
1154.4
1157.8
1160.3
1154.5
1160.2
1156.2
1157.3
1154.9
1153.2
1149.2
1138.6
1133.3
1122.9
1115.7
1121.7
1124.4
1124.4
1129.8
1130.7
1137.7
1137.6
1127
1122.5
1111.9
1099.9
1101.7
1084.1
1094.5
1085.6
1093.7
1080.2
1069.3
1079.9
1076.8
1081.3
1086.1
1086.2
1086
1069.8
1051.5
1040
1038
1035.8
1044.1
1047.4
1052.8
1049.1
1050.9
1062.9
1068.5
1068.7
1070.8
1066.1
1059.9
1054
1044.5
1042.4
1042.8
1047
1048.1
1048.9
1053
1045.5
1054
1037
998
1009.7
986.5
974.1
980.6
999.5
1007.7
1014.7
1018.1
1033.4
1035.2
1032
1045.8
1048.8
1055.3
1047.3
1041.8
1057.1
1040.9
1029.8
1018.5
1028.4
1023.3
1029
1037.1
1036.3
1041
1042.5
1050.5
1052.6
1056.7
1055.9
1038.8
1030.8
1016.6
1011
1028
1036.5
1029.7
1030.4
1028.6
1017.5
1019.7
1025.3
1011.6
1028.9
1035.6
1011.6
1014.8
1015.2
1009.8
1008.1
1006
1014.3
1008.9
1006.3
1024.7
1029.9
1033.6
1047.8
1052.9
1055.2
1048
1043.6
1043.8
1041.7
1031.8
1033.3
1038.6
1017.9
1037.6
1040
1038.8
1040
1040.3
1048.5
1041.9
1039.5
1045.8
1038.1
1030.2
1031.3
1032.4
1029.1
1030.5
1031.8
1029
1034.9
1035.7
1031.4
1033.7
1037
1038.8
1044.7
1043.1
1040
1038.5
1033.7
1026.8
1032.3
1032.3
1033.5
1035.6
1034.8
1036.8
1041.6
1038.5
1033
1032
1026.4
1027.1
1030.6
1024.4
1019
1021.1
1020.8
1026.2
1033.4
1025.5
1035.2
1041.4
1036.7
1038.2
1023.8
1020.5
1016.9
1017.8
1012.1
1018
1009.4
1017.2
1010.6
1017.9
1019.5
1027.1
1029.7
1024.1
1022.1
1021.8
1025.2
1018.8
1017.4
1013.7
1009.5
1013.8
1012.4
1019.3
1028.6
1035.1
1034.8
1032.1
1028.4
1035.8
1028.6
1023.9
1028.6
1009.2
1016
1022.4
1020.3
1018.8
1026
1025.6
1029
1025.1
1032.2
1035.4
1036.8
1022.1
1019.5
1019.6
1021.5
1011.8
1010.8
1010.9
1010.3
1012.3
1007.2
1019.5
1020.5
1025
1018.9
1025
1021.9
1017.3
1012.5
1019.1
1019.9
1014.8
1013.3
1008.4
1014.9
1023.1
1020.5
1021.5
1022.8
1028.6
1024.7
1024.5
1019.3
1020.9
1017.4
1022.4
1012.1
1019.5
1012.1
1019.9
1022.3
1019.4
1032.2
1025.7
1024.2
1025.6
1016.1
1019.3
1015.9
1012
1013.7
1012
1012.9
1008.8
1011.5
1008.2
1021.7
1019.3
1023.1
1023.2
1023.3
1015.3
1018.2
1015.2
1013.6
1007.4
1008.8
1008.5
1006
1010.3
1012.3
1023.1
1018.3
1016.6
1010.6
1014.9
1014.5
1003.9
1005.5
1000.4
1004.3
1007.1
1002.4
1004.1
1004.5
1002.2
1006.5
1020
1008.1
1007
1012.7
1009.3
1008.7
1011.6
1004.9
1005.5
1004.9
1007.2
999.1
1002.2
1003.3
1000.2
1007.2
1010.8
1004.4
1010.4
1004.6
999.7
995.1
1000
1001.8
1001.4
995.7
995.6
995.9
996.3
994
1008.7
1000
996.5
1003.5
1005.7
991.2
1004.1
996.5
995.4
986.9
991.6
985.2
986.7
986
987
995.6
995.1
985
996.7
987.5
989.1
982.5
983.2
980.3
977.8
984.4
979
979
981.8
984.3
993.2
989.8
998.8
986.1
989.1
979.8
979.7
981.1
982.9
975.6
980.3
981.3
982.4
990.6
984.6
991.5
984.1
984
990.9
982.1
982.8
977.9
974.3
970.8
970.3
978.1
969.6
973
985.5
979.3
982.6
984.4
983
973.4
977.6
973.2
971.4
965.6
964.7
958.6
961.4
959.3
959.1
963.9
960.6
966.1
955.9
959.6
961.8
954.4
950.2
955.9
952.9
952.2
954.6
951.1
954.5
955.8
956.3
958.3
960.3
964.7
956.8
953.7
959.2
948.8
940.8
942
937
938
940.6
936.5
947.6
946.6
948.5
947.8
954.2
947.8
945.3
940.9
945.5
939.3
942.1
936.8
937.4
937.1
937.2
936.8
945.8
938.6
945.4
941.4
939.7
932.9
935.6
933
930.7
931.1
932.1
928.1
930.3
931.6
934.9
932.4
933.5
934.9
933.3
931.7
928.7
926
926.2
925.4
914.9
921.1
920.7
913.7
913.1
929.2
925.1
933.5
927.4
927
932.8
929.6
923.7
920
916.1
913.3
921.5
918.1
915.9
915.7
915
926.1
