575.3
580.6
578
574.3
579
577.6
573.4
572.7
570.2
568
568
566.2
571.8
572.7
579.3
578.4
584.7
584.7
579.9
576.9
583.7
585.3
582.6
577.3
579.7
577.9
580.2
588.1
597.5
613.5
615.8
627.6
626.2
631.1
634.3
646.8
640
641.9
644.8
648.8
639.2
638.2
646.9
646.7
651.3
654.9
661.7
664.3
650.7
655.5
657.5
658
658.1
663
671.9
677.1
681.2
679.5
685.3
686.8
682.4
666.4
684
686.6
690.1
699.6
694.7
696.9
687.6
687.8
690.6
688.4
694.4
696.7
701.8
712.2
713.6
710.7
719.4
712.1
710.2
708.2
708.4
708
711.2
705.8
712.5
711.1
722.6
723.9
724.5
726.8
741.8
741.7
746.2
735.7
742.5
734.9
736.1
732.7
720
728.6
731.4
742.2
744.1
754.4
762.2
762.2
761.1
764.7
759.5
759.5
753.1
753.4
758
751.7
752.1
754.6
757.5
764.1
775.5
775.6
784.2
772.2
780.7
783.2
771.6
772
767.9
763.6
767.5
761.6
764.3
768.5
785.4
783.1
785
787.3
787.6
794.8
801.7
802.8
805.3
797.3
802.4
792.8
793.6
791.5
783.3
779
785.6
793
796.9
807.1
807.7
805.6
809
806.7
811.3
807.9
812.8
802.9
805.1
804.5
795.4
801.9
817.6
827.5
833.6
835.8
824.5
834.6
810
814.6
819
821.4
815.5
817.8
824
816.7
825.8
825.5
825.5
824.5
841.3
830.5
840.3
825.4
830.6
829.5
843.5
836.8
840.3
832.6
844.2
839.2
842
844.7
842.3
844
851.9
850.9
854.1
856.6
853.2
843.2
848.8
844.4
841.5
838.2
841.3
845
843.2
847.5
847.4
849
843.4
848.4
845.5
839
843.7
835
834.8
836.3
834.9
829.5
835.7
843.4
840.4
842
840.8
836.6
838.5
841.2
836.1
833.8
833.3
830.6
827.2
832.5
830.1
835.1
845
851.6
849.7
861.4
864.5
863.8
856.3
865.6
855.6
862.7
853.6
863.1
871.5
870.5
876.8
887.6
882.7
886.6
882.7
878.9
875.3
884.4
887.5
888.3
884.2
879.4
877.7
875
866.3
879.6
880.5
885.7
892.7
898.3
891.9
902.4
911.4
903.7
901.8
899.7
893.4
891.2
894.8
880
891.7
889.6
898.1
904.7
902.4
909.4
914.3
911
909.5
905.8
902.8
903.1
906.5
902
898.8
897.6
905.8
912.6
903.6
914.8
915.8
923.4
927
936.3
918.3
918.4
906.6
911.9
913.6
910.3
913.2
920.6
928.7
940.8
935.5
927.1
926.9
920
925.1
907.3
900.3
905.2
909.5
916.3
918.5
914.9
908.7
908.7
900.3
911.3
903.1
898.1
904.3
899.9
907.4
903.8
901.9
900.9
896.7
900.3
898.3
907.7
919.6
917.1
922.1
927.4
934.6
940.3
929
930.2
918.2
915
912
906.7
909
905.4
904.2
924.7
911.1
919.2
923.2
918.2
926.4
929.1
928.2
932
932.8
930.3
933.2
945.3
937.5
940.6
939.7
942.3
940.4
955.2
949.4
955.1
933.9
916.5
923
901
911.5
924.6
912.7
918.1
911.9
911.1
914
920.4
922.2
885.1
903.5
903
886.3
860.7
863.4
866.7
861.1
859.7
865.9
871.4
860
870.5
869
853.5
865.6
873.2
863.8
872
868.7
860.5
858.7
850.7
852.4
852.6
849.7
850.8
864.7
873.5
866.8
870.8
873.6
882.6
872.8
868.6
875.1
876.5
873.9
879.4
875.5
873.8
892
883.3
887.2
887.8
886.7
888.8
888.9
894.9
888.2
888.2
887.8
889.4
892
898.5
888.7
885.6
888.4
889.2
893.2
889.1
891.7
892.2
895.7
896.9
889.8
898.1
907.3
909.9
912
907.8
911.7
906.9
910.7
910.9
913.7
911.8
906.6
908.1
913.3
907.5
913.8
904.7
907.9
920
922.7
922.1
924.6
923
923
930.2
928.5
937.8
933.7
940.5
938.8
935.8
932.7
936.2
927.7
935.3
929.6
926.3
925.1
937.2
935.5
939.3
943.1
934.9
941
940.7
947.1
953
947.3
942.8
942.1
935.7
932.8
938.3
944.2
946.8
943.8
952
954.9
942.8
937.2
945.7
946.3
955.6
953.3
959.2
958.4
952.2
949
949.6
952.5
957.6
963.3
964
977
978.2
978.8
969.8
970.3
964.4
965.3
967.4
971.5
975.5
974.9
973.1
983.1
983.7
989.7
987.2
993.1
973.9
987.2
988.8
987.5
981.7
987
991.8
991.1
990.7
1012.1
1005.2
1006.5
1026.4
1018.9
1023.5
1022.3
1018.4
1006.7
998.1
1000
997.2
996.3
992.3
994.7
1008.8
1001.1
1008.2
1011
1011.5
1018.8
1027.6
1032.7
1018.6
1024.3
1027.6
1020.5
1033.7
1027.6
1023.1
1031.4
1026.5
1027.8
1032.5
1029.1
1023.7
1016
1015.2
1016.1
1025.4
1021.1
1016.4
1020.9
1018.1
1021.3
1029
1017.1
1031
1030.2
1031.3
1036.3
1040.3
1044.3
1046
1036.9
1032.1
1032.4
1036.7
1038.9
1032.2
1047.6
1052.5
1050.9
1059
1054.5
1058.9
1061.4
1051.2
1053.4
1050.3
1048.3
1053.3
1056.3
1051.6
1048.2
1048
1050.2
1056.1
1055.6
1060.3
1067.4
1068.3
1061.5
1065.3
1057.2
1047.5
1050.5
1046.8
1055.7
1049.9
1054.3
1076.6
1080.3
1083.5
1096.3
1083.6
1086.9
1070.6
1070.1
1060.4
1061.4
1061.7
1059.8
1056.1
1061.3
1060.1
1065.1
1081.6
1079.9
1081
1085.6
1086.6
1084.4
1093.5
1092.6
1084.8
1085.7
1083.8
1086.9
1094.1
1084.4
1082.8
1081.1
1087.6
1083.5
1087.7
1078.1
1084.6
1079.8
1081.6
1087.2
1088.9
1090.6
1081.6
1085.7
1088.5
1080
1092.8
1090.6
1092.7
1101.8
1101.2
1107.4
1109.1
1106.2
1100
1097.2
1099.2
1095.7
1090.4
1095.5
1087.3
1094
1096.2
1098
1099.3
1108.1
1091.8
1094.9
1100.8
1102.1
1101.1
1100.4
1099.7
1099.8
1099.1
1095
1096.2
1107.9
1108.7
1112.9
1106.3
1109.2
1106.1
1105.6
1107.5
1105.1
1105.2
1109.3
1107.3
1112.1
1108.6
1105.2
1108.8
1113.8
1114.9
1117.1
1121.1
1116.8
1122.6
1122.7
1119.6
1110.9
1120.4
1117.5
1113.9
1115.5
1105.3
1114.5
1126.7
1126.3
1131.1
1131.6
1126.6
1118.4
1123.9
1120.6
1117.4
1118.9
1126.8
1128.2
1121.7
1118.9
1114.3
1118
1121.3
1129.1
1132.3
1139.8
1130.6
1128.7
1140.7
1126
1122.2
1128.6
1122.2
1117.6
1122.1
1121.4
1123
1126.8
1114
1115.3
1126.7
1136.6
1137.8
1130.1
1135.7
1132.4
1127.7
1119.4
1129
1130.7
1132.3
1118.3
1138.4
1153.1
1165
1165.4
1172.6
1185.1
1174.9
1169.9
1162.5
1160.7
1166.3
1166.3
1164.1
1160
1164.3
1162.3
1166.6
1169.2
1179.8
1182.6
1183.5
1184.8
1178.1
1187.2
1180.3
1179.1
1188.4
1191.1
1209.9
1206.1
1199.9
1210
1202
1198.1
1199.5
1199.7
1188.1
1195.4
1189.5
1203.1
1195.1
1196.2
1192.6
1188.1
1201
1213.5
1208.2
1210.6
1216.6
1214.3
1212.7
1207.5
1205.4
1194.5
1203
1208.7
1202.1
1216.5
1192.6
1205.9
1205.6
1204
1206
1218.5
1222.5
1218.9
1217.6
1210.7
1204.9
1204.7
1202.9
1205.6
1203.1
1208.7
1195.5
1206.5
1211.2
1213.6
1230.9
1228.2
1226.8
1219.1
1219.7
1211.6
1216.7
1215.6
1217
1221.2
1222
1227.5
1235.1
1241.9
1233.6
1234.8
1235.4
1225.3
1221
1214.5
1211.6
1215.9
1211.6
1214.5
1212.6
1212.1
1222.8
1221.9
1231.3
1235.2
1238
1236.9
1230.1
1220.5
1210.6
1203.4
1210.1
1211.9
1218.6
1226.7
1229.3
1230.7
1239.8
1238.7
1238.8
1246.8
1239.4
1251.7
1251.5
1249.2
1253.5
1252.7
1251.6
1260.3
1251.4
1254.6
1264.3
1272.6
1277.7
1272.5
1270.1
1269.4
1259.8
1243.9
1248.8
1255.3
1238.2
1253.8
1251.2
1250.3
1257.8
1259.1
1272.5
1261
1258.7
1266.3
1268.8
1267.3
1273.8
1264.2
1258.4
1259.2
1250.5
1234
1228
1237.1
1238.8
1227.9
1183.5
1164.1
1193.2
1168.5
1183.5
1184.5
1153.6
1143.5
1139.3
1162.8
1176.4
1183.1
1197.8
1190.1
1188.8
1189.6
1186.2
1180.8
1190.6
1191.4
1188.3
1188.6
1179.5
1185.4
1186.1
1188.8
1193.7
1213.5
1213.4
1204.1
1209.7
1207
1207.5
1204.7
1203.9
1206.6
1194.1
1197.5
1198.5
1194.5
1197.6
1193.7
1189.1
1202.9
1202.4
1212.8
1215.1
1218.5
1221.6
1218.3
1225.3
1204.9
1210.5
1216.1
1217.8
1226.6
1226.9
1231.9
1230.2
1235.6
1243.1
1237.5
1253.2
1248.1
1255.3
1243.7
1249.4
1239
1235.5
1244.3
1245.8
1245.6
1243.2
1250.9
1256
1261.8
1267.7
1270.2
1269.9
1261.9
1257.8
1251.5
1255.8
1256.7
1248
1249.6
1249.7
1258.7
1255.4
1257.5
1254.4
1259.6
1263.9
1266.5
1263.5
1268.7
1270.4
1262.7
1266.5
1261.7
1264.1
1267.3
1263.4
1268.6
1264.9
1270.4
1260
1267.7
1268.3
1258.9
1249.2
1237.4
1214.6
1212.7
1207.3
1197.1
1182.1
1191.5
1175.5
1164.8
1162.9
1163.5
1160
1155.4
1143.6
1144.9
1137.8
1137
1125.5
1116.4
1117.1
1119.3
1113
1126.6
1129.2
1125.6
1127.8
1133.2
1127.3
1127.4
1126.8
1125.3
1110.7
1095.3
1094.1
1084.5
1098.7
1094.2
1089.2
1097
1099
1090.9
1095.9
1107.5
1106.5
1108.2
1110.3
1107.8
1109.3
1100.6
1103.6
1100.6
1098.3
1099.1
1101.4
1101.5
1100.7
1108.4
1110.4
1106
1110.4
1106.7
1104.9
1105.3
1095.8
1105.9
1100.7
1101.9
1106
1102
1109.4
1107.7
1112
1116.8
1105.6
1115.7
1110.2
1103.9
1105.5
1106.6
1102.8
1102.5
1099.2
1098.6
1101.6
1102.6
1106.6
1105.3
1112.8
1109.9
1118
1108.4
1108.2
1103.3
1105.7
1101.1
1113.2
1105.2
1101.2
1108.2
1113.2
1111.5
1114
1113.3
1115.1
1119.1
1111.4
1110.5
1107
1102.8
1092.4
1105.9
1097.3
1096
1098.3
1106.2
1109.9
1106.7
1112.5
1114.2
1109.7
1112.7
1110.6
1103
1099.6
1097.4
1101.4
1100.1
1095
1101.8
1099.9
1107.2
1106.4
1116.1
1114.5
1109.4
1118.4
1108.2
1117.7
1096.5
1103.4
1111.8
1110.1
1111.6
1093.1
1106
1106.4
1096.7
1115.6
1116.8
1117.4
1114.3
1120.6
1122
1115
1117.8
1108.1
1110.2
1109.2
1105.1
1110.6
1106.9
1107.7
1110.6
1118.7
1122.2
1121
1121.7
1129.8
1119.5
1119.3
1117.7
1109.1
1118.2
1109.9
1107.9
1109.9
1111.2
1114.7
1121.2
1121.7
1122.2
1125.6
1123.2
1117.9
1119.9
1114.9
1115.9
1110.5
1109.7
1107.5
1111.4
1111.3
1120.4
1113.7
1113.8
1122.7
1119.1
1116.7
1117.9
1109.5
1114.7
1113.5
1115.1
1112.7
1108.6
1109.7
1106.9
1109.6
1122.8
1109.3
1117.2
1120.8
1107.9
1108.2
1107.3
1107.7
1105.3
1100.3
1097.7
1106.2
1104.9
1110.6
1108.2
1113.8
1109.8
1104.6
1106.7
1112.2
1113.6
1116.9
1106.7
1104.3
1102.3
1095.1
1102
1101.1
1100.6
1099.8
1097.7
1103.8
1108.5
1108.7
1116.5
1113.7
1112.3
1109.8
1105.7
1105.5
1104
1096.9
1102.3
1107
1099.9
1101.8
1100.8
1101.8
1107.5
1105.6
1111.5
1109
1113.1
1103.2
1104.9
1100.6
1090.3
1093.4
1089.3
1093.9
1095.2
1086.9
1101.5
1103.7
1105.2
1103.1
1102.4
1108.4
1100
1099.2
1084.4
1089.9
1087.5
1088.5
1091.2
1085.2
1083.4
1087.6
1091.8
1091.3
1096.2
1102.5
1095.6
1089.7
1085
1086.3
1079.9
1086
1082.7
1086.7
1085.1
1079.1
1075.9
1083.4
1103.5
1087.8
1091
1090.1
1090.4
1095.6
1081.4
1081.8
1086.2
1084.3
1076.9
1072.1
1069.7
1068.3
1075.4
1074.6
1075.4
1088.6
1084.8
1082.9
1082.5
1074.3
1075
1073.4
1068.7
1071.8
1070.7
1074.6
1074.8
1078.5
1082.1
1085.9
1084.3
1080.4
1084.4
1073.1
1074.5
1076.9
1066.6
1073.8
1067.6
1066.1
1068.4
1068.6
1068.9
1065.2
1070.2
1070.7
1067.8
1076.9
1079
1072
1059
1068.4
1066.1
1048.9
1059.5
1067.4
1075.3
1065.1
1072.7
1077
1068.4
1075.3
1077.7
1076.7
1070.7
1065.6
1051.8
1058.9
1047.7
1061.2
1062.5
1061.6
1059.7
1075.9
1073.4
1069.2
1071.9
1072.3
1062.8
1068.1
1066.3
1073.2
1058.4
1061.6
1060.4
1057.6
1068.8
1058
1059.4
1060.4
1070
1074.2
1065
1063.5
1069.8
1062.2
1057.6
1046.4
1047.2
1048.9
1058.8
1054.9
1053.4
1063.6
1065.5
1062
1061.1
1064
1064.6
1051.3
1052.5
1055.4
1057.8
1053.9
1046.5
1036
1053.6
1050.4
1053.2
1049.4
1062.6
1066.1
1057
1059.6
1058.7
1052.7
1043.7
1053.1
1045.7
1034.3
1038.7
1056.9
1051.4
1038.3
1060.5
1047.9
1042.4
1048.5
1041.5
1045.3
1041.9
1047.8
1037.7
1039.1
1041.6
1041.1
1034
1041.1
1040.4
1040.6
1036.9
1042.9
1059.5
1036.9
1043.5
1039.4
1036.4
1034.5
1041.1
1039
1039
1045.1
1053.8
1048
1070.1
1074
1073.2
1072.1
1080.7
1074
1067.4
1067.2
1055.2
1059.2
1055.9
1064.1
1060.5
1070.9
1085.8
1103.5
1094.7
1095.6
1095.8
1096.5
1097.9
1083.5
1074.4
1093.6
1090.8
1082.4
1091
1095.6
1092.6
1094.4
1098.5
1101.2
1103.7
1108.6
1109.8
1120
1121.3
1123.3
1113.6
1118.3
1122.8
1123.6
1122
1109.7
1113.6
1111.1
1122.6
1118.8
1119.1
1122
1132.5
1129
1124.8
1126.8
1130
1125.3
1133.1
1139.9
1139.3
1148.1
1145.5
1148.2
1145.6
1150.4
1147.3
1139.5
1151.6
1143.1
1146.1
1136.1
1128.1
1127.1
1129.7
1135.7
1145
1143.3
1159.8
1162.3
1157
1159.1
1163.2
1157.1
1155.9
1151.2
1158.6
1150.7
1161.8
1160.8
1169.4
1163.7
1180.9
1170
1172.3
1177.9
1180.7
1178.3
1171.2
1177.5
1184.9
1175.1
1168.1
1170.2
1172.4
1172.2
1179.9
1191.5
1191.3
1183.9
1198.6
1193.9
1189.9
1190.6
1185.7
1194.2
1191
1191.5
1180.6
1189.8
1185.5
1189.2
1193.8
1189.5
1194.3
1205.3
1210.4
1199.9
1193.1
1197.7
1198.6
1192.4
1198.3
1197.2
1200.6
1212.7
1208.7
1221.3
1224.4
1227.6
1220.5
1216.8
1226
1223
1210.2
1213.5
1217.1
1218
1216
1215
1224.7
1228.8
1228.2
1233.2
1237
1240.5
1234.6
1228.3
1227.7
1231.5
1228.2
1230.2
1232.4
1229.8
1233
1235.3
1229.1
1240.9
1238.3
1245.9
1247.8
1255.2
1250.9
1251.4
1241
1239.8
1249.1
1247
1248.3
1251.4
1249.6
1256.6
1257.5
1259.1
1261
1262.6
1263.7
1254.9
1252
1253.3
1257.8
1253.7
1268.1
1265.1
1262.6
1270.1
1265.3
1268.7
1263.4
1272.4
1271.2
1279.3
1284.1
1281.3
1271.9
1273
1265
1254.8
1260.8
1259.5
1269.5
1263.2
1268
1276.2
1269.3
1272.8
1256.9
1210.1
1199.7
1200.8
1176.5
1180.9
1172.9
1156.1
1147
1144
1132.9
1135.9
1121.6
1115.8
1108.2
1109.3
1109.6
1103.5
1109.2
1109
1106
1092
1090.1
1083.8
1078.5
1084.3
1082.5
1083.6
1086.3
1080.2
1085.3
1087
1089.3
1077.3
1074.1
1067.3
1067
1069.3
1059.4
1059.7
1067.9
1075.2
1087.2
1075.1
1073.6
1074.6
1082.1
1074.3
1073.5
1070
1063.8
1072.9
1067.8
1076.1
1081.4
1076.8
1079.2
1095.2
1094.9
1099.5
1100.7
1101.4
1110.3
1104.1
1107.9
1107.2
1104.8
1112.5
1119.5
1115.5
1132.7
1155.8
1164.6
1158.8
1171.2
1169.4
1164.5
1166.1
1166.6
1161.9
1169.1
1168.8
1167.1
1163.3
1158.1
1159.8
1161.8
1164.3
1170.5
1176.6
1167.7
1179.1
1181.1
1177.4
1174
1164.9
1178.5
1189
1188.6
1183.7
1195
1195.6
1202.6
1205.4
1204.5
1211.6
1208.3
1200.2
1200.4
1201.2
1197.9
1198.7
1188.9
1199.6
1197.9
1196.9
1197.6
1205.4
1206.6
1208.3
1210.3
1214.2
1213.1
1215.3
1217.4
1206.6
1211.7
1209.8
1210
1214.5
1210.7
1213.1
1229.8
1216.7
1224.2
1231.4
1225.3
1234.6
1234.9
1223.5
1227.8
1223.6
1243.1
1248.2
1244.7
1243.9
1235.8
1239.9
1248.8
1254.2
1245.1
1253.1
1249.2
1243.7
1235.7
1230.4
1233.6
1236.5
1237.1
1241.4
1243.7
1242.6
1243.7
1257.4
1253.4
1260.3
1252.8
1248.8
1262.3
1260.8
1263.9
1258.2
1239.2
1249.6
1246.1
1244
1259.9
1268.1
1262.4
1272.3
1263.6
1262.9
1262
1268
1273.1
1261.9
1259.8
1261
1252.9
1251.5
1249.4
1252.6
1259.2
1264.9
1265.3
1280.4
1281.5
1277.8
1280.3
1279.7
1271.9
1276.8
1273.8
1272.6
1278.3
1274.7
1278.2
1274.7
1277.3
1290.3
1289.3
1294.7
1297.3
1293.2
1280.5
1284.7
1287.8
1288.5
1286.7
1285.5
1275.2
1286.4
1281.2
1294.2
1292.9
1298.7
1294.4
1302.9
1300.9
1290.4
1291.9
1289.4
1283.7
1290.9
1286.6
1297
1292.7
1285.4
1283.6
1293.4
1297.2
1293
1295.4
1298.3
1291.5
1291
1286.4
1287.1
1281.3
1288.7
1284.1
1288.6
1282.6
1285.2
1291.6
1298.9
1305
1310.8
1314.8
1312.8
1306.1
1306.9
1312.6
1318.9
1312.3
1319.3
1316
1319
1315.5
1325.2
1328.2
1330.4
1327.9
1316.3
1319.5
1317.7
1310.9
1310.4
1304.4
1300.8
1308.9
1304.3
1302.2
1296.2
1306.4
1302.5
1307.9
1304.1
1316.8
1305.3
1311.7
1313.8
1314.9
1317.4
1311.7
1315.1
1316.5
1322.3
1319.4
1331.2
1322.1
1338.7
1336.6
1334.9
1331.3
1332.6
1325.7
1329.6
1319.9
1317.4
1323.6
1314.2
1316.5
1317.9
1320.9
1319.8
1339.3
1328.3
1328.2
1337.4
1334.6
1330.6
1325.2
1323.7
1329
1327.4
1325.5
1324.1
1321.2
1324.1
1328.7
1328.8
1331.9
1333.7
1334.1
1336.6
1340.1
1336
1343.5
1333.8
1334.8
1343.3
1332.2
1339.3
1339.3
1336.1
1339.2
1335.8
1347.7
1349.6
1356.6
1358.6
1355.3
1354.9
1353.4
1351.4
1355.5
1344.4
1348.2
1348.1
1356.3
1350.6
1348.8
1354.1
1367.6
1367.7
1376.1
1371
1367.5
1368.7
1364
1374.4
1371.5
1375.6
1365.2
1369.3
1373.5
1377.7
1380.8
1386.5
1386.7
1379.8
1386.3
1379
1397.7
1400.5
1399.7
1398.3
1391.3
1394.6
1384.4
1400
1396.2
1391.3
1386
1389.3
1386.7
1392.6
1393.5
1386.7
1398.7
1382.1
1381.3
1382.5
1396.4
1382
1390.2
1409.5
1410.1
1410.7
1399.7
1406.7
1411.3
1396.5
1401
1395.7
1394.3
1391.7
1386.6
1382.3
1389.4
1387.4
1396.7
1396.7
1403.1
1402.1
1401.2
1412.7
1409.2
1400.7
1399.3
1397.5
1387.2
1390.4
1395.9
1389.7
1385.9
1388.2
1390.6
1393.5
1410
1402.5
1404.6
1404.9
1397.9
1393.8
1401
1398.4
1399.4
1401
1404.2
1412.1
1410.5
1407.4
1414
1418
1393
1396.8
1391.4
1413
1402.9
1419.5
1418.4
1427.4
1431.5
1419.8
1414.5
1415.5
1412.2
1412.7
1418.4
1414.5
1412.4
1406
1414.1
1409.8
1400.7
1402.1
1389.2
1394.2
1374.3
1380.4
1383.9
1398.1
1396.2
1402.5
1390.8
1401.8
1387.3
1392.1
1391
1389.4
1391
1390.8
1388.4
1392.1
1403.9
1404.7
1401.7
1399.1
1405.5
1407.2
1400.7
1396.5
1401.5
1395
1393.2
1384.6
1389.2
1393.3
1402.9
1391.8
1407.6
1405.9
1414.1
1411.4
1412.2
1410.3
1406.1
1415.2
1419.9
1401
1408.8
1406.3
1407.2
1411.2
1402.7
1412.5
1409.4
1421.1
1424.2
1422.5
1429
1427.3
1432.2
1429.7
1422.9
1421.6
1414.2
1417.4
1418
1419.4
1416.9
1418.5
1425.8
1431.7
1430.9
1437
1437.9
1442
1440.1
1440.9
1430.9
1436.7
1428.2
1432.2
1441.3
1448.5
1440.3
1440.7
1444.7
1454.7
1455.2
1455.5
1461.6
1457
1449.4
1446.8
1450.8
1445.6
1449.2
1450.9
1446.8
1454.5
1450.8
1446.3
1459.6
1454.5
1455.4
1451.5
1450.2
1453.7
1449.2
1442.3
1450.2
1452.9
1446.4
1450
1443
1460.5
1459.8
1469.3
1463.1
1474.6
1466
1464.9
1464.3
1466.3
1460.3
1465.1
1452.9
1458.3
1463.4
1461.2
1463.5
1467.5
1468.5
1475.5
1475.4
1481.7
1481.1
1484.8
1486.3
1481.2
1478.9
1469.5
1479.2
1476
1469.8
1467.4
1477.3
1480.5
1480.8
1484.8
1489.9
1474.5
1478.9
1478.9
1476
1472.4
1472.7
1480.7
1475.8
1481.9
1482.4
1490.3
1491.3
1488.2
1491.7
1493.6
1488.3
1482.2
1479.9
1473.4
1467.8
1477.2
1476.4
1477.8
1479.8
1478.3
1487.5
1480.4
1493.9
1497.3
1497.6
1498.8
1490.2
1490
1496.4
1487.3
1487.8
1486.4
1490.7
1492.9
1498.7
1520.4
1510.3
1505
1501.7
1504.2
1504
1499.2
1494.1
1497.2
1503.4
1511.1
1503.4
1500
1510.9
1507.8
1508.9
1508.9
1506.1
1510.8
1514.2
1506.4
1509.7
1507.7
1508.6
1510.3
1514.3
1509.4
1508.7
1513.2
1515.9
1515.7
1525.7
1522.1
1523.3
1513
1517.6
1514.3
1508.1
1513
1514.6
1511.9
1513.7
1509.5
1486.7
1509.3
1515.8
1524.7
1530
1534.3
1535.5
1537
1529.6
1527.9
1535.8
1532.9
1530.4
1540.2
1549.8
1559.1
1562.7
1554.8
1554.9
1552.4
1558.9
1562.8
1556.9
1547.3
1553.7
1548.8
1554.5
1551.9
1554.6
1543.9
1550.9
1553.7
1561.5
1560.3
1561.3
1557.1
1553.9
1553.6
1548.4
1547.7
1542.8
1538.2
1542.5
1534.9
1549
1552.7
1555.1
1559.5
1555.4
1558.9
1558.9
1554.2
1556.9
1556.4
1545.1
1546.2
1553.2
1545.8
1551.9
1554.1
1551.7
1561.3
1561.2
1561.2
1564.7
1560.2
1566.5
1561.6
1558.6
1561.1
1558.4
1554.1
1563.5
1568.8
1571
1575.8
1582.2
1581.4
1565.7
1575.9
1581
1573.9
1576.8
1561.4
1564.8
1564.8
1557
1560.1
1564.9
1568.4
1569.5
1577.1
1583.4
1573.6
1579.9
1579.1
1573.6
1576.6
1571.9
1563.3
1566.3
1564.5
1570.6
1558.2
1571.4
1564.6
1569.1
1574.4
1572.6
1578.7
1573.6
1581.4
1566.9
1561.8
1566.1
1564.7
1560.6
1557.4
1566.3
1568.6
1565.8
1566.9
1572.9
1578.9
1581.8
1575.1
1579.5
1573.9
1571.4
1570.5
1568.5
1575.1
1580.9
1574.2
1577.6
1577.5
1588.2
1585.6
1586.5
1585.9
1583.8
1582.2
1577.4
1576.6
1572.8
1568.8
1562
1562.2
1571.4
1570.8
1576.2
1580.5
1575.5
1583.8
1582.8
1590
1586.7
1591.1
1593.8
1582.1
1578.1
1582
1576.1
1575.2
1578.3
1574.5
1578.2
1586.2
1587.4
1595.5
1593.5
1595.6
1594.2
1587.5
1591.1
1581.8
1583.2
1583.4
1588.1
1583.5
1590.4
1592
1596.9
1592
1593
1590.1
1589.1
1585.1
1583.3
1583.9
1573.8
1574.6
1571.1
1570.2
1569.9
1573.6
1580.5
1580
1586.3
1594.8
1593.8
1595.6
1582.7
1581.8
1585.9
1583.3
1581.4
1588.8
1591
1587.2
1587.2
1598.5
1597.4
1597.9
1602.2
1599.5
1604.5
1602.9
1595.5
1592.3
1592.7
1584.1
1590.1
1585.4
1585.6
1589.1
1593.3
1604.5
1604.7
1613
1601.6
1604.8
1601.8
1597.8
1593
1596.9
1581.9
1581.1
1584.7
1593
1587.9
1588.1
1584.8
1590.1
1591.8
1596.8
1599.1
1605.4
1607.3
1588.6
1599.9
1583.5
1587.8
1586.2
1584.6
1585.5
1588.5
1597
1602.4
1610.4
1612
1610.3
1599.7
1602.8
1595.9
1597
1590.9
1591.2
1589.9
1591.2
1586.6
1598.4
1605.5
1616.5
1617.6
1625.3
1615.1
1613.3
1595.7
1606.8
1590.1
1597.8
1594.6
1601.3
1597.9
1609.4
1606.8
1603.8
1607.9
1599.4
1597
1603.4
1623.9
1634.1
1627.7
1623.9
1624.7
1623.1
1606.6
1617.7
1594.3
1608.1
1603.7
1608.5
1607.9
1610.2
1621.9
1614.7
1616.8
1614.5
1600.6
1603.7
1598
1590.4
1588.7
1591
1583.4
1583.3
1583.5
1597.1
1600.3
1598.2
1597
1585.4
1581.4
1577.3
1566
1570
1567.1
1558.7
1559.5
1557.4
1567.4
1559
1567.2
1566.2
1569.4
1569.4
1560
1558.3
1547.2
1545.5
1538.7
1538.1
1540
1537.6
1529.2
1531.8
1541.4
1542.2
1536.4
1533.8
1539.6
1534.8
1548.8
1532.2
1522
1525.1
1518.5
1519
1529.1
1516
1519.2
1511.7
1516.8
1522.9
1519.9
1521.2
1515.2
1507.7
1504.9
1504.8
1488.8
1500.5
1495.7
1494.9
1492.2
1492.5
1486.8
1501.8
1499.6
1495.7
1495.7
1497
1489.8
1491.1
1484.4
1479.4
1476.5
1470
1463.3
1472.9
1475
1476.8
1473.9
1471.9
1476.8
1483.7
1484.4
1477.6
1475.6
1455
1460.9
1463.8
1462.1
1463.7
1461
1457.3
1459.7
1465.9
1471.6
1467.6
1467.8
1454.9
1455.6
1451.9
1454.9
1445.5
1446.5
1454.4
1447
1450.4
1442
1447.6
1452.3
1448.5
1454.8
1453.2
1446.4
1447.6
1444.4
1441.6
1435.9
1431.7
1429.2
1426.6
1426.8
1429.6
1430
1431.9
1435.3
1438.1
1437.9
1434
1435.4
1430.9
1423.9
1424.3
1417.6
1415.6
1421.9
1413.5
1412.7
1423.9
1418.3
1417.2
1423.4
1420.3
1416.4
1414.6
1411.5
1409.5
1406.7
1403.6
1402
1397.4
1399.1
1402.8
1399.5
1402.7
1402.7
1411.1
1406.4
1406.4
1405.9
1401.9
1402.1
1399.3
1398.6
1393.5
1392.9
1395.4
1394.4
1394.8
1387.5
1392.3
1392.4
1391.2
1384.5
1392.2
1386.6
1379.4
1386.1
1380.4
1378.4
1376.9
1377.4
1368.9
1381.3
1378.1
1385
1386.7
1392.2
1385.6
1374.8
1380
1377.9
1367.6
1364.6
1371
1364.2
1361.6
1371.8
1365
1365.7
1370.3
1367.5
1364.6
1368.7
1362.9
1354.5
1364.4
1356.9
1356.2
1361
1354.5
1362
1354.6
1356.8
1355.9
1354.4
1356.9
1359.3
1358.9
1358.5
1348.1
1351.9
1351.3
1341.6
1346.2
1343.4
1346.2
1349
1348.7
1347.9
1347.6
1346.6
1353.3
1350.7
1352.7
1352.3
1349.9
1342.5
1340.5
1334.3
1333.2
1334.3
1334.1
1328.1
1335.8
1341
1353.1
1331.4
1348.9
1345.7
1338.8
1337.2
1327.9
1322.7
1327.9
1326.8
1320.9
1322.8
1327.7
1320
1321.2
1326.6
1330.2
1329.4
1327.9
1329.4
1319.8
1327.2
1318.9
1330.6
1306.3
1310.9
1310.1
1303.8
1312.9
1314.5
1319.8
1319.3
1320.5
1320.5
1318.4
1318.5
1314.2
1305.7
1299.5
1293.7
1293.3
1296.7
1296.5
1298.2
1299.4
1303
1308.1
1307.5
1304
1310.1
1301.6
1295.2
1294.8
1286.8
1295.2
1294.8
1297.7
1292.7
1291.6
1295
1299
1295.5
1297.9
1297.2
1296.7
1292
1288.8
1284.5
1278.3
1282.7
1284.4
1286.6
1283.6
1273.3
1280.1
1278.6
1284.1
1291.4
1289.7
1279.1
1279.7
1275.3
1273.6
1270
1273
1271.8
1261.8
1271.5
1271.7
1275.6
1278.4
1274.1
1282.2
1272.6
1275
1273.1
1272.1
1267.1
1258.5
1262.3
1272.9
1266.2
1262.4
1271.3
1278.3
1276
1271.4
1275.2
1270.2
1275.8
1263.5
1263.4
1259.7
1259
1263.2
1260.2
1263.2
1262.1
1258.6
1262.2
1262.3
1254.9
1259.5
1264
1265.1
1236.1
1262.3
1254.2
1259.9
1251.7
1255.7
1252.9
1245.4
1252
1251.2
1259.5
1266.7
1254.2
1255.9
1252.2
1245
1248.7
1245.1
1250.9
1243.2
1242.7
1242.8
1241.6
1237.5
1255.4
1243.4
1260.4
1254.7
1254
1248.7
1244.2
1241.6
1238.7
1232.9
1240.2
1239
1233.3
1237.9
1235
1241.2
1243.6
1235.8
1251.3
1249.8
1243.6
1254.7
1239.9
1244
1242.6
1229.2
1240.4
1223.8
1223.2
1226.7
1231.8
1235.1
1233.4
1233.3
1233
1231.3
1233.8
1231.3
1224.9
1226
1205.6
1220.4
1218.7
1216.1
1232.1
1220.4
1224.9
1217.9
1226.4
1227.7
1226.9
1216.1
1211.5
1214.7
1216.4
1210.9
1207.4
1201.6
1205.7
1212.3
1205
1207.4
1200.9
1212.8
1219.6
1217.5
1214.3
1212.1
1211.7
1207.4
1203.6
1200.5
1199.2
1199.5
1198.4
1196.4
1200
1195
1214.6
1208.3
1224.4
1220.6
1212.4
1201.6
1195.8
1194.8
1202.9
1205.4
1205.4
1202
1198.6
1206.6
1200.9
1205.9
1206.2
1216.3
1208
1204.7
1201.8
1199.9
1191
1207.2
1208
1209.3
1201.8
1198.7
1207.1
1207.8
1205.8
1214.6
1204.5
1215.1
1209.9
1193.8
1190.5
1196.5
1192
1194.2
1195.4
1193.1
1193
1190.6
1192.6
1207.5
1194.5
1204.4
1200.7
1203.5
1197.6
1192.2
1188.3
1191.9
1197.2
1193.9
1190.1
1191.8
1204.9
1202.5
1204.2
1205
1205.9
1201.8
1200.5
1196.1
1205.7
1194.7
1189.7
1188.4
1190
1194.7
1194.1
1204.2
1205.6
1203.1
1205.2
1197.3
