1124.2
1118.6
1120.1
1121.9
1120.3
1113.3
1116
1108.5
1115.2
1125.8
1135.4
1134.8
1131.3
1120.9
1127.5
1115.9
1119.9
1123.4
1118.8
1113.1
1112.2
1123
1111.5
1106.8
1107.5
1123.5
1120.7
1128.6
1134.9
1124.9
1114.6
1105
1108.7
1109.5
1101.9
1106.6
1121
1118.4
1112
1103.3
1111.4
1104.5
1100.9
1098.1
1103.9
1109.5
1114.8
1113.8
1110.7
1137.7
1155.6
1163.7
1153.2
1149.7
1145.4
1144.3
1150
1143.6
1149.1
1134.9
1139.7
1141.7
1148.2
1140.2
1133.4
1137.4
1130.6
1138.4
1133.9
1142.9
1131.1
1134.7
1130.1
1127.3
1135
1131.6
1131.6
1132.5
1129.9
1108
1119.1
1134.2
1138.2
1129.2
1128.8
1127.2
1116.2
1118.1
1118.2
1115.8
1128.8
1126.8
1110.1
1107
1114.7
1097.1
1105.9
1099
1110.9
1108.9
1110.5
1114.2
1114.5
1106.6
1105.8
1114.1
1108.3
1097.2
1097.2
1104.8
1105.7
1105.6
1102.9
1115.4
1118.4
1111.5
1116
1133.5
1126.5
1137.8
1140
1138.9
1136.9
1133.6
1151.1
1134.5
1132.4
1139.3
1153.8
1151.3
1146.7
1149
1158
1155.6
1151.8
1144.1
1129.1
1133.1
1121
1120.7
1117.7
1114.7
1110.1
1118.7
1141.8
1145
1168.5
1172.7
1169.7
1164.2
1158.9
1151.4
1129.5
1136.4
1149.6
1140.5
1150.6
1133.2
1148
1159.2
1163
1158
1147.4
1153.3
1158.9
1166.3
1163.6
1143
1149.2
1142.7
1130.5
1134.3
1148.3
1161.9
1154
1159.8
1162.7
1159.8
1151.4
1151.4
1141.6
1148.4
1147.2
1146.3
1154.3
1151.8
1148.4
1143.6
1150.8
1145.4
1153.1
1167.1
1154.4
1139.9
1140.7
1137.5
1150
1151.5
1145.5
1143.2
1146
1125.1
1124.7
1128.9
1130.5
1136.2
1132.2
1132.6
1144.7
1152.3
1146.6
1135.3
1138
1124.7
1111.5
1119.7
1116.3
1122.3
1111.6
1129.1
1135.8
1144
1150.3
1143.5
1141.5
1144.3
1152.2
1147.6
1149.4
1151.8
1140.2
1146.4
1145.3
1141.9
1149.2
1141
1144.8
1145.8
1158.6
1152.8
1139.7
1132.5
1123.2
1118.6
1106.8
1102.5
1103.8
1108.4
1103.2
1115.4
1108.4
1100.7
1107.2
1109.9
1105.9
1097.8
1089.9
1085.5
1088.8
1086
1090.5
1081.5
1104.1
1098.3
1089.3
1088.9
1092.2
1093.4
1096.2
1105.8
1116.2
1120.9
1114.8
1120.1
1107.8
1098
1093.6
1092.1
1085.5
1083.8
1084.4
1094.1
1089.3
1098.2
1095.9
1089.9
1090.8
1080.5
1081
1086
1082
1069.7
1071.4
1069.1
1065.2
1059.5
1060.7
1066.5
1060
1064
1061.9
1057.3
1051.2
1047.6
1049
1032.5
1047.5
1048.5
1055
1050.8
1054.9
1049.9
1042.7
1040.2
1039.6
1056.8
1047.4
1058.2
1040.5
1047.4
1051.4
1055.3
1067.1
1062.7
1060.1
1052.5
1050.9
1058.9
1048.7
1051.5
1062.7
1067
1065.6
1061.4
1054.1
1046.7
1035.3
1045
1032.7
1045.2
1034.1
1030
1022.6
1040.6
1027.4
1028.6
1025.7
1032.4
1025.8
1024.5
1040.9
1041.3
1038.7
1035.5
1034.3
1037.9
1039.5
1029.5
1030
1024.6
1024.1
1015.2
1010.5
1007.2
999.7
1001.5
1004.6
997.9
998.3
1000.9
997.9
995.5
994.9
999.9
995.9
983.1
989.4
979
980.2
976.7
972.7
962.5
965.1
963.4
952.9
960.3
956.1
960.5
954.6
957.6
958.2
954
952.1
935.4
943.1
940.2
941.6
936.9
928.6
924.3
927.5
919.3
927.8
927.5
930.5
925.6
932.1
928.8
918.9
910.7
918.8
910.8
917.1
912.4
913.3
918.4
922.7
922.5
920.8
920.6
933
932.4
925.5
921.2
913.1
905.6
913.3
895.9
901.2
894.8
897.7
892.8
896.2
891.5
894
883
883.7
880.1
877.8
867.1
870.8
866.1
871.8
871.6
869
869
865.7
864
864.7
877.6
870.5
872.4
856.2
878.9
881.6
869.1
869.1
858.5
862
869.6
872
878.6
878.1
889
887.1
891.9
895.1
892.6
895.3
888.3
891.5
892.3
889.4
895.1
898.3
906.3
908
921.7
918.4
917.6
918.7
917.2
916.3
908.7
935.1
940.5
926.5
938.5
934.6
941.4
945.4
953
949.9
949.3
954.7
957
958
948
948.5
951.7
963.2
953.9
957.1
953.8
957.9
968.3
962.8
973.9
972.7
979.1
978.9
977.8
978.8
975.9
979.7
982
984.5
987.3
990
994.2
1003.7
994.8
1001.2
1009.7
1019
1017.2
1006.8
1018.6
1016.5
1024.6
1025.6
1030.6
1029.9
1041.3
1044.1
1053.3
1067.2
1058.5
1085.7
1081
1080.9
1087.7
1091.4
1103.9
1097.9
1098.5
1112.6
1122.1
1119
1139.2
1148.6
1147.5
1151.9
1162.8
1160.7
1161.3
1160.4
1165.9
1165.1
1159.7
1165.7
1165.4
1160.5
1171.1
1173.3
1183.2
1194.2
1196.8
1197.9
1208.5
1207.4
1217.3
1217.9
1215.2
1212.1
1208.6
1215.6
1222.8
1220.1
1226.8
1236.5
1240.9
1246.7
1242
1250.6
1265
1267.1
1259.6
1258.2
1265.6
1260.9
1263.8
1255.6
1263.9
1272.3
1274.4
1283.8
1286.1
1289.8
1288
1295
1292.2
1288.6
1291.4
1288.3
1292.5
1289.7
1294.4
1285
1291.2
1294.7
1300.9
1301.5
1299.3
1304.1
1311.6
1307.6
1302.6
1298.1
1303.4
1311.9
1301.6
1309.9
1312.4
1327.1
1294.4
1289.1
1305
1327.4
1334
1344.1
1350.4
1347.6
1349.2
1335
1342.2
1351
1358.8
1366.4
1373.6
1364.3
1381.4
1400
1386.1
1402
1395.4
1410.7
1415.2
1420.4
1391
1396.6
1406.1
1403.8
1410.4
1388
1362.9
1370
1394.3
1416.9
1427.1
1436.5
1432.2
1433.4
1431.2
1437
1428.2
1425.4
1430
1434
1431.3
1441.7
1462.1
1443.4
1449.3
1450.2
1455.5
1459.8
1465
1444.3
1409.8
1393.7
1369.6
1313.8
1274.4
1262.4
1233.6
1206.8
1178.7
1159.4
1142.5
1155.8
1142.9
1131.4
1135
1133.9
1129.9
1127.3
1131.5
1126
1113.3
1115.4
1115.3
1116.8
1112.9
1103.7
1114.1
1098.8
1090.8
1069.2
1048.3
1043.5
1037.4
1034.4
1018.9
1007.4
997.4
999.6
998.9
997.6
989.6
990.7
999.2
998
993.8
991
994.1
989.2
983.4
977
983.9
986
986.1
988.7
988.3
985.3
994.3
1002.2
1008
1002.2
1000.4
1003.2
996.1
1007.6
1008.7
1010.2
1012.5
1017
1025.8
1043.3
1037
1041.3
1046
1044.8
1042.7
1031.9
1029.9
1046.1
1025.7
1018
1017.3
1011
1015.5
1020.8
1036
1035.1
1040.4
1046.7
1046.7
1045.2
1050.8
1048.1
1046.7
1036.2
1028.6
1018.7
1030.1
1031.4
1033.5
1034.1
1035.9
1023.9
1028.6
1027.4
1020.7
1016.3
1014.9
1012.9
1012.9
1010
1000.5
997
996.4
1007.3
1004.5
1013.9
1011.7
1024.5
1023.5
1018.4
1010.5
1001.6
990.4
1000.4
997.8
1003.6
1001.2
1000
996.1
1002.6
1003.1
1000.5
987.8
984.8
985.8
992.4
980
980.8
975.7
981.5
980.3
985.7
988.6
990.7
1004.6
1003.7
1017.1
1002.7
1009.4
1000.2
998.2
997
985.8
981.2
985.3
979
977.6
980.3
986.2
985.8
992.8
990.9
991.8
984.3
977.6
975
974.2
969.4
972.3
973.9
971.3
960.3
966.8
971.9
971.5
973
963.9
967.4
969.4
960.4
961.4
957.5
959.6
964.9
959.2
949.5
954.5
956.7
948.9
961.1
965.1
966.8
966.9
966
961.2
955.8
950.2
957.1
956.2
946
962
955.3
957.5
957.1
954.2
961.2
963.8
963.3
962.2
960.8
960.2
956.9
944.9
948.1
950.7
947.9
954
947.5
948.7
946.8
954
956.5
959.7
960
948.6
948.9
942.3
941.4
938.5
932
932.4
935.6
941.6
952.3
949.3
948.8
954.7
952.9
949.2
952
952.2
950.4
945.2
942.9
952.5
939.5
942.3
935.6
937.2
937.2
935.1
938.9
938.6
936.2
937.6
946.7
941.2
936.9
931.7
932
927.4
929.2
922.9
921.4
927.1
940.8
919.3
928.7
927.7
929.5
929.8
927
925.1
917.1
912.7
913.1
904.3
899.1
891.4
889.6
910.6
917.3
923.5
928.6
934.9
935.9
932.9
928.1
938.6
948.6
947.6
944.4
940.8
932.4
946.4
958.4
978.6
989.3
989.8
982.5
961.4
951.8
940.5
932.9
925.1
915.8
905.6
906.2
898.3
918.5
936.4
933.6
930.1
937.3
926.7
937.9
930.1
925.1
933.6
922.9
927.9
923.3
914.2
922.3
914.8
927
922.1
927.9
924.8
933.4
928.6
930.3
922.7
924.7
922.1
916.4
916.2
911.7
916.1
917.6
921.8
916.5
929.1
926.4
930.7
932.2
925.3
932.5
931.2
923.6
931.3
921.7
926.5
926.7
919.6
925.6
932
931.7
930.8
932.1
942.1
933
936
932.2
934
921.7
927.4
925.4
927.7
924
919.9
921.5
926.7
929.8
927.2
934
935.4
935.4
926.6
929.6
912
928.5
922.7
921.4
922.8
913.2
922.9
921.9
922.5
927.8
931.1
930.2
932.6
933.7
933.1
925.3
920.7
921.4
917
922.5
917.7
920.6
923.2
928.7
926.3
932.8
932.6
930
928.7
922.9
919.4
921.7
921
921.7
918.4
919.2
926.5
928
928.2
938.2
939
939.1
944.3
939.2
940
929.3
930.8
923.1
929.2
931
935
918.7
929
930.5
943.4
941.6
938.4
949.6
941.2
944.3
926.8
931.2
937.6
927.8
928.3
937.4
923.9
931.9
925.3
936.5
944.1
936.9
946.5
931.5
942.6
937.8
940.7
927.3
930.6
927.7
934.3
929.3
931.1
936.8
942.1
955.2
943.4
944.6
947.6
944.2
947.7
935
939.5
931.8
938.5
924.6
938.9
932.6
935.9
936.7
939.9
940.1
950.7
939.8
945.8
942.1
941.5
934.4
938.1
934
937.3
928.5
930.7
933.1
932.2
938.8
937.1
942.5
942.5
944.5
940.9
945.8
932.3
933.2
930.2
930.4
919.1
922.4
929.5
931.9
925.9
940.8
940.4
927.3
943.4
929.8
931.4
924.5
928
921.1
924.6
927.1
934.7
930.8
935.4
940.3
938.2
941.8
936.2
938
933.5
930.6
930.8
928.1
925.5
924.3
932.1
923.7
932.9
932.6
932.9
939.1
941.2
939.7
937.1
927.8
927.3
927.7
931.4
928.4
931.9
927.5
925.2
925
928.8
934.2
939.6
940.4
934.6
931
932.9
922.7
923.6
930.5
925.1
930.7
922.9
921.6
920.9
924.5
930.5
928.3
932.6
935.2
928.6
926.6
923.7
922.9
920.2
917.6
915.6
919
922.4
919.8
930.3
925.5
936.7
934.1
933.4
934.7
928.5
918.2
923.2
916.8
917.3
923.5
922.4
917.8
920.6
927.3
930.6
932.5
930.9
923.2
922.6
925.9
920
917
921.4
923.9
915.6
916.4
914.7
922.5
916.9
931.6
921.3
928.9
921.5
920.6
915.4
912.6
917.4
905
913.9
911.8
909.7
912.1
915.7
920.7
922.6
923.3
923.2
920.9
918.6
913
916.2
904.4
913.3
902.5
917.4
907.8
910.8
905
916.8
919.1
912.1
914.9
916.9
911
910.9
904.1
909.4
911
910.6
904.9
903.6
906
911.6
909.4
917.4
916.2
916.8
914.3
909.3
912
903.4
909.4
902.2
908
906.7
905.5
902.5
904.9
915.9
911.4
916.4
913.8
913.2
914.9
908.1
900.5
906.4
899.9
897.7
897.6
902.4
894.1
896.2
900.7
903.8
908.8
902.2
911.8
907.7
904.7
900.4
899.5
895.7
901.2
896.4
899.9
901
894.1
899.1
907.3
904.7
905.9
903.6
905.4
899.6
895.4
897.3
892.8
894.2
895.2
890.4
899.5
900.8
901.2
904.1
899.7
909
903
904.9
899.1
894.9
898.3
893.1
894.4
894.5
894.3
896.3
900.3
895.1
902.4
898.6
903.5
900.6
901.4
891.2
893.5
891.2
887.8
888.1
882.7
883.2
896.5
891.6
893.1
900.3
898.7
897.6
904.4
896
903.4
893.6
888
885.7
882.1
882.9
886.4
885.1
889.7
888
892.5
892.8
896.6
895.2
892.3
897.1
888.8
886.1
880.7
879.8
876.4
884.1
877.9
876.6
888.1
880.4
890.5
896.5
893.3
887.5
888.1
893
881.8
885.1
879.2
884.5
875.3
889.6
887.8
881.6
883.7
881.8
890.6
886.6
893.2
893.5
887
880.8
883
877.1
883.6
880.2
881.2
882.6
891.1
894.3
897.5
898.2
885
890
898.6
887.8
880.1
885.4
883.3
882.4
881.7
887.7
888.4
885.5
893.7
898.7
896.9
885
887
887.1
884.2
883.4
887.1
885.4
886.1
882.8
883.9
883.3
889
886.4
889.1
889.9
886.7
893.2
886.9
888.3
891.3
882.5
883.4
884.9
882.1
875.3
874.4
888.5
884.5
888.7
