532
531.4
531.8
532.3
528.9
525
516.7
520.7
524.2
525.2
524.7
520.5
527.3
524.2
523.3
525.2
532.8
529.5
532.9
528.6
532.1
528.6
524.9
522.6
523.7
522.2
520.5
517.5
528.2
524.2
534.1
530.7
531.4
527.6
523.5
527.4
518.4
522.2
534.4
560.5
566.3
565
563.7
573
575.7
582.5
578.3
588.2
602.6
609.7
619
627.5
630
616.5
614.3
611.1
612.4
628
639.5
647.2
652.1
659.4
664.5
664.4
663.3
670.2
669
660.2
658.7
660.6
659.9
659.8
658.1
664.2
665.1
676.2
668.1
673.8
678.6
672.6
682.3
682.5
681
692.3
687.1
691.4
694.4
695
692.2
703.8
707
708.7
717.2
709.2
717.6
709.3
712.5
704.6
703.5
709.1
703.8
704.9
716.6
726.2
732
740.3
740.3
735.4
740.7
746.4
737.4
735.9
736.1
737.1
729.4
734.7
730.1
736.8
737.9
743.3
748.9
754.2
753.8
750.3
761
754.7
748.7
752.4
754.7
748.9
749.4
748.7
755.5
764.7
760
762.2
760
764.4
762.1
762.3
761.2
758.2
762.7
761.7
771.1
771.1
775.8
777
775.5
779.7
780.2
784.3
777.8
777.6
777
770.5
765.1
767.9
765.5
763.6
769.5
763.1
771
772.2
776.6
779.3
777.3
776
772.2
774.2
769.8
763.5
746.4
767.9
767.7
766
768.7
755.7
766
768.7
772.7
769.9
777
770.8
771.2
776.7
773.6
783
778.9
774
785.1
781.1
770.2
779.7
791.1
798.3
788.6
795.5
792.8
800.7
797.6
785.8
800.3
784.7
789.1
787.4
790.1
797.6
796.1
802.8
803.2
802.6
801.1
801.8
802.6
796
798
808.8
796.3
806.5
801.1
805.7
807
804.7
809.1
811.6
811.8
826.3
821.1
826.1
820.2
821.3
818.6
818.1
822.3
815.3
819.9
812.5
819.6
822.3
829.4
827.7
846.5
855.3
852.2
850.7
833.5
834.7
826.9
825.7
834.3
837.1
837.3
835.7
843.1
844
843.8
849.4
854
854
852.7
855.5
843
844.8
842.1
841.9
838.8
832.5
841.1
839.2
841.3
843.3
842.5
840.6
836.3
829.7
833.5
820.4
819.2
821
816
822.5
813.6
824
819.7
818.5
825.6
824.4
822.1
815.9
816.7
819.3
810.4
802.8
802.8
802.7
805.2
800.3
803.3
798.9
791.4
803.1
803.1
807.4
803.4
809.2
797.2
797.7
795.5
787.2
783
787.5
779.4
786.6
790
785.4
786.6
795.4
796.4
788.1
793.5
790.4
778.1
779
772.9
769.2
774.8
772.1
765.9
769.7
773.5
773.8
781.3
780.8
780.8
772.6
774.5
772.8
771.1
765.5
759.3
760.6
763.6
772.4
780.4
778.9
782.7
791.2
799.5
803.9
797.2
796.4
797.4
787.1
782.6
785.8
792.9
783.8
778.7
789.1
795.9
792.2
794.7
795.5
796.6
804.2
799.4
801.9
799.4
794.8
801
794.5
794.6
800.6
799.7
803.6
801.2
794.5
829.1
827.7
840.4
840.2
834.4
835.6
834.1
826.4
831
828.1
839.2
844.4
852.3
864.7
876.2
889.5
902
904.7
903.9
903.1
909.8
905.9
907
915.4
902.3
912.9
926.1
933.4
943.7
938.8
947.1
953.3
947.7
946.9
946
942.6
953.4
959.6
963.7
968.1
967.3
964.8
957.9
961.9
967.4
971.1
975.2
981.6
970.1
966.9
964.8
965.4
969.3
981.8
991
990.9
1006.7
1003.1
1011.7
1007.4
1008.4
1014.4
1014.4
1012.3
1015.2
1013.6
1007.3
1010.5
1018
1006.2
1020.3
1008.1
1023
1019.4
1040.5
1044.8
1050
1048.6
1059.1
1049.6
1052.6
1036.9
1044.1
1038.1
1041.4
1040.4
1043.6
1051.6
1057
1070.1
1078.3
1075.4
1051.8
1074.5
1066
1066.7
1070.5
1077.5
1069.1
1062.8
1053
1058.7
1068.6
1070.5
1075.2
1083
1093.2
1092.4
1099.7
1101.4
1102.2
1106.2
1110.8
1105.8
1110.2
1114.5
1123.3
1127.8
1126.5
1129.7
1133.7
1144.3
1135.3
1139
1138.5
1142
1136.5
1137
1131.2
1118.5
1127.3
1133.6
1149.2
1150.5
1153.6
1149.4
1144.4
1145.1
1150.2
1149.1
1146.7
1132.8
1134.9
1131.1
1126.4
1130.3
1128
1111.7
1106.9
1114.6
1108.5
1102.3
1098.3
1095.6
1095.6
1093.7
1069.9
1058.1
1054.3
1056.1
1054.8
1058.2
1060.2
1061.7
1064.2
1064.6
1058.1
1061.5
1062.6
1047.7
1042.7
1033.2
1036.7
1035.5
1034.5
1042.2
1048.7
1037.3
1036.7
1038.1
1036
1032.7
1036.1
1033
1036
1038.8
1037.7
1036.3
1033.4
1042.3
1040
1042.9
1038.2
1049
1059.9
1059.9
1060.9
1066.7
1063.9
1056.6
1054.5
1048.9
1049
1045.8
1050.4
1047.2
1046.8
1056.4
1058.1
1061.5
1054.9
1056.9
1061.6
1053.1
1047.1
1048.9
1044.1
1047
1053.5
1046.1
1053.7
1054.5
1063.4
1061.9
1073.3
1071.6
1071.2
1075.8
1087.2
1089.4
1082
1069.5
1067.1
1072.4
1086.9
1084.4
1076
1076
1082
1089.5
1082.2
1078.7
1082
1080.9
1075.6
1075.2
1075.5
1085
1072.1
1073.1
1065.3
1074.4
1073.7
1078.7
1085.2
1090.6
1093.2
1083.1
1088.7
1084.4
1090.5
1094.6
1095.2
1111.2
1085.7
1092.1
1090.4
1083.1
1075
1076.4
1097.5
1097.5
1095.4
1097.6
1096.6
1095.2
1095.5
1100.1
1109.2
1110.4
1096.7
1096.6
1099.8
1101.6
1105.9
1092.7
1090.9
1094.7
1098.5
1101.4
1096
1091.7
1088.4
1078.5
1075.6
1078
1084.9
1084.7
1091.9
1098.8
1115
1113.4
1106
1106.3
1093.7
1091.9
1090.6
1083.9
1073.1
1068
1068.4
1065.7
1069.7
1097.3
1105.5
1113.1
1111.6
1102.3
1106.3
1099.2
1104.3
1094.5
1098.5
1100.7
1098.6
1102.4
1101.2
1095.4
1098.3
1103
1096.6
1099.4
1097.2
1088.8
1088.2
1085.3
1086.9
1091.5
1088.1
1095.8
1096.8
1091.2
1080.6
1075.9
1079.4
1085.6
1083.3
1087.7
1085.5
1081.4
1075.8
1075
1073.2
1076.2
1070.8
1065.9
1050.7
1063.5
1052.2
1073.5
1061.4
1069.1
1071.9
1074.1
1071.3
1074.9
1059.1
1059.5
1055.9
1052.4
1054.7
1058
1057.7
1061.1
1059.5
1049.2
1047.9
1047.6
1062.7
1061.3
1064.1
1043.5
1047
1045.6
1046
1037.6
1042.7
1044.6
1051.7
1047.8
1060.7
1055
1062.5
1068.6
1064.6
1052
1062.7
1058.7
1067.4
1064.5
1067
1062
1065
1066.8
1066.3
1078.2
1078.8
1086.8
1080.2
1078.8
1073.8
1075.5
1064.6
1067.7
1060.8
1057.9
1056.6
1049.3
1052.1
1057.7
1066.8
1059.4
1068.2
1062.3
1068
1061.1
1034.3
1036
1043.5
1038.8
1039.6
1040.5
1039.1
1047.4
1046
1052.4
1056
1057.3
1057.8
1057.7
1054.9
1055.3
1048
1052.1
1041.7
1046.2
1044.5
1046.2
1047.4
1048
1057.5
1052.9
1065.6
1062.7
1069.8
1061.4
1059.3
1059.1
1052.7
1050.7
1058.3
1059.4
1048.2
1052.2
1055.1
1058.3
1067
1087
1094.2
1095.3
1096.5
1103.5
1094.8
1092.6
1088.6
1093.8
1093.5
1095.5
1100.3
1105.7
1105.2
1113.8
1123
1128.9
1137.6
1133.9
1135.1
1130.6
1114.6
1124.6
1123.3
1118.6
1120.8
1128.1
1127.7
1134.2
1135.9
1136.9
1143.4
1144.2
1134.8
1141.8
1147.5
1144.6
1152.3
1144.9
1139.2
1139.6
1137.9
1140.7
1149.5
1151.5
1165.4
1167.7
1171.9
1168.2
1170.7
1179.4
1182.8
1170.6
1174.7
1178.7
1172.8
1171.5
1178.6
1186.5
1191.8
1190
1198.8
1202.6
1208.7
1207.6
1214.2
1221.3
1209.9
1209.9
1208.3
1199.5
1211.8
1219.9
1219.6
1228.7
1229.6
1221.4
1230.3
1232.2
1231
1226.4
1236.6
1231.4
1222
1215.2
1214
1210.7
1203.7
1214.7
1228.2
1227.9
1241.2
1239
1225.1
1220.2
1222.7
1215
1210.4
1202.1
1201.2
1197.2
1192.9
1198.1
1200.4
1200.3
1189
1184.9
1186.6
1174.1
1173.6
1167
1164
1175.1
1170.6
1166.5
1160.6
1153.7
1147.5
1151.4
1155.7
1143.2
1150.7
1146.6
1146.4
1133.9
1119.9
1120.4
1117.5
1108.4
1106.4
1111.1
1116.1
1117.5
1110.5
1115.9
1120.4
1115.1
1108
1102.7
1091.9
1087.1
1085.7
1088.9
1088.1
1092.8
1092.4
1090.7
1095.8
1099.9
1094.1
1097.3
1103
1106.2
1108.5
1108
1105
1101.7
1095.9
1099.3
1102.8
1102.6
1103.3
1106.9
1101.6
1092.5
1102
1104.2
1092.8
1097.5
1088.3
1085
1085.8
1079.5
1076.3
1076.3
1067.5
1060.7
1046.1
1067.4
1065.9
1067.7
1069.7
1067.4
1071
1068.5
1061.1
1064.5
1054.8
1055.3
1060.5
1059.4
1064.7
1058.3
1057.6
1064.8
1045.9
1059.6
1058.9
1051.5
1063.2
1061.8
1071.1
1066.1
1070.8
1073.7
1076.8
1080.4
1075.9
1079
1084.1
1074.6
1078.9
1072.4
1069.2
1063.1
1055.7
1047.2
1032.2
1036.7
1030.5
1039.3
1042.6
1043.8
1052.9
1060.5
1053.2
1060.7
1066.2
1069.3
1062.6
1063.3
1064.5
1064
1056.3
1059.5
1051.3
1058.2
1050.6
1059.4
1054.9
1068.9
1071.2
1059.7
1072.7
1072.3
1072.5
1068.7
1072.2
1063
1066.9
1071.8
1062.6
1078.8
1066.8
1065.2
1073.8
1073.2
1067
1070.7
1061.2
1067.4
1059.4
1053.4
1055.5
1070.1
1060.9
1054.2
1059.2
1056.9
1059.2
1064
1061.7
1070.1
1073.7
1086.3
1078
1078.2
1066.1
1071
1072.1
1063.9
1070.3
1071.1
1072.5
1076.3
1077.2
1080.8
1086.3
1086.5
1086.1
1079.9
1076.4
1066.7
1071.9
1077.6
1077.3
1080.8
1076.7
1084.8
1090.6
1096.2
1089.4
1093.9
1093.6
1103.2
1087.3
1078.2
1085.2
1080.5
1080.1
1090.3
1079.1
1099.4
1092.1
1097.2
1106.2
1113.6
1106.7
1111
1109.8
1101.3
1107.4
1093.5
1099.7
1103.2
1098.6
1104.9
1107.4
1111.9
1108.9
1105.8
1113.9
1124.7
1129.3
1129.5
1131.2
1126.2
1117
1109
1111.2
1100.3
1100.2
1101.9
1111.9
1109
1110.6
1112.8
1108.2
1112.6
1110.7
1096.1
1102
1087.1
1088.6
1086.7
1089
1088.9
1088.4
1087.6
1079.3
1073.4
1090.1
1079.7
1077
1078.8
1075.3
1075.9
1074.7
1067.7
1052
1055.2
1059.5
1054.7
1059.3
1055.5
1059.3
1066.9
1061.2
1066
1055.6
1050.3
1043.1
1037
1040
1036.1
1036.9
1036.2
1032.9
1039.3
1044.2
1045.8
1043.8
1035.8
1038.2
1034.2
1030.5
1032.8
1025.2
1029.6
1023.3
1021.9
1022.2
1018.1
1021.1
1013.9
1019.7
1021.6
1019.1
1028
1025
1077.4
1051.9
1039.4
1017.7
1002.5
1003.1
1003.8
1015.4
1000.4
998.5
1010.9
1007.2
1004.4
992.1
996.8
990.8
986.5
976.5
976.7
981.2
977
970.1
965.1
971.3
969
972.6
963
970
975.8
970.7
966.9
965.3
959.7
954.8
950.6
953.3
940.9
951.5
942.6
942.6
942.3
946.3
940.2
937.6
934.4
936.2
931.8
930.5
928.9
932.1
923.8
929.5
925.7
921.9
928.1
923.7
928.1
928.9
928.3
929.8
930
921.3
915.2
915.5
916.2
905.6
908.6
905.2
912
906.8
917.3
914.3
918.8
916.6
918.1
917.6
908
907.3
903.2
896.9
897.2
892.1
889.8
892.6
901.2
905.6
903.6
898.7
906.6
897.3
894.2
885.1
895.8
881.3
881
871.8
885.6
873.1
873.9
878.5
883.6
883.5
881.4
872.6
880.2
874.7
868
866.4
866.6
866.2
856.6
863.9
863.3
858.8
873.8
863.3
867.3
862.7
866.3
860.4
863.7
857.2
854.5
850.7
847
852.6
842.4
847
845
851.9
850.7
852.2
853.2
850.3
855.2
849.2
844.6
842.1
849.2
845.6
837.4
846.6
841.9
846.8
829.8
841.3
837.8
835.3
842.6
844.4
831.9
833.7
832.5
827.2
833.3
815.9
825.6
827.5
824.6
833.7
831.5
832.1
833.7
828.6
826.1
826.7
826.5
831.4
815.2
817.7
819.9
817.4
813.5
824
820.7
823.2
824.4
827.2
835.3
829.3
831.4
823.7
822
816.9
821.8
812.8
813.6
814.7
812.9
810.1
817.7
815.2
819
819.7
814.7
814.9
811
815.8
808.8
812.7
802.8
812.7
807.3
811
809.6
818
816.9
820.4
818.8
822.4
816.6
818.5
802
801.3
800.6
801
801.3
799.3
801.3
806.4
810.4
812
824.7
815.9
807.1
808.2
805.1
799.7
796.5
796.9
795
796.7
800.4
801.1
808.4
804.6
810.6
810.8
806.7
810.8
808
804.3
797.6
793.9
801.8
796.2
790.7
796.3
795.9
799.1
799
805.9
797.6
806.3
804.8
799.5
795.1
794.9
801.6
790.3
796.2
796.6
804.9
805.5
804.6
813.1
821.7
822.4
835.8
835.3
825.2
828.1
830.1
826
831
830.7
827.2
839
832.7
834.9
848
855.2
856.9
849.4
860.2
856.1
853.4
842.5
845
847.8
847.6
853.1
850.2
855.1
858
861.3
873.3
867.3
872.7
870.5
871.5
863
873.8
868.3
869.8
865.3
877.3
869.1
864.3
871.4
878
882
885.3
886.9
884.8
877.6
892.9
891.8
898.2
886.5
891.8
886.6
891.3
895.6
897.2
910.2
906.1
911.9
909.4
916.7
911.9
919.9
911.5
908.5
905
903.7
905.4
907.3
903.9
912.8
914.2
915.9
926.7
917.3
921.1
923.6
916.9
919.7
913.6
911.7
916.4
919
917.4
920.7
916.7
930.9
921.9
930.2
931.8
940.4
933.6
928.8
930.1
953.1
947.3
950.7
948.6
950.9
952.7
948.6
950.8
956.9
964.3
961.4
966.6
965.3
972.6
968.5
970.7
972.8
970.3
983.3
985.4
982.9
994.2
1003.6
1017.5
1008.6
1012.9
1007.3
1003.8
998.6
1000.1
997.2
998.4
1008
996.7
1006
1008.2
1017.8
1018.7
1022.2
1021.5
1033.8
1038.1
1033.4
1021.1
1028.7
1029.4
1046.1
1037
1028.8
1038.2
1039.4
1048.1
1051.4
1051.9
1043.4
1056.3
1052.7
1080
1083.3
1080.6
1075.7
1072.6
1079.9
1070.1
1079.7
1073.8
1069.1
1067.6
1074.8
1066
1069.4
1052.2
1038.4
1037.7
1029.4
1026.4
1029.7
1020.5
1019.7
1017.3
1011.3
1013.4
1012.9
1000.8
1001.1
999.2
994
988.9
989.5
983.1
987.5
977
970.1
959.8
957.7
957.4
953.5
954.5
958.3
965.8
959.9
966.9
960
960.3
970.5
971.4
972.6
972.7
967.3
972.6
971.7
976
973.2
986.4
987.7
989.3
980.1
981.6
978.6
973.5
970
965
967.7
956.5
960.9
961.7
959.6
970.6
966.1
960.7
964.3
965.3
967.2
959.5
949.3
948
941.1
948.3
958.9
971
992.8
1000.3
993.1
1001.4
993.1
982.9
984.1
989.9
991.8
988.6
988.4
980.7
989.3
982.9
978.5
980.3
982.2
998.2
996.5
1003.7
1003.4
995
985.1
982.7
975.8
970.8
973.2
969.3
978.5
993
970.1
984.4
993.1
991.3
990.8
990.7
993
992
990
1003.5
997.2
987.6
991.7
991.9
997.5
998.3
997.9
987.6
1008.2
1009.6
1003.8
1017
1016.9
1021.4
1008.1
991.2
997.3
974.2
981.4
983
980.4
993.4
999.3
997.1
1023.2
1018.9
1031.6
1030.7
1042.6
1026.4
1039.8
1047.4
1052.8
1054.1
1058.5
1049.1
1052
1061.1
1050.5
1073.2
1076.8
1082.8
1081
1086.7
1084.4
1094.6
1095
1087
1086.8
1093.2
1090
1093.4
1096.4
1109.2
1101.8
1105.4
1121.3
1111.9
1117.6
1115.8
1111
1110.2
1111.1
1118.7
1120.1
1129.3
1117.7
1124.7
1134
1143.1
1153.3
1144
1149.8
1145.2
1150.9
1150.5
1144.2
1152
1149
1161.9
1169.7
1151.8
1152.5
1161.2
1160.3
1169.8
1157.9
1157.3
1155.8
1156.2
1150
1128.2
1115.5
1108.5
1114
1116.4
1106.5
1101.7
1110.2
1107.3
1102
1104.6
1099.3
1096.9
1098.8
1082.5
1080.9
1077.8
1072.5
1067.6
1070.1
1065
1061
1058
1052.3
1050.7
1046.2
1050.5
1040.5
1042
1050.9
1054
1053.8
1051.2
1045.2
1048.1
1033.4
1039.8
1037.1
1039.3
1051.1
1054.9
1058.5
1058.9
1054.1
1045.4
1039.9
1049.2
1047.8
1045.8
1035.8
1040.8
1041.8
1034.2
1042
1047.9
1048.4
1045.1
1040.6
1042.6
1034.7
1028.6
1020
1020.7
1019.8
1014.3
1019.4
1022.2
1023.3
1033.6
1026.6
1052
1040.5
1053
1042.6
1046
1059.7
1050.4
1041.9
1038.8
1033.3
1026.6
1030.3
1023.5
1025.5
1017.6
1013
1022.7
1021.8
1019.6
1022.9
1015.2
1009.2
1009.7
1009.5
1005.3
1008.7
999.6
1006.6
1000.1
1005.2
1012.9
1003.2
1002.8
1004.8
1005.3
1014.5
994.9
1000.6
1000.3
1002.1
992.1
986.7
995.1
989.7
995.4
985.3
985
1001
1002.8
994.8
993.7
999.2
994.5
997.7
999.3
1007
994.5
1002.5
998.9
1009.2
1026.9
1048.6
1065.1
1073
1076.3
1081.4
1057.8
1043.9
1044.7
1046.7
1048.7
1028.9
1018
1022.7
1029.1
1031.5
1043.7
1037.1
1046.5
1044.5
1050.2
1051.6
1047.7
1060.2
1058.2
1065.2
1060.7
1053.6
1054
1051.3
1058.2
1055.1
1054
1053.1
1050.3
1047.4
1047
1044.1
1041.1
1046.1
1052.8
1062.8
1063.4
1082.5
1070.4
1079.1
1093.5
1090.7
1100.2
1104
1090.6
1095.3
1100.5
1089.4
1088.9
1073.6
1075.2
1069.7
1060.5
1052.5
1056.1
1065.7
1071.1
1069.5
1061.7
1060.5
1054.6
1053.7
1059.3
1051.2
1054
1056.5
1055.5
1054.6
1043
1048.6
1040.2
1029.4
1042.2
1035.2
1033.4
1026.3
1017.6
1009.9
1010.3
1001.6
1003.8
1012.5
1072.4
1102.8
1132.6
1144
1178.2
1216.6
1225.9
1225
1235.7
1241.6
1248.8
1241.2
1241.8
1229
1202.5
1188
1190.8
1206
1213.2
1215.1
1187.8
1172.4
1168.1
1173.1
1166.4
1150.5
1151.4
1167.5
1174.6
1152.8
1157.8
1165.3
1153.4
1113.1
1126.2
1131.7
1129.7
1128.3
1135.1
1133
1143.6
1148
1137.9
1119.2
1120.4
1125.9
1124.3
1137.5
1135.6
1146
1141.5
1143.6
1166.6
1161.1
1156.6
1134.8
1126.8
1116.9
1113
1111.4
1112.5
1123.9
1131
1125.6
1124.1
1131.8
1133.6
1130.4
1145.8
1150.2
1154.2
1144.8
1136.2
1128.5
1122.4
1101.9
1091.6
1091.6
1091.9
1097.5
1092.7
1082.9
1092.9
1098.7
1111.1
1127.6
1119
1113.7
1128
1142.8
1177.9
1183.8
1181.6
1191.9
1212.1
1206.7
1223.2
1226.8
1221.5
1212.2
1224.9
1224.6
1210.7
1208
1176.1
1200.7
1233.3
1260.1
1312.1
1319.9
1307.2
1274.1
1252.2
1242.3
1222.1
1222.2
1234.2
1173.3
1135
1131.6
1119.1
1105.9
1108.3
1108.9
1116.7
1116.7
1116.8
1121.9
1118.4
1107.7
1110.3
1102.2
1101.4
1100.5
1099.1
1087.5
1078.7
1089.2
1082.3
1083.1
1081.9
1073.4
1081.9
1058.6
1051.4
1033.1
1017.4
1016.3
1022.7
1031.6
1025.3
1034.7
1032.6
1036.9
1031.2
1031.4
1031
1034
1041
1043.8
1043.5
1048.1
1053.2
1053.8
1058.4
1046.4
1052.8
1051.7
1058.9
1056.3
1065.2
1058
1054.9
1053.4
1033
1044.7
1032
1026.8
1029.9
1024.5
1024.6
1028.8
1034
1034.4
1041.2
1039.8
1036.5
1037.4
1038.6
1038.4
1031.5
1030.9
1027.8
1026.7
1028.7
1032.4
1025.5
1035.2
1041.3
1043.9
1048.2
1048.7
1038
1042.6
1039.2
1040.2
1043
1003
1071.8
1073
1051.5
1049.3
1044.6
1054.3
1055
1045.5
1061.8
1071.9
1068.4
1081.7
1071.1
1069.6
1074.9
1074
1080.5
1082.2
1089
1092.7
1096.7
1095.9
1111.2
1115.6
1110.3
1111
1118.9
1119.2
1114.7
1108.6
1111.7
1110.4
1109.4
1115.6
1117.2
1105.8
1119.7
1126.4
1132.3
1130.1
1129.1
1129.9
1128.5
1127.8
1122.1
1133.1
1138.2
1136.9
1133.5
1133.1
1137.7
1141.8
1151.3
1153.5
1149.8
1151.2
1157.8
1160.8
1158.4
1158.6
1163.7
1159.1
1156.8
1162.6
1158.7
1166.1
1168.8
1176.9
1173.9
1175.7
1178.8
1175
1178
1173.8
1177.1
1160.3
1170.4
1176.8
1170.3
1183.2
1189.5
1177.7
1189
1206.4
1228.9
1232.7
1231.4
1226.6
1237
1229.7
1236.9
1255.1
1254.7
1257.4
1256.7
1260.8
1279.2
1277.7
1281.9
1282.2
1282.1
1287
1288
1301.3
1292.6
1290.3
1292.6
1293.2
1291.9
1293.2
1284.9
1279
1290.9
1301.6
1307
1327
1315
1315.5
1305.4
1300.2
1299.4
1286.4
1292.2
1305.2
1307.1
1281.5
1295.5
1297.7
1307.9
1312.5
1318.6
1318.4
1310.6
1307.7
1310
1305.7
1304.6
1301.4
1296
1271.5
1269.4
1285.3
1305.9
1325.1
1323.4
1313.1
1327
1346.8
1358.6
1349.9
1356.8
1371.2
1368.3
1333.5
1293.4
1303.1
1322.3
1301.4
1309.6
1311
1317.1
1322
1333.6
1338.7
1347.6
1339.1
1318.3
1296
1283.7
1284.9
1292
1287.7
1281.6
1300.8
1315.8
1328.4
1299.3
1293.5
1261.7
1239.1
1211.6
1214.7
1189.1
1165.9
1152.4
1145.1
1154.5
1156.7
1140.2
1122.6
1124.3
1128.2
1128.8
1134.7
1127.3
1135.2
1135.8
1135.3
1152.1
1158.2
1169.3
1167.8
1169.5
1151.5
1155.3
1152.1
1158.5
1146.6
1104.5
1097.7
1130.3
1131.3
1128.1
1133.7
1136.1
1132.7
1129.5
1113.8
1099.7
1107.4
1098.9
1099
1097.8
1106.3
1106
1099.4
1091.6
1083.2
1073.5
1077.3
1067.2
1064.6
1069.5
1071.9
1071.9
1066.7
1073.5
1067.5
1058.1
1052.1
1046.1
1037.3
1036
1029
1028.5
1019.6
1018.1
1012.7
1013.7
1019.9
1020.7
1017.2
1021.7
1036.5
1058.6
1086.9
1065.1
1063.5
1065.3
1074.7
1071
1067.3
1067
1067.3
1068.9
1071.6
1072.4
1069.7
1061.3
1060
1060.2
1049.4
1061
1076.8
1090
1089.3
1074.3
1080.6
1095.4
1116.2
1122
1121.5
1114.2
1105.9
1099.9
1095.3
1091.1
1091.1
1089.6
1084
1085.9
1077.5
1088
1087.6
1084.3
1081.7
1093
1085.1
1087.5
1087.7
1089.9
1083.7
1084.1
1080.1
1071
1073.6
1070.8
1072.8
1069.4
1082
1080
1079.3
1076.6
1082.2
1068.7
1069.2
1069
1060.2
1063.5
1056.7
1056.3
1052.3
1056.9
1051.8
1055.2
1066.3
1055.9
1056.9
1059.6
1057.5
1055.9
1052.5
1044.9
1043.6
1039.8
1041.6
1038
1037.2
1037
1040
1029
1031.6
1040.8
1039.3
1042.6
1034.2
1033
1031.8
1034.3
1025.5
1028.2
1038.6
1041.6
1037.9
1039.1
1045.8
1046.3
1051.1
1055.2
1061.6
1058.8
1058.9
1054.5
1055.1
1044.7
1046.6
1045.4
1044.9
1041.1
1046.5
1045
1047.1
1050.3
1044.1
1048.9
1048.3
1035.5
1032.7
1003.8
1019.9
1016.1
1024.3
1018.2
1033.1
1028.6
1035.4
1027.8
1020.3
1035.3
1035.1
1034.2
1022.5
1032.1
1023.6
1018.5
1019.9
1025
1028.2
1024
1029
1031.7
1031.2
1037.6
1036.3
1034.8
1033.7
1033.5
1031.2
1037.8
1037.1
1036.8
1033.9
1027.3
1037.3
1031
1038.9
1045.2
1051.8
1057.4
1052
1050.1
1047.8
1051
1054.4
1064.6
1060.4
1056.3
1052.4
1046.8
1044.9
1038.2
1037.4
1043.7
1039.3
1023.1
1016.5
1001.7
989.1
989.1
977
985.2
985.4
987.1
998.3
984.2
1000.9
996.2
998.7
1010.7
1006.1
1004
997
1000.6
980.5
982.1
980.6
980.2
983.2
979.7
979.6
985.4
991.6
988.1
990.8
995.8
991
988.5
989
992.3
997.6
1001.5
995.2
1004.3
1001.1
1000.2
1002.8
1001.8
1008.3
1006.5
1009.5
1010.7
1002.7
1002.1
992
990.1
986.2
983.2
988.6
975.5
981.5
983
980.3
996.8
989.5
994.4
993.2
992.2
977.6
969.7
968
972
970.8
973.4
989.7
991.6
988.9
983.9
990
980.9
956.9
960.4
953.2
945.4
944
944.4
943.6
938
944.7
943.9
943.7
948.5
952.4
953.1
953.9
956.6
957.3
957.4
953
949.3
961.8
988.1
1007.2
988.4
981.7
965.5
969.6
969.5
968.1
963
969.7
967.8
963.9
962.1
956.5
957.5
952.8
957.1
952.8
952.7
953.8
954.4
955
965.1
967.5
954.4
972.6
966.9
957.7
957.7
957.4
949.5
954
950.4
956.7
952.8
950.3
949.4
956.1
952.5
962.8
961.5
965.3
954.5
952.3
949.5
948.8
944.4
941.6
944.6
942.3
941.3
951.1
947.1
954.3
955.3
952.9
956.3
961.2
940.8
938.2
941.8
945.6
946.1
943.2
943
943.1
942.4
949.4
948.4
948.6
948.4
955
945.1
944.7
936.4
934.7
937.8
937.8
939.9
938.2
942.6
946.2
945
952.9
947.1
950
946.4
945.2
943
941.3
936.8
944.3
939.7
937.4
932.4
938.9
941.3
940.2
945.8
946.8
943.9
942.2
942
941.5
935.7
932
940.2
934.7
936.3
932.7
930.9
939.8
939.5
932.2
940.5
941.4
938.8
933.9
941.2
929.2
925.6
926
928
923.4
929.1
922.9
927.5
931.2
936.3
939.1
941.7
937.7
932.6
935.3
939.7
935.1
923.8
926.3
924.7
926.3
926.9
926.5
936.8
934.1
928.5
936.3
933.1
929.2
933.6
927.6
922.5
927
919.8
919.1
920
919.8
923.8
922
918
921
927.3
922.9
933.4
917.9
922.7
918.6
912.1
914.4
913.2
905
908.9
916.1
914.6
918.8
924.8
923.5
922.3
913.7
915.2
912
903
904.7
914.3
910.5
908.3
911.8
905.3
913.6
915.6
913.9
908.7
915.6
911.8
907.6
907.5
898.9
896.4
897.9
900.8
903.3
896.9
904.1
905.4
897.4
908
911.3
910.5
908.1
906.8
902.2
907
896.7
903.5
899.6
900.9
896.8
900.7
912.3
905.4
902
912.1
914
902.7
903.4
895.2
901.7
899.1
898.6
893.7
893.6
898.3
902.5
905
902.7
904.7
905.8
895.8
893
901.3
899.9
896.4
900.3
906.2
896.2
893.5
905.2
899.3
905.2
907.4
907.4
910.1
907.4
901.3
902.8
904.1
900.1
898.2
901.7
904.2
892.7
900.1
904.5
902.8
905.8
909.8
904.2
901.1
897.5
901.5
899.2
892.3
901.7
895.3
891.8
893.3
900.1
901.2
903.6
903.9
904.4
905.7
906.3
908.2
904.9
901.9
896.6
891.5
892
896
901.7
888.5
902.9
903.9
905.9
896.7
905.6
905.7
906.9
899.8
895.9
898.8
893.9
896
897.3
894.5
902.1
900
907.6
907.4
904.9
900
903.8
906.9
891.7
888.8
889.2
887.7
891.6
893.1
891.8
892
888.7
897.4
895.1
902.6
904.7
896.5
899.6
889
891.2
884.7
884.6
886.4
886.7
881
891.7
883.9
890.2
893.7
890.3
893
886.3
879.8
874.6
872.5
869.6
873
874.2
873.9
877.7
875.8
881.4
877.5
877.7
885.6
885.2
875
874.2
867.2
872.3
870
867.1
864.7
865.1
864.5
864.4
867
862
868.5
870.6
863
866.9
861.9
858.1
852.3
853.7
850
851.8
849.8
849.4
853.2
852.6
854.4
861.6
855.1
853.6
851.9
848.3
843.7
844.2
845
839.5
835.7
831.4
833.4
835.8
844.6
840.4
839.2
841.9
848.2
842.3
840.7
836.4
838.4
826.7
830
833.1
833.4
833.7
830.4
835.6
832.7
839.8
830.7
838
833.4
830.2
821.2
821
820.7
830.4
823.4
824.5
821.9
831.5
822.5
825.3
828.3
827.1
826.9
826.1
830.2
834.2
823.1
832.1
820.1
813.9
818.6
821
819.8
817.8
824.1
824.3
820
819.4
822.4
815.7
818
812.1
812.6
810.9
812.3
809
802.5
805.2
802.9
813.3
813.1
814.7
815.5
823.4
812.4
812.9
808
803.6
804.4
805.9
804.4
800.1
805
801.7
807.6
804
814.3
811.5
811.8
803.6
807
796.9
796.3
791.4
796.1
793.1
790.6
789.6
787.4
793.6
796.9
795.1
793.1
801.2
796.4
789.2
