613
607.8
607.6
608.2
612.7
617.5
610.9
617.9
619
624
618.4
618.3
612.4
611.9
604
608.5
604.7
605
603.5
603.8
604.7
611.7
613.2
613.3
613.4
618.7
602.3
606
606.8
602.6
599.9
605.1
617.4
609.9
618.9
623
637.4
653.7
657.9
659.9
652.9
671.1
673.7
670.5
666.9
675
663.7
671.5
675.7
670.5
677.9
685.4
688.6
697.2
691.3
698.1
687.9
683.5
683.6
687.8
691.1
692.1
699.1
697.9
691.3
699.7
700.1
699.4
693.6
698.5
698.6
694.9
695.8
703
714.8
719.4
718.3
721
726.5
738
729.1
737.2
742
733.5
734
727.3
722.7
734.1
737.4
745.1
744.3
742
746.6
751.3
751
755.8
755.3
761.9
748.5
761.9
767.4
767.4
765.2
774.2
774.1
770.1
771.8
773.9
783.6
780.1
785.4
789.3
794.3
797.3
801.1
808.6
809.2
811.5
808.6
801.3
809.6
813
814.4
816.7
820.8
822.6
828.1
835.3
834.2
831.9
838.6
835.6
838.6
840.6
837.3
837.5
835.1
827.1
825.4
834.6
826.8
847.9
837.1
852.4
847.3
850.5
847.6
833.3
823.9
813.7
800.4
802.3
794.7
793.7
790.1
788.9
779.6
778
782.5
783.1
783.9
785.9
785.3
785.3
790.6
779.5
779.7
775.3
772.9
770
769.5
767.5
767.7
773.6
774
771.2
770.3
769.9
772.8
762.1
758.6
758.8
750.6
750
741.7
743.6
746.7
744.2
760.7
753.8
757.7
761.4
760.5
743.8
751
741.2
734.4
740.1
732.5
732.3
725.7
735
731.3
741.6
741.1
750.9
745.9
746.8
746.9
747.4
746.7
740.7
742.2
728
744.9
745.6
749
753.8
753.8
749.5
757.5
762.3
762.7
765.5
759
754.4
750.6
754.8
758.2
754
760.9
767.3
767.6
763.9
763.8
761.5
770.1
770.1
771.5
767.1
777
770.5
771.7
768.2
772.5
768
769.2
778.8
783.7
779.3
780.8
777.7
781.2
781.7
775.3
784.2
778.7
783.1
778.1
777.1
787.2
787.6
782.5
789.7
788.5
784
793.8
793.2
792.1
791.3
791.3
793.1
792.7
795.3
795.1
801.9
803.2
800.5
797.2
803.9
800.9
804.4
804.2
807.2
805.5
808
809.8
802.2
802.9
807.1
799.3
809
801.9
813.6
814.5
817.5
818.4
823.3
825.3
823.6
816.6
818.1
815.4
818.7
817.3
813.5
812.7
819
820.5
818.9
826.6
830
831.2
831.4
831.6
830.9
825.6
822.8
829.3
825.6
826.4
820
819.8
822.6
829.9
833
831.3
838.2
835
838.2
836.8
836.8
835.3
844.1
833.4
836.3
832.1
833.9
843.3
834.9
854.5
861.5
863.5
866
862.4
861.4
855.7
859.8
842.8
843.8
840.9
844.2
838.9
847.4
856.1
851.3
855.3
859
860.4
857.3
857.1
857.1
863.2
862.1
861.5
862.1
863.2
859
858.3
858.6
861.1
869.4
869.5
875
881.4
873.4
876.6
870.1
869.5
877.3
878.4
874.2
869.5
873.3
874.4
879.2
874.7
872.2
890.2
892.5
891.4
892.3
887.5
883.8
877.9
879.5
875.7
876.8
879.9
882.8
891.2
898.4
899.4
905.5
898.6
892
889.1
895.8
890.4
887.7
888
890.3
905.8
917
937
950.4
952.3
976
986.2
994.2
992.2
990.9
984.3
970.8
993.4
991.6
968.9
966.2
985.7
1009.4
1020.5
1036.1
1042
1041.3
1040.5
1022.9
1006.7
1012.8
1016.9
1018.4
1012
1007.2
1012.9
1010.4
1016.6
1018.6
1024.1
1026.2
1030.4
1065.5
1064.5
1059.7
1068
1063.8
1072
1065.3
1067.8
1070.9
1071
1065.9
1063.8
1052.7
1050.1
1065.4
1055
1061.6
1066.6
1061.2
1054.2
1055.6
1056.7
1069.4
1078.5
1072.8
1072.8
1078.5
1090.3
1082.8
1096.4
1106.2
1115.9
1121.8
1106.6
1131.1
1121.9
1125.9
1143.8
1148.2
1148.8
1152.7
1149.4
1152
1159.5
1169.6
1186.2
1137.3
1133
1108.9
1126.3
1152
1153.6
1167.8
1180.3
1160.5
1160.5
1158.2
1173.7
1171.2
1173.1
1185.8
1197.5
1213.4
1211.8
1202.6
1173.7
1190.2
1183.5
1185.7
1184
1187
1204.7
1217.3
1220.4
1234.1
1234.8
1213.1
1203.8
1206.8
1206.1
1209.3
1237.6
1225.8
1227.4
1236.8
1231.8
1225.8
1216.5
1226.2
1223.3
1218.8
1232.2
1221
1226.1
1220.9
1197
1216.6
1221.5
1224.9
1228.8
1234.3
1246.1
1261.3
1264.1
1263.2
1275.1
1203.5
1181.3
1175.2
1195.4
1222.2
1241
1254
1247
1245.4
1246.2
1256.2
1250.1
1253.9
1262.2
1258.8
1236.4
1250
1254.4
1253.5
1245.6
1255.7
1257.7
1239.3
1256
1262.7
1264.2
1265.1
1267.1
1275.4
1268.5
1271.8
1274.8
1264
1254.1
1266.7
1255
1247.1
1244.5
1234.6
1237.3
1239
1240.6
1253.5
1255.7
1273
1249.8
1255
1254.5
1258.6
1266.9
1261.6
1262.7
1276.8
1291.3
1288.1
1275.7
1267.2
1268.3
1265.7
1264.7
1247.3
1264.8
1269.8
1280.5
1278.1
1259.5
1268.2
1265.6
1271
1265.7
1271.7
1276.6
1280
1270.8
1276.7
1296.5
1294.7
1302.3
1304.5
1306.7
1299.4
1310
1315.6
1328.1
1322.4
1325
1317.6
1312.7
1319.2
1322.8
1339.4
1305
1301
1311.1
1313.9
1306.6
1307.8
1289.8
1288.1
1271.7
1266.6
1269.9
1288.4
1262.9
1288.7
1289.4
1293.7
1300.1
1293.9
1310.7
1316.2
1306.4
1299.1
1297.3
1290.4
1293
1250.5
1266.2
1289
1295.3
1300.5
1313.9
1308.2
1299.8
1296.7
1290.6
1282
1288.1
1278.6
1286.8
1273
1279.4
1286.3
1272
1274.6
1274.7
1277
1253.2
1265.5
1277.8
1274.2
1278.1
1206.3
1227.6
1258.8
1271.9
1288.5
1301.5
1307.1
1292
1286.5
1288.2
1297.5
1245.5
1259.1
1278.4
1293.1
1290.4
1287.2
1281
1283.7
1281.3
1284.1
1285.6
1299.9
1297.3
1301.8
1305.9
1308.7
1304
1299.2
1286
1296.5
1287.8
1281.9
1282
1289.9
1292.1
1303.5
1270.5
1285.4
1287.5
1289.9
1288.3
1281.2
1272.7
1265.9
1262
1260.8
1260.9
1256.4
1261.3
1255.5
1254.8
1258.9
1262.1
1265.9
1264.2
1263.5
1258.6
1262.6
1263.5
1260
1261
1260.2
1263.2
1267.7
1270.6
1268.2
1274.9
1276.8
1284
1290.4
1288.2
1288.4
1293.9
1291
1295.5
1288.6
1286.9
1280.3
1280.4
1285.8
1287.8
1293.9
1284.1
1286.5
1301.9
1299.4
1303.7
1302.6
1310.2
1302.5
1300.7
1304
1297.9
1306.5
1297.4
1303.4
1300.7
1300
1301
1316.6
1318.9
1311.3
1304.1
1298.2
1294.8
1276.6
1271.4
1281
1238.5
1243.1
1269
1272.3
1276.8
1271.7
1285.2
1292.3
1298.3
1303.5
1312.7
1310.9
1316.4
1314.9
1312.1
1305.7
1304.6
1302.2
1305
1301.5
1309.2
1309.4
1315.7
1320.6
1324.2
1330.9
1321.1
1325.7
1339.6
1326.3
1320.9
1322
1317.6
1313
1324.5
1320
1328
1328.9
1324.3
1325
1323.1
1340.4
1335.3
1338.4
1331.9
1333.2
1335.8
1342.4
1341.3
1328.5
1339.5
1332
1334.2
1336.7
1347.4
1352.3
1362.5
1353.5
1357.7
1352.6
1354.2
1344.7
1353.5
1343.3
1348.1
1354.3
1350.1
1353
1359.2
1366.2
1362.8
1369.9
1373.8
1377.3
1373.6
1369.6
1368.7
1368.6
1362.8
1369.8
1373.9
1368.4
1365.2
1377
1384.9
1393.7
1389.3
1393.6
1382.6
1323.5
1334.2
1364.1
1370.8
1349.2
1355.7
1339.6
1341.3
1297.9
1280.9
1270.5
1257.3
1259.3
1287.2
1286.6
1279.7
1259.7
1228.4
1227.1
1218.2
1203.4
1208.2
1191.7
1212.5
1202.7
1187
1202.3
1214.8
1226.3
1211.6
1197.9
1196.8
1152.7
1152.8
1121.6
1131.5
1135.7
1127.9
1149.9
1155.7
1162.8
1164.3
1164.2
1171.7
1151.6
1126.5
1138.3
1141.6
1137.7
1139
1125.8
1126.1
1134.8
1119.2
1127.4
1133.4
1119.5
1124.7
1112.7
1106.4
1098.7
1089.9
1067.2
1061
1078
1086.3
1050.3
1024.3
1041.4
1061.4
1091.4
1091.2
1112.6
1113.6
1135.6
1121.8
1124.9
1131.7
1134.9
1147.5
1152.7
1153.2
1146.7
1136
1144
1141.1
1148.4
1150.9
1167.3
1171.6
1175.1
1171.1
1169.9
1165.7
1167.8
1167.8
1165.3
1164.8
1167.5
1172.2
1173.3
1175
1181.2
1188
1188.4
1190
1182.6
1178.6
1177.4
1181.5
1189.5
1182.2
1187.5
1188.8
1200.5
1203.5
1202.7
1204.2
1204.3
1204.9
1205.6
1204.7
1209
1208.8
1214.8
1212.7
1213.9
1211.8
1211.9
1210.1
1212.9
1224.4
1223.6
1228.4
1239.9
1226.6
1232
1228.9
1217.8
1238.6
1231.2
1234.5
1233.5
1230.4
1238.9
1222.6
1228.3
1238.3
1240.6
1257.5
1256.5
1247
1239.2
1235.4
1240.2
1243.5
1239.1
1236.4
1239.8
1239.1
1245
1244.9
1253.1
1262.5
1254.1
1257.8
1249.3
1250
1251.4
1242.5
1255.2
1247.7
1253.3
1241.8
1247.7
1245.6
1251
1259.6
1262.2
1270.8
1266.8
1258.4
1264.2
1259.3
1254.5
1250
1243
1243.8
1245.3
1239
1234
1233.5
1246.6
1251.2
1257.6
1253.7
1254.7
1249.4
1257.9
1263.5
1259
1254.8
1255.7
1250
1244.5
1253.5
1249.8
1265.7
1268.3
1263.1
1267.8
1267.4
1256.6
1254.4
1251.8
1248.2
1240.7
1247.6
1248.6
1255.9
1254.1
1250.6
1246.7
1249.9
1244.9
1255.8
1255.1
1250.7
1245.3
1251.2
1255.5
1261.8
1259.6
1256.2
1257.8
1261.4
1272.4
1265.1
1274.3
1283.6
1263.6
1259.4
1261.1
1257.2
1262.6
1251.8
1247.8
1243.5
1247.1
1249.6
1254.7
1259
1257.4
1261.9
1265.1
1267.3
1256.8
1256.4
1242.4
1253.3
1255.8
1245.4
1248.6
1248.3
1251.3
1245.7
1262.7
1262.4
1264.8
1273.1
1264.8
1266.1
1264.6
1253
1259.6
1256.7
1256.2
1251.1
1253.6
1247.8
1250.2
1257
1255
1270.1
1271.6
1262.6
1264.6
1262.6
1253.6
1254.1
1258.7
1251.8
1254.9
1257.7
1266.2
1268.4
1272.5
1276.6
1281.2
1277
1276.2
1272.8
1267.3
1271.9
1267
1269.7
1260.7
1263
1268.9
1261.7
1267.6
1266.9
1271.1
1276.2
1280.8
1278.2
1284.5
1276.4
1262.2
1270.4
1275.1
1268
1255.2
1216.9
1213
1238.9
1251.5
1252.8
1242.2
1245.1
1252.6
1244.7
1245.4
1247.3
1244.1
1243.9
1233.7
1229.9
1227.9
1230.4
1242.7
1248.8
1257
1251
1254.2
1247.2
1239.7
1245.1
1243.5
1236.9
1242.4
1245.5
1238.1
1239.6
1234.7
1251.6
1242.1
1248.6
1263.3
1236.9
1222.4
1188.8
1199.1
1213.1
1215.4
1158.1
1148.1
1164.4
1190
1193.6
1213.5
1205.4
1202.6
1194.2
1211.9
1209.3
1196.1
1198.5
1186.8
1200.9
1206.8
1198.9
1211
1215.9
1218
1183.4
1187.1
1178.7
1200.9
1219.3
1216.6
1218.9
1222
1213.8
1211.7
1204.3
1174.7
1165.2
1169.3
1187.3
1200.2
1202.4
1190.5
1179.7
1194.5
1191.5
1195.9
1197.9
1198.9
1163.8
1123.1
1112.7
1086
1144.1
1156.5
1172.1
1151.7
1149.3
1185
1191.7
1189
1192.1
1190.6
1148.1
1153.7
1176.3
1176.9
1190.5
1180.3
1181.3
1192.9
1192.3
1201.1
1173.7
1190.6
1170.2
1156
1159
1165.7
1175.1
1193.1
1192.6
1180.4
1167.7
1176.7
1109.1
1096.5
1141.9
1172.2
1152.4
1108
1136.3
1155.6
1125.4
1129.2
1128.2
1153.6
1164
1164.7
1168.4
1172
1172.8
1174.4
1173.6
1175.7
1171.6
1171.6
1171.6
1163.1
1163
1150
1149.6
1153.6
1150.6
1150.1
1153
1145.7
1155.5
1157.6
1156.9
1159
1155
1158.2
1149.3
1153.1
1139.1
1133.1
1142.7
1131.6
1132.1
1140.5
1134.9
1140.9
1136.5
1141.1
1141.8
1146.1
1137.7
1134.7
1126.7
1125.2
1124.9
1119.2
1115.4
1105.8
1119.6
1123
1129
1129.1
1128.6
1126.2
1130
1130.1
1129.3
1118.6
1114.3
1118.6
1119.9
1105.9
1110.5
1105.8
1106.4
1112.5
1113.4
1113.5
1114.1
1116.7
1117.4
1119.9
1107.4
1105.6
1100.6
1095.9
1104
1096
1095.1
1088.5
1099.6
1106.6
1099
1109.9
1103.8
1109.5
1105.5
1100.6
1091.3
1094.3
1093.2
1088.3
1081.2
1092.2
1085.9
1087.1
1095.1
1092.6
1097
1101.7
1095.1
1093
1088.2
1087.1
1083
1076.8
1083.3
1081.4
1079.1
1080.2
1080.9
1084.7
1089.2
1089.8
1088.6
1084.6
1091.5
1079.1
1081.9
1073.3
1075.1
1079.5
1071
1066.1
1070.6
1067.9
1072.6
1074.2
1082.4
1077.1
1068.6
1077.6
1079.5
1073.6
1064.8
1068.2
1063.9
1066
1054.1
1061.5
1064
1060.2
1063.7
1062.7
1068.9
1072.4
1065.6
1067.4
1062.2
1062
1055.4
1049
1047
1058.8
1052.2
1049.4
1044.9
1050.8
1048.5
1055.7
1057.3
1054.3
1053.5
1054.6
1048
1051.8
1046
1042.1
1045.6
1046
1039
1043.9
1045.5
1043.1
1047.7
1051
1050.9
1050.5
1050.7
1051.1
1047.3
1038.2
1038.8
1034.7
1038.2
1040.3
1023.4
1031.1
1030.8
1032.4
1035.5
1040.2
1035.4
1043.8
1039.9
1039.8
1035.1
1034.9
1029.5
1027.3
1020.8
1028
1029.1
1022
1031.7
1034.4
1030.7
1031.3
1038.9
1037.7
1029.6
1026
1018.2
1026.6
1023.5
1024.3
1019.8
1016.9
1022.1
1023.9
1021.9
1025.1
1030
1037.3
1033.3
1026.1
1031.3
1024
1022.5
1015.2
1018.7
1011.8
1014
1011.9
1009.5
1016.5
1016.6
1019.8
1017.2
1017.8
1021.5
1013.4
1015.5
1004.8
1008.4
1007.4
1013.5
1022
1015.2
1016.6
1024.9
1022.5
1025.1
1032.4
1031.2
1035.2
1036
1042.2
1031.3
1033.4
1033.7
1031.8
1033.8
1036.2
1037.5
1045.1
1050
1050
1060.5
1055.2
1056
1056.8
1065.6
1059
1053
1050.6
1047.3
1046.7
1053
1049.3
1057.3
1065
1063.2
1064.5
1068
1072.4
1073.1
1065.3
1072.5
1067.2
1063.8
1064.6
1063
1067.8
1063
1067.5
1069.5
1079.1
1083
1081.3
1081.9
1088.8
1083.8
1079.7
1076.8
1073.8
1083.3
1074.2
1080.4
1075.5
1089.3
1087.8
1091.9
1095.6
1097.7
1106.1
1106
1107.6
1102.6
1100.4
1102.6
1101.6
1099.8
1097.3
1099.9
1105.1
1107.8
1115.6
1118.6
1127.3
1122.3
1126.9
1125
1111.9
1115.1
1111.8
1112.9
1114
1121.5
1115.9
1125.7
1128.2
1132.1
1129.9
1141.2
1137.4
1128.3
1133
1126.8
1126.2
1127.3
1116.8
1125.5
1127.8
1126.6
1133.1
1133.4
1131.6
1136.6
1140.4
1141.4
1142.3
1143.8
1142.3
1135.9
1133.7
1132
1131.3
1140.3
1140.1
1147.4
1136.3
1151.6
1149.7
1150.8
1149.2
1146.6
1146.6
1139
1148.3
1151.8
1146.9
1162.1
1168.8
1179.8
1189.8
1197.7
1202
1197.4
1189.7
1188.3
1174.7
1179.5
1183.8
1181
1171.5
1188
1171.6
1175.9
1179.8
1187.2
1189.3
1183.1
1191.7
1194.3
1198.1
1202.4
1190.2
1174
1186.2
1172.9
1180.6
1191.9
1186.2
1192.6
1194.6
1205.9
1212.3
1230.3
1229.7
1244.9
1246.6
1252.9
1239.7
1236.8
1237.4
1241.7
1249
1246.9
1248
1259.4
1249.4
1260.8
1262.6
1259.6
1270.8
1276.6
1267.8
1263.6
1260.2
1254.8
1261
1268.3
1272.9
1288
1287.6
1285.9
1295.6
1288.4
1298.9
1294.9
1293.5
1294.4
1289
1302.6
1300.7
1299.1
1302.2
1301.6
1308.9
1321.6
1315.5
1320.7
1327.9
1329.5
1326.2
1311.1
1322.5
1320.7
1321.8
1330.3
1325.6
1333
1330
1333.7
1332.6
1332.4
1348.5
1343.4
1347.3
1349.1
1345.2
1342.5
1340.3
1338.2
1342.3
1342.9
1341.5
1339.1
1348.6
1362.4
1369.8
1359.3
1362.1
1357.9
1361
1352.7
1362.3
1365.1
1358.7
1363.9
1366.1
1369.7
1380
1381.4
1385.4
1378.8
1375.3
1386.2
1394.2
1384.8
1394.5
1390.6
1390.7
1385.2
1393.4
1390.3
1393.2
1400.6
1399.3
1408
1402
1390.9
1408.5
1394.3
1391.3
1383.8
1399
1390.5
1393.6
1403
1396.7
1397.1
1397
1404.4
1418.2
1421.1
1424.5
1426.9
1429.2
1428.2
1429.6
1426.5
1438
1435.4
1440.7
1445
1442.8
1447.9
1450.7
1449.3
1452.6
1449.7
1458.9
1456.4
1458.1
1453.2
1457.9
1449.6
1448
1446.5
1454.6
1414.6
1420.4
1439.2
1453.8
1468.4
1458.1
1456.2
1453.8
1441.9
1446.4
1447.9
1435.6
1433.7
1443.9
1440.1
1433.9
1430.7
1442.1
1442.8
1442.2
1436.5
1451.3
1449.3
1441.8
1439.5
1438.5
1432.1
1431.4
1439.3
1433.8
1429.1
1423
1435.8
1431.3
1436.8
1440.2
1446.5
1447.8
1447
1443.1
1440.4
1438.7
1438.7
1440.7
1433.1
1440.6
1420.3
1427
1426.8
1427.8
1421.5
1436.8
1435.4
1436.7
1435.8
1436.4
1440.8
1454.5
1469.2
1475.6
1469.4
1475.9
1471.1
1484.2
1480.6
1465.4
1467.7
1466.5
1473.7
1464.5
1458.7
1449.5
1459.5
1465.9
1455.7
1455.3
1462.2
1463.9
1479
1481.6
1494.6
1487.8
1492.9
1482.1
1485.3
1483.5
1487
1483.4
1482.5
1494.1
1486.6
1491.2
1488.4
1502.8
1501.7
1501.9
1506.1
1510.9
1495
1503.9
1501.4
1504.7
1503.4
1502
1501.7
1502.5
1509.7
1510.9
1515.8
1525.1
1524.2
1520.7
1529.7
1537
1524.4
1524.1
1540.3
1538.8
1532.3
1539.2
1535.3
1534.9
1535.4
1544.8
1543.2
1546.4
1544.3
1552.6
1556.2
1549.3
1554.2
1554.2
1548.5
1530
1510.1
1485.2
1515.8
1503.2
1492.8
1514.1
1521.3
1526.8
1529
1532
1531.4
1535.5
1527.7
1522.2
1522.6
1531.3
1533.8
1529.4
1540
1538.4
1551.5
1548.8
1548.2
1544.1
1537.7
1528.5
1533.3
1540.1
1539.5
1551
1542.2
1550.4
1560.7
1559.3
1565.2
1564.8
1549.6
1556.3
1569.1
1545.1
1526.5
1528.4
1543
1546.1
1541.2
1540.1
1536.2
1538.9
1535.3
1537.6
1539.7
1545.9
1544.3
1537.9
1548.6
1548.8
1534.9
1535.1
1524.1
1530.7
1535.7
1533.6
1532.5
1538.8
1536
1540.9
1534.6
1547.3
1541.7
1549.5
1539
1539.5
1526.9
1532.3
1529.2
1531.2
1530.1
1527.1
1533.2
1546.1
1541.5
1539.3
1550.8
1534
1539.9
1545.4
1540.9
1525.1
1535.6
1517
1534.2
1533.9
1542.6
1526.5
1526.5
1533.1
1532.6
1543.8
1533.6
1533.2
1522.5
1526.1
1523.9
1525.9
1523.5
1518.5
1518.3
1524.7
1525.9
1535.9
1535.4
1535.1
1536.4
1538.6
1537.6
1525.2
1530.6
1521.7
1520.9
1517.8
1512.7
1510.7
1525.6
1525.1
1520.4
1538.7
1528.4
1535.9
1537.3
1541.9
1532.9
1515
1524.7
1522
1518.5
1523.6
1512.7
1523.5
1524.2
1524.3
1521.8
1532.3
1530.3
1530
1529.1
1530
1530.7
1530
1520.2
1523.4
1522.7
1521.1
1519.2
1514
1523.2
1528.8
1529.7
1539.8
1529.7
1534.2
1527.5
1529.9
1509.1
1512.9
1519.2
1526.5
1525.7
1529.8
1524.5
1529.5
1540.9
1562
1571.2
1575.6
1578.8
1587.4
1575.9
1570.7
1572.9
1574.6
1583.9
1573.5
1573.8
1570.5
1578.7
1578.5
1573
1580.3
1585.5
1595.2
1582.8
1587.7
1589.2
1581.9
1578.8
1581.6
1584.9
1579.1
1579.1
1588.5
1589.8
1592.4
1591.3
1591.4
1601.3
1604.9
1605.5
1602.7
1597.4
1600.3
1593.7
1593
1587.6
1586.4
1586.4
1591.3
1597.9
1592.2
1616.7
1617.3
1633.5
1633.9
1635.2
1617.7
1614.4
1602.8
1601.1
1594.8
1609.4
1612.3
1611.7
1620.4
1619.1
1630.3
1636.8
1639.4
1622.7
1628.3
1627.1
1626.2
1625.2
1632.5
1622.4
1631.6
1626.7
1625
1624.7
1629.6
1631.3
1639.3
1652.2
1650
1650.4
1642.3
1646.9
1636.6
1633
1648.1
1647.8
1638.9
1638.8
1641.7
1643.9
1648.5
1642.9
1647.7
1648.8
1645.2
1644.5
1654.5
1642.3
1640.5
1632.5
1651.4
1651
1651.4
1657.6
1674.7
1674.8
1677.8
1682
1682.8
1672.4
1676.6
1663.7
1662
1674.4
1670.1
1669.7
1667.8
1671.2
1662.5
1666
1663
1663.7
1665.3
1662.3
1670.2
1676.6
1668.3
1667.4
1660.8
1659.4
1663.6
1668.1
1663.4
1652.8
1666.7
1662.5
1674.1
1668.1
1667.4
1660.5
1669.1
1668.4
1674.5
1658.4
1671.9
1666
1658.6
1656.1
1656.9
1666.6
1671.4
1684.3
1682.9
1675.7
1677.6
1672.9
1664.8
1669.5
1662.8
1674.8
1671.8
1667
1675.7
1681.2
1678.3
1694.8
1691.3
1696
1690.8
1688.4
1684.2
1682.6
1684.6
1669.7
1676
1671.9
1678.1
1676.5
1681.1
1692.6
1687.9
1698.2
1702.6
1704.8
1705.8
1702.1
1688.6
1691.9
1696.7
1686.3
1688
1683.9
1690.7
1686.5
1699.9
1707.2
1722.4
1724.3
1714.2
1715.7
1704.1
1707.7
1707.8
1699.8
1698.8
1700.5
1698.7
1688.9
1697.9
1705.4
1724.7
1731.5
1735.7
1739.9
1758.7
1752.8
1740.9
1725.3
1736.2
1738.5
1742.9
1740.8
1740.1
1737.1
1751.3
1740.4
1750.9
1751.7
1741.9
1751.1
1745.4
1751
1729.6
1732.5
1739.8
1741.2
1733
1727.9
1734.2
1740.1
1750.5
1761.1
1756.8
1753.9
1767.8
1752.8
1747.8
1743
1744.8
1738.7
1743.4
1760.1
1750.6
1754.9
1746.9
1755.9
1756.5
1761.9
1768.6
1765.9
1754.2
1767.7
1750.8
1761
1758.1
1770.6
1767.5
1759.5
1750
1763.6
1748.3
1755.4
1762.9
1769.4
1774.5
1771.7
1768.1
1773.1
1768
1761.8
1759.5
1754.9
1751
1749.1
1739.7
1753
1760.6
1771.7
1785.4
1778.5
1770.4
1770.4
1768.2
1765.3
1758.9
1762.7
1758.8
1764.5
1753.5
1766.6
1764
1756.8
1755.8
1767.3
1767.9
1770.7
1769.3
1779.5
1777.3
1770.7
1759.5
1766.8
1772.1
1771.5
1773.1
1764.2
1764.4
1768.1
1776.7
1777.9
1778
1783.2
1784.7
1786.6
1774.8
1775.7
1778.7
1779.7
1779.7
1779.7
1774.2
1783
1780.5
1784.4
1778
1787.8
1795.1
1789.6
1791.1
1782.7
1791.6
1793.3
1784.5
1785.3
1782.7
1783.3
1780.4
1787.4
1790.1
1783.8
1795.9
1787.5
1788.2
1800.9
1794.4
1801.5
1791.8
1788.6
1795.9
1798.1
1792.4
1791.6
1797.2
1798.7
1810.9
1806.9
1807.8
1812.9
1805
1801.6
1799.9
1790.6
1800.7
1796
1797.8
1797.4
1797.2
1807.1
1807.5
1804.9
1804
1814.8
1818.3
1809.6
1809.8
1806.1
1813.8
1802.2
1806.3
1815.2
1810.2
1819.3
1815.6
1814.5
1812
1815.2
1827
1827.6
1822.6
1810.1
1808
1804.5
1791.9
1816.2
1808.5
1817.1
1821.5
1821.7
1816.7
1821.6
1819.5
1806.4
1823.9
1824.6
1818.9
1768.6
1781.5
1793
1800.7
1802.6
1802.9
1804.8
1807.1
1796.6
1802
1795.6
1793.8
1796.4
1788
1789
1783.9
1765.7
1759.6
1756.3
1762.8
1759.3
1761.1
1761.2
1762.2
1757.7
1754.9
1764.4
1760.6
1759.1
1750.7
1756.6
1748.3
1742.7
1742.9
1740.4
1735.5
1744.9
1739.3
1731.8
1746.8
1739.6
1742.3
1742.8
1729.5
1721.5
1730.8
1730.3
1722.6
1724.6
1721.9
1714.7
1707.4
1694.5
1693.4
1700.8
1698
1713.7
1704.4
1723.4
1702
1693.1
1701
1693.5
1691.8
1692.1
1679.3
1692.8
1695.1
1695.4
1699.5
1689
1689.7
1665.4
1661.8
1686.5
1680.5
1682.3
1686.7
1683.4
1677
1667.6
1673.6
1662.5
1666.8
1666.9
1668.6
1668.6
1677
1653.5
1660.8
1663.5
1656.6
1647.4
1641
1640.4
1636.4
1643.3
1630.4
1626.5
1637.1
1636.3
1649.5
1632
1628.7
1624.9
1621.9
1612.9
1572.8
1564.7
1587.4
1584.8
1584.8
1593.6
1609.1
1620.1
1625.7
1632.3
1635.7
1643.8
1647.5
1641.1
1644.8
1639.2
1638.9
1648.4
1644.1
1641.5
1636
1656.4
1650.8
1643.7
1654.1
1635.9
1640.8
1640.5
1631.5
1631
1624
1617.7
1626.5
1626.6
1633.9
1637.8
1629.9
1637.4
1635.7
1631.8
1630.3
1621.4
1624.9
1614.5
1605.5
1612.1
1620.7
1626.1
1631.5
1621.3
1622
1607.3
1616.4
1620.6
1625.2
1618.7
1610.6
1602.9
1597.7
1594.4
1597.2
1594.9
1591.9
1587.9
1591.1
1586.5
1592.6
1590.5
1595.9
1607.9
1615.7
1609.9
1607.2
1601.2
1602.5
1587.5
1580.3
1576.3
1578.6
1584.2
1600.5
1600.1
1602.2
1596.1
1587.4
1592.5
1594.8
1573.2
1600.1
1588.8
1575.4
1569.8
1570.5
1564.9
1583
1577.4
1573.4
1569.3
1574.5
1578.4
1581
1584.2
1580.5
1585.8
1577.6
1571.3
1572.7
1572
1573.9
1570.3
1573.5
1566.7
1572.8
1579.1
1577.8
1574.5
1574.7
1573.9
1579.4
1565.3
1567.9
1555.1
1562.2
1564.7
1573.2
1569.3
1565.3
1565
1590
1571.4
1580
1578.4
1580.7
1581.6
1576.6
1582.2
1583.7
1590.5
1580.7
1577.4
1577.9
1572.5
1581.1
1574.5
1568.3
1573.9
1576
1573.6
1575.2
1573.5
1573
1577
1567.2
1569.4
1564.1
1564.2
1568.8
1568.6
1563.6
1564.7
1570.1
1571.5
1566.9
1572.2
1566.8
1575.5
1561
1556.4
1566.1
1563.5
1570.1
1571.6
1574.7
1569
1576.2
1581.2
1578.4
1570.9
1568.7
1564.5
1553.6
1547
1560.9
1556.1
1550.6
1557.4
1557.2
1552.3
1559
1556.8
1575.5
1568.2
1574.4
1571.9
1569
1562.3
1555.5
1557.7
1549
1553.5
1560
1555.8
1556.3
1550.7
1540.1
1562.6
1559.5
1557.4
1563.3
1555.2
1554.1
1552.7
1550.7
1545.2
1550.7
1537
1551.9
1543.9
1545.2
1553.2
1544.9
1552
1546
1547
1546.7
1541
1530.8
1539.1
1532
1542.5
1543
1550.4
1539.1
1535.2
1552.5
1550.7
1546.2
1551.7
1550.7
1544.1
1541.5
1535.3
1530.8
1540.6
1525.9
1526.8
1533
1531.2
1534.7
1535.5
1548.6
1533.1
1551.7
1538.4
1538
1527
1535.6
1535.2
1525
1530.4
1536.4
1528
1534
1531.2
1547
1550.1
1546.1
1548.6
1536.9
1533.7
1528.5
1526.2
1527.5
1530.2
1524
1521.4
1513.1
1530.9
1529.1
1530.2
1536.9
1530
1527.4
1529.6
1527.4
1534.7
1528.5
1525.4
1527.3
1508.9
1522.9
1521
1514.4
1524.7
1528
1543.9
1533.3
1544.3
1539.1
1536.5
1529.9
1535.1
1533
1526.8
1518.9
1519.9
1517
1519.6
1524.1
1520.4
1512.8
1526.1
1516.6
1520.5
1516
1523
1519.5
1518.3
1508.4
1498.8
1504.6
1507.3
1510.6
1516.5
1510.7
1512.7
1506.7
1511.3
1513.7
1514.3
1512.1
1508.1
1503.6
1502.1
1496.8
1512.8
1505
1500.9
1499.8
1499
1504.7
1497.7
1499.3
1495
1438.6
1430.7
1431.1
1433.7
1431.3
1419.4
1405.3
1406.9
1397.2
1398.7
1409.5
1416.2
1412.1
1399.2
1405.1
1392
1381.2
1373.8
1378.4
1386.3
1372.9
1373.4
1361
1368.3
1376.7
1375.9
1371.6
1382.5
1375.6
1377.9
1370.6
1373.5
1373.8
1373.5
1364.1
1376.5
1367.9
1367.2
1366.9
1371.7
1378.1
1373.5
1378.2
1376.3
1383.2
1377.9
1370.7
1376.3
1375.4
1373.9
1370
1370.4
1372.8
1376.2
1377.6
1388.3
1371.6
1380.2
1381.5
1371.9
1371.7
1371.3
1367
1372
1371.2
1370.3
1361.2
1359.5
1361.2
1377.1
1374.7
1374.3
1382.7
1374.3
1374.5
1368.2
1371.4
1377.2
1369.9
1369.6
1364.7
1368
1351.2
1308.1
1303.7
1312.9
1286.6
1268.3
1265.1
1251.2
1220.9
1199.7
1178.6
1162.8
1153.3
1144.4
1141.7
1129.9
1127
1128.8
1126.6
1125.7
1128.8
1118.9
1114.4
1120.7
1117.6
1105.6
1105.1
1100.4
1095.8
1097.5
1099.2
1099
1099.4
1104.6
1103.4
1105.5
1100.6
1106.3
1099.7
1094.3
1095.1
1093.8
1083.7
1090.4
1098
1093.3
1106.6
1099.6
1090.1
1103
1108.9
1101.3
1103.7
1097.1
1099.4
1091.2
1088.4
1096.8
1088.3
1091.8
1088.9
1098.3
1095.4
1099.6
1108.4
1101.4
1100.9
1102
1093.9
1099.1
1095.7
1092.2
1076.2
1092.4
1088
1082.9
1094.7
1092.8
1095
1100.7
1108.7
1094.9
1090.5
1089.7
1086.6
1088.1
1087.6
1085.5
1087.1
1079
1089.7
1084.4
1092.4
1086.8
1090.8
1087
1086.8
1089.3
1090.7
1077.9
1078.8
1073.2
1075.8
1077.7
1074
1079.6
1073
1083.5
1085.8
1080.6
1085.2
1084.6
1078.1
1076.4
1073.8
1073.2
1077
1070.5
1072.1
1071
1073.7
1082.7
1077.2
1080.9
1080.6
1080.3
1078.8
1074.4
1068.3
1071.2
1069.3
1072.2
1067
1070.5
1065.6
1059.4
1064.7
1073.7
1074.2
1074.8
1076.4
1067.8
1068.2
1069.6
1062.9
1062.3
1067.3
1062.7
1067.3
1065.9
1068.6
1068.5
1068.2
1073.7
1071
1067.8
1065.6
1062
1061.8
1058.2
1056.2
1056.1
1053.9
1051.8
1051.2
1056.5
1061.9
1063.7
1069.4
1063.1
1066.2
1055.8
