524.3
535.1
538.1
535.6
537.1
541.2
540.7
547.4
532.6
560.2
537.2
546.9
539.8
540.7
537.5
540.4
554.6
559.6
560
569.8
574.4
577.3
582
571.6
590.4
596.7
597.7
577
597.8
604.2
600.6
600.5
597.8
603.9
613.3
622
631.1
630.7
637.2
641.6
634.4
621.9
616.7
609.9
614.8
617.5
616.4
625.2
628.7
641.4
652.4
653.1
650.6
660.9
660.3
659.9
656.4
647.6
643.9
651.1
652.5
653.6
653.8
663.4
659.7
662.1
660.5
670.8
662.9
665.9
658.2
658.8
657.9
655.8
661.6
662.1
661.6
678.3
668.3
677.7
673
677.2
679.8
684.4
675.8
680.3
686.3
689.5
688.5
686.3
683
685.6
685.9
687.3
687.9
687.9
687.4
693.5
696.5
703.6
703.6
707.9
704.4
711.8
718.6
715.7
711.8
707.1
704.6
707.5
706.9
705.6
706.8
708.5
711.5
707.9
709
713.4
696.4
708.4
708.7
720.5
723.3
727.5
729.3
724.5
737.4
742.7
748
736.3
735.5
732.8
718.8
723.4
722.6
731.1
746.1
757.4
773.7
783.4
787.8
781.8
790.4
787.3
784.2
786.6
777.1
777.5
790.5
793
792.3
794
796
804.6
795.5
803.8
816.6
814
813.8
813.2
813.2
807.4
810.3
808.9
808.2
810.5
808.5
816.2
822.9
825.6
819.9
823.4
834.8
840.3
837.2
833.2
836
832.8
825.4
834.4
838.5
844.9
834.9
846.7
859.1
852.3
853.4
856.1
851.9
855.5
849.5
848.3
844.2
854.9
851.7
856.3
857.1
855.3
850.5
853.7
856.6
864
870.8
872.7
874.2
869.5
873.3
861.9
868.7
867.9
873.4
871.8
877.4
872.5
882.4
885.6
886
890.2
885.4
884.2
885.2
889.5
884.7
888.4
886.7
888.8
897
888.5
900.9
898.5
904.6
904.5
904.9
912.6
896.7
892.5
891.5
892.4
883.7
884.5
869.6
873.2
872.4
878.2
884.1
885.6
898.4
898.9
892
896.3
892.8
901.6
901.9
889.4
882.3
893.4
887.2
896.4
902.1
906.8
907.2
904.5
916.1
925.1
921.8
918.7
915.3
920.1
920.7
915.8
912.6
912.3
908.1
910.9
909.5
913.8
909.5
917.7
925.3
932.8
935.9
939.4
940.3
940.7
930.7
923
928
922.9
921.7
924.2
927.3
936.4
940.3
935.9
947.9
954.8
951.3
943.1
945.1
944.8
928
892.7
905.2
890.3
888.9
908.9
919.4
928.3
931.1
934.5
934.1
929
932.1
933.9
932
931.5
927.6
919
914.8
905.8
909.6
905.4
909.6
907.6
908.3
911.3
911.1
908.8
909
911.6
911.9
905.9
907
890.1
890.3
892.2
899.3
903.8
907.3
905.4
906
902.5
900
910.8
906.7
893.3
902.5
901.1
899.4
891.9
900.2
902.4
912.9
915
910.2
903
902.1
900.9
907
912
911.2
909.7
914
902.3
907.7
905.1
901.2
893
905.6
912.2
915.5
915.8
916.7
921
920.9
918.7
922.9
928.5
933.7
927.8
927.5
967.5
966.4
938.8
942
936.5
941.7
932.9
929.4
927.5
929
922.4
927.4
913.2
920.9
915.4
912.9
903.2
909.4
911
910.1
914.9
915.9
914.2
921.5
910.3
907.4
905.7
906.4
906.1
904.1
900.2
898.6
895.1
894.1
902.9
902.1
899.6
903.9
902.8
899.5
898
898.6
892.2
891.6
892.2
886
886.7
889.3
882.7
892.9
890.9
899.5
900.3
894.3
892.7
881.1
886.1
875.7
885.9
880
874.1
875
867.9
875.7
880.9
874.9
883.9
890.7
882.8
883.2
874.5
876.6
875.2
868.1
861.7
864.5
863.3
859.3
874.1
873.2
870.6
877.2
875
877.8
878.7
872.4
882.8
871.8
868.9
859.8
864.1
859.5
858.7
860.3
860.3
865.9
869.5
872.1
868.9
864.9
878.5
863.9
861.2
858
845.2
860.8
868.5
880.4
886.2
887.3
892.2
872.6
893.9
881
881.4
883.7
873.8
860.7
870.2
861.6
864.1
858.3
860.9
867.1
862.8
872.6
878.7
881.5
882.2
885.7
882.2
884.8
892.5
883.4
870.9
876.1
881
888.6
895.3
892.5
896.6
911.5
917.6
921.9
920
919.2
905.6
904.2
907.3
911.8
908
904.4
909.9
920.7
918
925.9
923.9
932.2
936.4
930.6
921.8
920.9
919.5
920
921.3
918.5
923.8
924.8
934.3
931.7
934.6
939
939.7
937.9
942.3
953.8
952.4
947.4
948.9
949.6
934.8
932.6
935.4
941.8
940.4
935.7
947.4
952.1
956.2
953.6
950
952
951.3
948.6
945.1
947.4
953
950.8
943.6
952.1
957
960
963.5
961.3
967.8
960.3
965.6
955.6
949.1
954.7
952.9
953.8
947.5
955.6
954.2
964.4
962.5
971.6
970.1
972.1
976.4
975.6
979.8
981.5
978
963.9
967
967.5
964.7
956.7
968
967.4
976.4
986.6
992.5
985.4
990.8
994.3
986.5
976.6
980.4
980.8
976.6
975.7
982.2
984.7
992.5
1003.5
1000.2
993.2
994.5
991
995.5
973.7
982
980.3
977.6
973
959.5
958.7
959.7
956.7
972.2
977.6
983.9
985.7
972
972.8
969.4
977.2
965.9
963.1
962.6
973.2
976
983.6
985.2
988.8
998.1
1000.6
998.4
1009.8
1011.4
1007
998.4
995
995
995
985.7
998.9
997.4
993.8
1015.3
1010.2
1005.7
1007.6
1013.4
1002.6
1003.7
995.8
1002.2
1005.5
991.2
995.8
997.9
1005.9
1009.9
1009
1003.5
1009.5
1018.9
1018.2
1014.3
1010.9
1024.6
1008.9
1015.6
1017.4
1013.8
1009
1006.9
1024.7
1027.9
1029.3
1028.4
1029.7
1021
1033.8
1027.2
1034
1024.3
1021.2
1015.9
1013.9
1014.9
1022.8
1020.8
1032.2
1027.1
1030.5
1031.3
1037.5
1043
1026.8
1031.3
1035.6
1028.2
1035.7
1028.4
1037.8
1039.9
1037.3
1038.1
1049.3
1050
1051.8
1043.6
1040.7
1039.5
1038.6
1037.8
1028.1
1037
1028.3
1037.4
1043.6
1049.1
1047.9
1057.7
1049.4
1055.5
1057.3
1058.2
1064.8
1057.4
1063.4
1058.5
1071.6
1066.9
1070.9
1080.2
1055.5
1057.8
1064.4
1067.8
1064.6
1066.4
1066.6
1068.4
1064
1064.4
1068.4
1076.6
1068.1
1073.1
1073.4
1076.2
1083.7
1090.7
1088.8
1089.4
1086
1095.9
1099.2
1093.2
1089
1084
1084.9
1079.2
1087.1
1084.1
1090
1096.7
1096.5
1110.8
1102.9
1094.7
1100.6
1099.3
1097.4
1087.9
1087.2
1088.8
1089.9
1098.6
1083.3
1085.5
1096.2
1101.4
1103.5
1098.1
1103.3
1103
1094.8
1104.4
1104.2
1098.9
1099.1
1109.3
1118.7
1115.5
1103.9
1115.9
1105.2
1096.5
1101.8
1087.5
1105.1
1100.2
1101.4
1107.7
1098.3
1097
1096.3
1094
1102.3
1107.5
1108.9
1113.6
1116.5
1127.9
1131.8
1119.3
1119.9
1111.3
1107.7
1112.4
1109.8
1103.7
1104
1103.5
1109.1
1111.8
1109.5
1118.3
1122.2
1118.1
1108.8
1122.3
1123.7
1119.1
1119.8
1126.4
1133.8
1121.4
1126.8
1129.5
1131
1141.5
1140.2
1145.3
1136.2
1133.6
1136.5
1141.7
1131.4
1133.5
1124.8
1120.9
1132.6
1130.4
1134.7
1128.5
1132.7
1136.9
1141.7
1141.6
1137.6
1141.8
1144.3
1145.3
1138
1134.7
1138.8
1132.8
1129.8
1132.8
1131.7
1142
1142.4
1145.3
1151.6
1148
1143.7
1145.1
1145.1
1143.3
1138.4
1139.2
1139.4
1130.4
1138.8
1133.2
1137.6
1145.4
1154.2
1160.6
1159.2
1159
1159.7
1151.8
1141.6
1147.8
1151.9
1147.1
1154.2
1145
1150.8
1162
1167.8
1171.6
1175.6
1173.8
1173.2
1172.4
1174.8
1172.5
1160
1166
1156.7
1145.9
1164
1166.8
1175.8
1165.6
1170.4
1166.8
1180.6
1169.4
1171.8
1171.8
1179.2
1167.8
1174.7
1175.7
1177.1
1170.9
1178.7
1177.9
1177.9
1177.1
1180.5
1193.1
1181
1174.4
1168.5
1183.3
1185.6
1170
1166.1
1172.1
1160.2
1151.5
1149.7
1137.9
1119.4
1108
1113.4
1110.6
1093.1
1067.9
1059.7
1055.5
1052.5
1034.3
1022.6
1019.3
1011.6
1009.7
1010.1
1007.4
1010.9
1013.9
1018.1
1002.4
1008
1004.3
992
989.8
991
989.2
990.4
984.8
987.5
982.7
998.9
998.9
1002.4
1006.5
994.5
989.1
1006.1
1003
1006.4
1001.2
986.1
990.9
993.3
1001.6
1017.1
1025.7
1036.8
1032.9
1028.1
1020.2
1007.7
1009
1015.7
1011.7
1018
1027.3
1027.5
1018
1024.2
1019.6
1018.1
1027.5
1030.8
1028.1
1022
1026.5
1023.6
1019.2
1008.2
1016.7
1020.7
1007.8
1013.6
1016.3
1011.6
1021.5
1014.9
1026.5
1024.7
1023.4
1022.8
1023.8
1023.5
1010.6
1009.4
1012.6
1014.3
1004.5
1008.9
1010.7
1009.1
1020.4
1016.3
1015.4
1020.7
1013.9
1010.9
1025.1
1007.4
993.8
1001.1
1004.5
1004.7
1005.5
1000.5
1002.2
1005.1
1010.3
1005.2
1008.6
1008.3
1003.7
1008.8
998.6
997.1
1004.3
1001
996.3
992.4
996.4
1001.3
1006.6
1000.1
1002.2
1005.5
1003.3
1000.7
994.8
986.3
990
989.4
992.8
990
988.3
998
987.8
999.8
990.7
995.4
989.2
995.2
999
993.4
980.7
989.7
984.8
983.1
983.5
977.3
975.7
987
985
988.2
997.7
996.9
991.5
992
987.1
976.1
984.4
976.3
974.9
977.1
978.1
977.4
980
975.8
981
984.1
985.4
986.7
981
984.2
980.4
976.7
979.7
977.8
974.6
977.3
965.1
980.7
979.9
980.7
981.3
982.6
975.4
980.5
978.4
980.7
969.9
979.3
979.4
974.3
967.2
978
970.1
966.5
980.4
979.5
979.7
981.1
978.9
976.7
975.3
964.1
969.3
966.1
963.8
968.7
967.4
970.7
970.4
971.2
977.5
972.4
980.1
974
974.8
960.8
974.6
966.1
968.6
968.6
959.1
968.9
969.9
964.4
967
978.5
968.2
968.3
975.6
971.2
972.7
968.8
972.3
951.7
959.8
967.6
966.1
968.9
970.7
975.9
979.2
967.9
977.2
969.8
970
967.2
970.2
957.2
962.9
963.6
965.6
960.1
956.8
966.1
969.9
967.8
971.6
967.9
964.2
963.3
962.1
958.4
953.8
961.3
951.7
950
956.4
954.5
958.6
952.1
960.4
952.4
967.3
954.9
954.7
960.2
950.3
949
950.6
952.1
950.7
956.3
959.4
955.7
956.2
966
962.7
961.5
958
953.9
954.8
948.6
950.5
946.6
948.1
940.9
941.3
943.8
951.9
946.9
953.7
952.7
956.6
964.8
951
950.8
952
951.6
947.3
947
944.3
944.7
938.5
941
950.7
954.9
953
953.7
952.3
946.1
950.2
940.2
941.6
928.4
947.9
940.8
941.4
939.7
933.7
938.2
942.6
943.5
944.6
934.7
939.3
944.5
928
933.3
932.2
928
930
932.5
931.6
934.4
931.5
938.9
935.3
943.6
940.8
945.2
935.8
936.7
929.6
933.8
923
925.3
924
926
936.3
924.3
932.2
936
929.3
940.1
936.9
927.2
931.7
929.6
926.9
917.9
924
923.6
916.1
926.8
920.4
924.3
926.7
927.8
931.1
936.1
931.9
928.5
927.7
928.8
927.5
921.6
923.3
917.1
922.8
916.8
915.1
925.5
935.2
928.2
931.4
927.6
921.2
919.2
921.2
915.6
913.2
916
913.8
907.4
925.7
917.6
914.5
927.7
924.9
921.5
925.2
910.2
921.2
918
912.5
914.1
908.4
903.2
914.1
906.9
921.3
919.9
923.4
927.8
916.1
916.3
920.8
907.8
913.5
907.4
910.4
905.4
906.6
913.7
912.5
912.6
914.7
916.3
916.6
912.9
920.8
913.2
913.8
911.9
901.7
908
905.1
905.9
906.8
902.1
894.3
912.6
916.5
915
917.2
909.7
911.3
903.5
897.3
900.8
901.8
895.5
896.9
895.7
896.7
905.8
905.2
908.9
911.9
917
910.1
905.7
903.7
905.3
903.5
903.7
901.1
898.9
897.4
890
898.8
903
898
904.7
904.4
902.1
911.3
906.2
898.9
896.1
893.2
892.3
899.3
898
894.2
894.8
897.2
893.9
907.4
889.2
903.2
906.7
898.3
896.5
892.2
898.1
888.4
883.3
884.2
887
887.9
906.1
895.4
899.5
901.9
894.5
894.3
891
893.4
881
886
885.8
878.8
880.7
881.8
890.4
879.3
886.3
889
894.5
896.8
895.8
885.6
888.1
890.9
876.4
878.7
882.2
878.3
876.8
879
884
888.3
884.8
886.8
891.1
889.2
889.2
878.2
880.1
879.2
874.8
876.8
877.2
873.3
866.7
871.8
875.4
878.3
878.5
882.2
883.6
881.4
891.6
887.5
874.7
874
873.2
880.1
861
868.1
881
870.5
874.6
884.5
889.3
893
896.6
895.9
898.7
889.9
891.4
889
892.5
895.7
893.9
906.5
902.2
911.2
909
917.7
914.5
917.3
921.1
922.1
919.5
916.8
911.9
911.4
913
915.1
922.5
919.3
922.7
928.4
933.7
939.9
939
940
939.8
938.3
936.8
935.4
934.4
949.2
953
939.9
941.5
934
948.2
952.6
957.5
951.6
966.5
957.2
962.2
966.4
963.5
959.8
956.3
964.7
960.2
967.9
968.6
968.2
977.9
978.5
986.5
979.3
982.4
982.6
975.5
972.4
980.5
976.7
981.8
986.6
981.9
991.1
991.4
996.7
1000.9
987.9
998.8
996.1
996.7
987.4
983.1
983.9
985.8
995.2
991
995
995.7
999.4
1000.6
1003.3
1015.4
1000
1011.3
1007.7
1014.3
1004.5
1006.9
1005
1015.5
1017.5
1020
1026.8
1019.6
1027.9
1025.9
1025.4
1034.9
1027.1
1027.9
1017.9
1034.4
1033.5
1029.7
1035.1
1040.3
1041.4
1029.9
1029.7
1034.8
1042.8
1037.4
1022.1
1039.4
1047.8
1043.1
1035
1032.3
1038.9
1033.6
1048.8
1044.1
1048.4
1047.4
1053
1053.2
1054.2
1052.7
1062.1
1052.3
1052.9
1049.8
1052.5
1050
1048.6
1054.4
1046
1047.5
1062.5
1060.6
1063.9
1070.4
1067.8
1070.9
1074.6
1070.4
1076.4
1094.1
1095.3
1088.5
1058.6
1054.5
1049.2
1041
1046.4
1052.8
1047.4
1057.8
1053.9
1050.9
1048.2
1044.7
1039.7
1033.9
1040.6
1040.2
1031
1033.2
1031.8
1026.9
1030
1024.1
1028.3
1026.6
1026.9
1023.2
1020.1
1018
1007.6
1005.6
992.9
989.7
987.5
988.4
982.7
991.7
992.1
992.7
986.4
993.1
986.6
990.7
989.6
978.1
973.2
965.6
960.3
970.6
975.5
987.1
993.9
1001.4
1000.1
1007.6
994.9
995.6
984.8
991.8
986.1
982.5
979.6
978.3
974.6
982.1
990.1
985.9
1000.2
998.6
1001.5
1001.6
985.9
986.9
978.3
968.8
973.6
973.6
973.9
971.2
981
973.2
979.8
983.7
977.7
973.4
974
976.6
966.6
968.4
969.4
963.5
975.1
976.3
962.8
959.3
960.9
973.1
968.3
963.6
960.6
959.4
958
958
955.4
948
948.2
951.6
960.2
958.9
945
961.3
958
964.5
965.7
958.6
959.4
963.7
970.4
959.6
961
960.6
952.8
958
962.8
969
965.4
975.1
984.1
987
989.4
972.3
982.1
986.5
978.6
974
975.9
969
963.1
956.2
959.7
962.1
962.4
964.7
965.2
971.9
985.4
962
963.6
960.4
954.4
953.4
964.6
956.4
944.7
948.7
956.2
957.8
961
956.2
956.2
962.8
972.8
975.8
963.1
959
953
960.4
956.8
952.6
940.5
947.1
950.6
951.5
959.9
964.3
969.3
973.7
966.2
958.5
956.3
953.6
952.3
953.5
940.3
939.2
944.2
933
939.9
944.6
935.6
937.7
945.7
941.7
936.7
945.7
943.5
934.5
931.4
931.9
927
927.5
927.3
925.8
933.1
934.1
928.5
937.5
929.1
926.2
926.8
919
906.4
908.7
903.8
903.2
903.7
909.2
913.1
924.3
916.3
916.8
912.3
911.2
900.1
910
908.4
897.4
904.3
904.8
908.6
903.1
908.1
911.5
906.4
909.9
911.3
907.7
907.6
911.3
900.9
902
895.1
898.1
895.5
891.5
895.2
901.6
900.2
905.6
893.5
896.1
899.8
897.5
895.3
895.4
897.2
889.6
885.7
889
892.4
888.9
900.1
905.8
909.1
917.6
913.1
911.4
910.9
910.5
907.1
885.5
890.2
901.7
899
897.2
893.3
895.7
898.2
897.1
898.3
905
900.6
897.8
891.5
892.9
884.7
891.4
888.7
889.1
880.1
892.2
906.4
900.1
899.1
896.9
901.7
886.3
894.3
897.4
885.4
900.3
892.4
891.8
896
905
915.2
919.4
924.8
931
936.1
938.9
946.9
950.3
949.3
968.7
974.3
967.1
964.5
956
948.6
943
947.4
946.9
937.5
933.1
931.2
925
920.1
915.2
916.7
912.6
918.7
913.9
906.5
905.6
904.8
912.8
911.5
915.6
920
922.7
922.6
921
906.7
914.5
905.4
907.6
919.9
912.1
913.8
926.3
905.4
919.8
912.3
900.8
897.1
887.9
898.1
897.6
895.8
895.6
892.8
882.7
