711.8
710.1
707.2
708
703.5
702
705.7
701.7
693.4
690.6
693
692
681.5
674.8
665.7
670.4
675.6
682.2
685.6
678.8
678.9
664.8
674.1
675.5
686.5
697
705.1
702.7
706
724.6
734.6
728.8
754.3
765.7
774.5
761.6
755.7
747.6
761.9
756.8
765.8
774.5
775
787.3
791
793.1
782.2
798.6
810.3
811.4
815.5
807.5
797.8
787.9
791.2
789.9
806
810.4
812.5
829.2
847.2
864.3
834.5
847.4
865.8
867.1
877.8
889.1
895.2
902.7
914.5
911.3
910.8
882.3
903.6
896
886.4
895.3
908.7
911.3
926.3
930.3
923.5
920.2
912.9
920.8
929.6
923.9
926.6
923.8
940
930.9
950
956.2
960.9
960
960.7
952.7
957.1
959.9
955
955.6
957.1
953.3
956.7
956.3
959.3
955.5
971.8
972.5
974.7
981.1
970.8
975.5
978.3
975.6
979.3
975.4
969.7
964.1
960.3
969.9
977.6
986.5
997
1002.6
1001.4
999.8
999.9
1005.5
1008.7
1001.6
997.2
1004.6
1014.1
1013
1014.9
1023.2
1023.5
1028.3
1033.1
1030.9
1036
1035.3
1036.8
1036.9
1023.1
1014.3
1012.9
1010.7
1012.6
1011.6
1004.6
1026.9
1035.2
1045
1042.8
1035.2
1017.9
1027.7
1032.1
1036.3
1044.3
1039.9
1036.8
1038.7
1036.9
1048.2
1046.3
1062
1050.8
1077.6
1068.4
1077.2
1071.3
1066.4
1065
1062.7
1070.4
1077.3
1071.4
1070.3
1083
1089.8
1083.9
1092.2
1095.1
1083.9
1085.5
1083.7
1086.8
1092.6
1077.5
1061.7
1077.4
1067.2
1086
1089.3
1092.1
1095.5
1092.6
1100.7
1070.7
1086.2
1078.8
1085.9
1086.6
1082.4
1093.9
1087.9
1091.5
1094.5
1096.3
1102.3
1102.3
1111.3
1109.7
1102.2
1100.7
1107.4
1109.9
1100.9
1092
1094
1084.5
1098.3
1095.3
1100.4
1085.3
1099.6
1105.1
1106.6
1112.7
1110.4
1115.9
1112.1
1116.6
1118.9
1121.2
1109.8
1115.7
1110.7
1120.1
1122.1
1125.1
1128.5
1128.9
1134.1
1124.4
1115.2
1106.6
1107.4
1099.3
1091.2
1104.1
1106.8
1108.7
1108
1107.7
1083.5
1116.5
1114.8
1103.5
1109.3
1116.5
1107.8
1109.3
1112.7
1104.8
1112.6
1101.3
1103.7
1113
1113.5
1110.9
1114.4
1119.8
1123.9
1127.4
1128.4
1121.2
1117.7
1121.9
1123.3
1124.6
1124
1122.9
1136.8
1137.3
1139.4
1140.9
1132.6
1135.3
1134.1
1129.6
1134.8
1133.8
1132.3
1131.4
1116.1
1118.5
1130.8
1133.9
1133.3
1128.8
1150.4
1151.7
1153.1
1151.9
1138.3
1138.5
1144.5
1139
1136.4
1131.8
1126.8
1132.8
1136.1
1137.8
1141
1146.6
1143.6
1150.6
1148.7
1146
1137
1140.8
1130.6
1130.3
1124.4
1116
1125.6
1128.9
1138
1146
1143.4
1141.9
1147.8
1145
1142.2
1146.6
1137
1133.5
1127.3
1138.7
1143.3
1159.4
1158.3
1168.7
1146
1150.4
1156.1
1154.1
1151.1
1148
1153.4
1137.7
1142.3
1141.3
1131.9
1129.3
1129
1140.5
1139.7
1169.8
1160.4
1171
1177.5
1171.7
1162.1
1163.2
1161.6
1159.7
1167.5
1160.9
1156
1148.9
1151
1151.4
1176.8
1183.7
1193.4
1185.8
1179.6
1175.5
1174.7
1174.6
1174.3
1174.1
1171.1
1173.4
1162.8
1154.8
1158.9
1164.1
1168.2
1159.7
1149.5
1145.9
1155.6
1159.2
1151.9
1152.7
1163.5
1163.7
1151
1149.2
1149.5
1141.1
1150.1
1155.5
1162.3
1160.7
1143.3
1131.4
1137.1
1133.4
1142
1139.1
1140.1
1138.6
1143.8
1140.2
1149
1159.9
1163.4
1157.7
1161.6
1155.6
1150
1144.4
1141.7
1141.3
1144.7
1140.7
1143
1137.9
1139.8
1133.8
1151.8
1155.4
1169.7
1150.4
1151.2
1158.5
1158.8
1151.4
1151.6
1148.9
1141.1
1140.5
1135.6
1144.6
1150.4
1142.2
1144.9
1146.7
1152.3
1155.6
1161.2
1156.6
1166.5
1155.5
1143.8
1141
1141.1
1156.2
1148
1136.4
1137.7
1132
1132.8
1123
1139.2
1142.5
1142.3
1149.3
1147.9
1141
1141.5
1141.1
1147.3
1150.7
1158.4
1165.6
1165.4
1165.9
1150.5
1146
1155.8
1158.6
1156.1
1147.9
1144.8
1144.9
1137.6
1144.6
1143
1148.2
1150.1
1144.8
1154.1
1165.3
1163.9
1166.1
1161.6
1173.7
1161.9
1156
1155.5
1149.9
1151.4
1148.8
1160.9
1154.6
1152.2
1164.9
1172.9
1171
1171.6
1180.2
1174
1174.7
1175.2
1170.8
1180.4
1183.6
1169.4
1173.5
1170
1173.5
1169.5
1173.7
1176.2
1170.2
1169.9
1171.3
1168.2
1165.8
1167.7
1165.4
1165.2
1173.9
1173
1171.5
1180.8
1183.9
1194.5
1190.9
1196.9
1180.2
1172.7
1182.6
1175
1175.7
1189.9
1190.3
1190.6
1200
1199.5
1198.4
1212.6
1236.8
1226.3
1234.8
1233.4
1240.6
1229.5
1229.4
1212.6
1202.5
1187.8
1182.1
1194.7
1201.2
1210.4
1215.9
1196.7
1183.8
1186.6
1185.9
1186.8
1190
1163.6
1174.1
1179.8
1188.1
1195
1198.1
1188.8
1180.3
1179.5
1185.9
1184.6
1191.4
1193.6
1196.7
1202.3
1212.9
1218
1214.2
1210.1
1191.2
1186
1187
1190.5
1208.3
1201.4
1212.3
1223.3
1207.8
1197
1207.4
1199.9
1203.5
1196.6
1198.5
1202.2
1197
1198.8
1192.2
1193.4
1210.3
1225
1230.7
1226.5
1213
1212.5
1210.6
1208.7
1207.4
1207.2
1214.5
1208
1209.9
1198.7
1204.5
1212.7
1212.9
1216.8
1208.8
1211.9
1213.4
1207.3
1205.5
1218.6
1217.6
1233.7
1234.1
1230.4
1229.4
1235.1
1236.9
1230.8
1232.4
1231.8
1231.3
1237
1237.4
1236.1
1227.2
1212.6
1227.8
1230.2
1233.5
1229.8
1227.1
1225
1223.8
1231.1
1230
1228.6
1231.8
1226.8
1235.8
1214.1
1219.5
1214.1
1228.5
1230.4
1220.9
1216.8
1215.7
1209.4
1215.6
1223.4
1220.7
1225.2
1231.8
1231
1237.8
1225.1
1230.7
1232.9
1226.5
1219.5
1226.4
1219.5
1216.8
1215.6
1223.2
1225.9
1216.9
1219.9
1226.5
1249.2
1246.4
1227.7
1213.4
1203.7
1207.5
1212.6
1210.8
1207.2
1210
1229.3
1227.6
1235.6
1224.1
1229.2
1216.1
1221.2
1221.2
1217
1225.5
1213.6
1209.6
1218.9
1219.6
1222.8
1229.5
1229.7
1240.1
1255.5
1247
1227.1
1214.7
1221.2
1223.3
1221.2
1218.1
1219.2
1218.7
1220.3
1224.2
1230.1
1226.1
1226.6
1209.1
1194.9
1151.1
1144.7
1155.2
1160.2
1147.1
1147.6
1163.5
1158.3
1163.5
1173.5
1174.2
1180.6
1182.2
1178.7
1159.3
1159.6
1152.3
1157.4
1145.3
1144.4
1141.1
1140.9
1132
1142.4
1141.3
1164.9
1157
1154.2
1161.3
1165.2
1153.5
1152.3
1156
1145.1
1137
1134
1138.1
1137.5
1143.1
1134
1133.9
1128.2
1138.1
1135
1127.4
1104.1
1095.5
1085.5
1088.6
1063.4
1044.7
1032.4
1029.5
1030
1046.5
1038.3
1030.1
1028.8
1025.5
1021.5
1018.6
1017
1017.2
1013
1005.4
1006.6
1011
1004.9
1013.9
1016.3
1013.7
1029.1
1031.3
1042.9
1046.2
1050
1061.8
1070.4
1072.8
1068.8
1062.5
1067.1
1074.3
1073.7
1080.8
1078.2
1076.2
1077.9
1061.7
1067.5
1063.6
1063
1060.8
1066
1061.1
1053.3
1054
1058.3
1057.7
1066
1068.1
1065.9
1068.1
1069.8
1065.4
1060.4
1065
1062.5
1058.6
1056.6
1054.8
1060
1064.3
1069.8
1079.2
1074.3
1073.4
1075
1063.2
1061.9
1057.7
1051.6
1052.2
1044
1037.6
1037.6
1041.1
1042.5
1046.6
1062.3
1064.2
1061.5
1060.8
1066
1059.4
1049.6
1051.9
1051.5
1053
1034
1035.1
1032.9
1038.4
1044.8
1052.9
1048
1057.2
1060
1067.8
1063.8
1066.2
1065.4
1079.5
1075.2
1075
1079.3
1083.3
1087.8
1097.1
1109.7
1113.3
1118.5
1106.8
1087.8
1065.8
1043.5
1044.3
1045.5
1046.8
1046.3
1040.8
1047.4
1045.9
1061.3
1060.4
1053.7
1047
1035.7
1044.4
1019
1007.9
1018.8
1003.2
998
997.2
993.4
990.5
986.4
997
1002.5
990.6
1009.2
1016.8
1011
1004.9
994
987.8
988.2
988.3
992.6
990.4
989.6
996.3
998.8
1007.1
1001
1011.9
1006.1
1011
1008.9
1001.6
1010.6
985.4
1010.4
1010.6
1010.8
1013.3
1014.3
1025.4
1025.5
1026.2
1025.8
1026.8
1020.1
1022.4
1019.2
1016.4
1019.2
1027.2
976
1020.3
1034.5
1042.2
1041.3
1050.8
1050.2
1042.2
1044.5
1043.8
1042
1038.4
1035.7
1036
1042.1
1033.2
1029.6
1035
1028.9
1039.1
1035.4
1034.5
1038.4
1030.6
1036.3
1027.8
1027.6
1026.5
1012.3
1017.1
1017.2
1019.2
1020.3
1025.4
1025.9
1028
1024
1024.3
1025.1
1023.4
1018.2
1011.4
1009.7
1014.3
1014.6
1008.5
1011.8
1004.2
1001.8
1007.5
1003.1
1007.1
1013.4
1010.4
1005.6
1002.3
998.4
1001.6
1002.6
993.5
998.4
991.1
996.8
992.9
991.7
1003.7
1003.5
1003.6
1003.9
997.2
995.2
990.1
993.9
983.8
988.2
982.9
987.2
989
995.4
990.9
987.4
995.6
995.9
988.8
987.5
980.8
975.9
978.6
975.7
977.3
968.5
971.8
969.4
973.9
976.9
981.9
978.1
975.8
963
971.2
967
967.8
956.4
962.8
960.7
961.4
953
957
962.5
960.6
965.2
972.1
963.9
958.7
961.4
961
956.9
956.1
946.2
953.1
948.4
946.2
948.4
951.4
956.7
953.8
949.5
953.1
943.3
943.9
937.2
935.8
936.7
935.4
929.6
935.9
931.9
933.5
947.5
939.6
939.3
944.9
936.5
933.2
931.6
929.4
922.2
914.7
919.8
921.1
926.4
925.9
931.6
932.4
925.5
934.4
931.8
922.9
914.1
918.4
913.9
906.4
918.1
915.9
921.2
916.8
915.5
918
921.1
926.6
918.2
919.9
911.9
911.2
910.2
909.7
908.8
911.2
906.6
907.2
912.4
909.1
911.7
909.3
911.3
907
900.1
895.6
898.7
897.1
899.6
908.7
906.8
902.6
909.3
905.2
905.1
896.8
897.6
889.9
896.6
891.7
900
886.7
887.9
897.2
901.4
899.7
892.9
900.1
903
897.6
893.7
895.5
888.4
884
881.4
885.4
878.1
868
879.8
881.7
881.6
889.5
891.5
893.1
895.5
885
880.2
877.3
872.8
871.1
872.3
875
872.3
880.7
874.8
877.9
875.9
879.1
880.2
878.6
874.6
872.8
867.8
866.4
871.8
865.3
862.8
857.6
867.2
865.8
870.6
872.2
878.3
872.6
869.4
872.4
870.6
865.5
862.1
855.8
859.4
851.8
859.5
859.3
864.1
854.8
861.7
864.8
862
861.7
864.5
863
857.5
852.5
849
852.2
850.1
848.8
850.2
847.5
854.7
852.5
862.1
861.5
857.3
858.3
854.7
851.2
845.1
844.1
847.8
841.1
847.5
840.6
846.6
846.2
850.6
846.9
852.8
849.6
849.9
846.5
843
846.1
840.3
837
839.6
842
842.6
839.1
840.6
841
848
843.9
847.5
843.6
844.4
842.4
839.1
837.7
834.2
842.4
832.9
834.9
832.8
843.7
839.6
846.6
844.1
846.5
845.1
851.8
835.3
835.5
835.9
838
836.5
828.4
837.5
833.1
834.5
838.2
845.4
842.9
843.4
846.2
841.7
842.6
835.2
831.7
824.9
833.9
832.6
828.5
831.1
826.2
836.5
835.9
832.6
835.4
835.6
830.4
832.1
829
828.3
821.4
821.5
825.8
823.7
820.6
820.7
826.3
830.7
824.1
821.1
826.4
828.5
826.4
816.9
825.2
814.8
820.2
814.3
812.6
818.8
810.7
816.2
826.3
819.1
824.1
817.7
813.5
820.4
821.8
815.8
808.3
814.6
816
800.3
809.8
807.2
801.2
812.2
807.6
816.9
820.7
820.5
817.8
816.7
811.1
804.7
804.5
803
801.4
804.5
806.8
809.3
802
815
810.9
808.4
815.4
816
812.7
813.8
806.7
801.6
813.1
803.9
803.3
802.9
803.2
805.2
808.7
812.2
807.7
815.5
813.3
807.4
803.7
805.8
799.8
801
795.5
797.3
794
799.8
802.3
805.2
808.7
809.9
808.8
802.4
797.9
799.3
792.3
793.5
795.7
792.7
790.5
796.2
792.7
793.2
800.6
801.1
799.6
800.7
795.6
802.3
794
787.5
790.2
790.3
798.8
793.6
794.5
796.7
792.9
797
794.5
793.6
792.4
799.8
790
793.9
793.2
790
783.3
794.9
781.5
783.8
786.2
786.7
790.1
786.9
791.6
795.3
790.9
790.4
785.8
785.2
780.5
781.8
777.5
779.7
776.9
781.1
779.4
783.5
790
788.3
789.6
788.4
787.9
786.1
788.4
779.9
773.2
780.7
775.1
768.1
771.4
770.7
777.3
778.8
781
780.9
777.4
781.7
778.2
772.7
774.6
770.2
768.7
766.9
767.8
767.6
764.5
765.4
771.6
774
770.4
769.6
770.9
766.1
765.6
763.3
764.6
760.4
761
756.6
759.1
758.6
760.2
763.8
760
763
770.8
764.8
768.7
766.8
765.9
751.9
755.1
754.9
750
750.2
752.1
751.4
756.5
757.1
763.5
754.9
759.3
753.3
753.1
750.4
752.6
747.7
751.5
745.1
745.7
738.2
740.6
746.1
747.3
746
750.7
750.8
752
755.1
752.3
746.5
748.9
739.5
743.1
737.4
745.3
734.4
738.7
739.9
745
754.9
752.2
756.7
769.2
773
749.4
747.6
744.5
744.4
756.3
764.6
777.9
794.1
822.2
831.6
822.5
821.7
818.3
819.5
830.3
828.4
822.4
825.5
815.2
820
810.5
810.8
809.4
809.6
810.8
817
816.2
822.7
831
826.5
825.5
822
822
823.7
821.1
821.7
831
819.2
826.9
837.2
844.8
850.1
841.8
843.2
836
835.2
836.4
842
833.2
838
843.8
846.1
843.8
836.9
839.9
837.4
842.3
849.2
852.8
851
858.5
855.4
853.8
846.1
847
845.1
841.3
842.6
835.2
839.4
848.2
843.4
849.9
857.3
863.5
856.9
859.7
858.2
854.9
852.8
855.2
847.4
850.4
852.1
853.6
852.9
863.2
864.4
867.3
875.4
870.6
868.9
865.7
868
876.5
862.5
866.9
867.3
876.1
866.8
871.6
879.1
882.3
882.8
890.4
886.7
886.8
896
895.1
899.2
884.1
883.9
876.8
876.9
872.2
878.4
875.6
884.3
888.6
889.5
892.8
899.5
895.4
909.7
909.6
899.7
894.2
901.8
890.7
887.6
898.2
896.5
887.7
897.8
895.5
901.5
901
899.1
903.4
904.3
902.8
915.8
904.2
901.2
899.6
898.5
903.9
905.4
914.1
911.3
914.4
923.5
914.7
910.3
911.7
915.4
914.5
913.3
912.4
915.9
919.8
919
919.6
929.2
934.2
940.2
937.4
938.9
947.4
946.6
940.1
931.3
927.7
921.4
930.3
924.1
928.7
938.9
940
949
943.6
945.7
940.2
946.2
943.5
956.7
951.5
955.5
950.2
952.3
943.5
953.4
968.5
970.5
970.2
963.5
969.4
971.6
967.5
973.8
956.6
976.7
968.3
980.6
981.1
982
981.8
985
976
972.4
985
994.9
996.9
1012.6
1015.2
1013.8
1013.9
1015.6
1009.3
1013.4
1020.2
1022.1
1024.7
1023.8
1017.6
1021.4
1029.9
1035.4
1044.2
1053.4
1038.4
1045.2
1045.3
1051
1049.3
1047
1053.7
1058.9
1062.5
1057.7
1060.5
1058.5
1064.6
1071.8
1081.8
1089.1
1092.2
1082.1
1077.3
1070.2
1062.8
1053.1
1043.7
1026.2
1025.1
1028
1024.9
1014.6
1019.4
1017.3
1019.1
1006
999
992.5
982.1
957.6
960.2
952.3
947.4
936.1
934.5
932.3
944.2
946.6
958.3
975.5
990.2
994.3
999.4
1005.2
1003.3
1011.2
1009.3
1013.3
1011.4
1002.8
1000.8
1002.4
998
1001.3
1002.3
1000.8
997.9
1005.5
1003.9
1001
1004.3
998.9
995.6
994.5
1000
1006.3
1009.1
1014.5
1015
1028.7
1026.5
1021.1
1023
1022.6
1027
1018.9
1023.4
1014.6
1013.2
1018.1
1029.3
1040.5
1051.5
1052.6
1061.2
1059.4
1062.3
1064.3
1066.6
1060.3
1060.1
1059.2
1059
1069
1072.2
1073.3
1087.3
1088.9
1094
1100
1090
1096.9
1096.7
1090
1085.9
1088.4
1088.3
1094.3
1094.4
1097.9
1106.5
1104.2
1101.6
1107.3
1108.5
1114.2
1118.1
1108.8
1115.3
1120.3
1113.2
1120.1
1124.4
1119.4
1117.8
1115.5
1117.9
1112.9
1127.6
1137.4
1136.4
1138.6
1138.7
1132.2
1149.6
1142.6
1137.6
1144.5
1158.3
1154.1
1152.5
1147.4
1146.8
1168.9
1178.6
1168.8
1179.1
1182.4
1164.4
1158.6
1164.7
1173.6
1178.3
1174.9
1179.9
1173.7
1184.7
1186.5
1184.6
1190.2
1194.1
1199
1203.3
1194.8
1189.2
1195
1191.9
1194.3
1196.8
1196
1198.5
1201.3
1207.6
1200.2
1204
1206.2
1207.4
1213.4
1212.6
1207.2
1206.9
1198.9
1195.6
1200.7
1205.9
1196.7
1194.3
1199.9
1202.6
1216.8
1228.1
1229.5
1243.3
1232.7
1239.8
1215.1
1224.6
1221.3
1219
1220.4
1229.4
1228.3
1224.6
1224.6
1228.2
1238.1
1238
1238.9
1242.6
1240.8
1248.5
1234.8
1233.3
1228.9
1225.2
1235.9
1237.8
1237.9
1236.3
1244.5
1242.6
1251.1
1257.6
1260.1
1269
1266.3
1263.4
1256.7
1252.8
1260.4
1267.3
1262.5
1259
1263.4
1261.2
1271.6
1279.9
1275
1282.2
1280.4
1278.5
1269.1
1271
1270.8
1271.3
1268.8
1269.7
1269.8
1269.4
1272.4
1280.8
1282.9
1285.2
1291.9
1296.9
1290.9
1288.3
1289.7
1294.5
1299.1
1291.3
1294.4
1310
1312.9
1320.1
1321.6
1321
1324.1
1319.3
1327
1340.5
1332.1
1330.8
1332
1335.2
1324.2
1311.5
1310.8
1315.6
1321.6
1325.8
1328.7
1336.7
1331.3
1332.5
1334.7
1335.2
1332.6
1342.9
1329.2
1332.8
1330.1
1339
1344.3
1345.7
1355.7
1360.3
1368.4
1355.4
1362.1
1369
1368
1364.9
1359
1349.1
1362.7
1348.4
1355.4
1359.2
1370
1381.6
1388.1
1378.4
1377.6
1370.5
1372.4
1377.1
1388.9
1385.9
1382.3
1387.5
1394.7
1387.2
1384.7
1397.6
1408.5
1410.9
1405.5
1408.2
1393
1397.8
1391.2
1400.3
1404.2
1399.3
1401.8
1407.9
1409.6
1403.1
1404.4
1405.5
1411.2
1411
1406.9
1399.4
1396
1395.7
1398.6
1401.1
1400.7
1394.1
1393.4
1395.6
1409.7
1413.7
1413.5
1420.7
1424.6
1414.6
1422.5
1421.8
1418.9
1427.6
1437.6
1433.1
1420
1412.1
1412.4
1416.8
1421.7
1417.7
1425
1430.3
1433
1441.9
1436
1437.7
1440.7
1431.3
1437.3
1424
1421.4
1433.3
1437.6
1439.7
1436.5
1437
1435.8
1473.6
1428.1
1434.1
1429.7
1427.5
1428.7
1407.5
1395.8
1399.8
1390.3
1382.6
1384.8
1377.1
1380.1
1371.2
1374.4
1377.7
1372.7
1377.1
1378.4
1372.8
1376.2
1375.6
1370.5
1344.2
1349.6
1361
1363
1363
1363.2
1369.9
1385.5
1400
1408.1
1416.7
1421.8
1434.9
1439.9
1438.3
1439.7
1442.6
1440.3
1438.6
1445.3
1445
1444.6
1441
1451.5
1457.3
1457.1
1457.5
1450.6
1450.7
1453.1
1450.7
1451
1453.9
1457.6
1467.5
1443.8
1453.7
1456
1465.4
1461.6
1461.8
1466.7
1468.5
1472.2
1485.2
1490.1
1483.7
1486.2
1479.4
1427.6
1450.1
1459.7
1467.8
1448.2
1464.2
1453.3
1444.7
1382.5
1373.4
1393.9
1378.7
1378.5
1397.5
1352.1
1294.7
1321.5
1370.9
1400.2
1416.4
1429.4
1431.3
1433.1
1435.1
1432.5
1432.6
1434.4
1431.4
1441.3
1442.8
1453.7
1450.1
1458.8
1469.9
1476.4
1481.4
1473.2
1487.2
1474.6
1477.8
1481.2
1479.3
1477.4
1476.1
1484.6
1489.2
1495.4
1481.1
1495.5
1493.7
1498.9
1497.3
1503
1497.4
1500.6
1491.3
1493
1495.9
1491.9
1497.7
1500
1500.7
1503
1514.5
1511.1
1497
1513.2
1523.1
1535.4
1523.8
1530.8
1522.9
1523.3
1536
1538.2
1538.3
1536.2
1536.2
1530.6
1519.4
1539.9
1550.3
1555.2
1552.6
1556
1553.2
1538.8
1550.3
1541.5
1549.3
1547.3
1550.7
1557.5
1556
1566.6
1571
1579.6
1584.2
1586.7
1593.7
1594.3
1583.8
1580.3
1582
1578.5
1571.9
1576
1574.7
1583.3
1583
1601
1606.7
1596.7
1592.9
1595.1
1605.2
1604
1608.8
1593.3
1596.1
1598.1
1608.2
1601.6
1609.9
1608.3
1607.7
1626
1616.1
1619.2
1615.5
1614.7
1611.1
1613
1610.9
1603
1615.2
1601.2
1611.6
1615.8
1611.4
1617.1
1618.7
1621
1617.5
1628.7
1633.6
1632.9
1632.1
1630.3
1624
1617.6
1623
1618.8
1632.2
1633
1646.7
1640
1649.6
1651.3
1645.8
1659.2
1654
1654.5
1654.3
1647.9
1658.5
1665
1649.9
1644.8
1659.1
1657.4
1664.7
1668
1664.8
1676
1685.1
1670.8
1667.2
1667
1666.3
1658.9
1663.6
1664.5
1664.6
1671.2
1666.5
1674
1657.9
1643.7
1645.3
1659.4
1671.7
1673.5
1675.7
1682.3
1678.5
1678.2
1645.1
1639.6
1659.9
1679.3
1690
1696.2
1696.5
1690.8
1691.2
1692.1
1701.3
1679.4
1691.7
1703.3
1696.3
1691.5
1688.1
1683.9
1686.8
1697.2
1701.8
1694
1696.6
1704.7
1705.3
1711.7
1711.1
1702.2
1709.4
1707.6
1690.7
1699.2
1706.1
1705.5
1706.3
1709.4
1717.9
1711.8
1714.6
1720.2
1719.2
1722.3
1723.4
1718.6
1721.3
1718.9
1711.2
1724
1730.4
1725.9
1726.7
1730.3
1733.3
1740.3
1736.9
1730.8
1737.8
1729.7
1738.8
1731.9
1730.2
1736
1731.9
1721.6
1690.2
1655
1665.2
1687.9
1698.2
1713.4
1722.2
1714.1
1712.3
1710.4
1706.2
1700.9
1705.1
1702.4
1683.7
1694.1
1689.8
1693.2
1690
1689
1700.3
1698.1
1690.7
1690.3
1686.7
1680.8
1678.3
1676.7
1680.9
1677.7
1682.3
1674.2
1687.6
1684.8
1681.5
1689.2
1683.5
1688.2
1690.9
1673.8
1680.2
1678.8
1677
1673.2
1669
1665.1
1670.1
1664.7
1654.1
1573.6
1557.8
1602.8
1632.2
1620.9
1598.6
1627.3
1642.8
1663.5
1662
1649.9
1627.3
1619
1616.6
1615
1618.2
1625.8
1621.8
1622.5
1620.1
1648.2
1640.6
1636.6
1643.8
1639.2
1641.4
1630
1647.4
1630.2
1631.3
1629.4
1637.9
1644.3
1649.7
1652.4
1659.5
1660.3
1665.4
1656
1642.8
1645.3
1645.7
1641.5
1653.3
1643.1
1647
1661.5
1663.9
1668.9
1673.3
1669.8
1671.5
1676.1
1657.1
1668.2
1673.7
1666.4
1664.3
1669.7
1667
1659.2
1659.3
1673.7
1670.5
1677.6
1693.6
1689
1697.3
1692.6
1672.7
1689.3
1691.6
1697.3
1687.7
1687.4
1682.3
1690.4
1692
1705.2
1709.2
1712.7
1710.2
1714
1711.5
1700.1
1700.4
1705.1
1693.8
1695.5
1706
1710.7
1698.5
1705.4
1720.3
1716.4
1715.5
1733.4
1723.1
1724.9
1713.1
1715
1714.8
1709.8
1709.4
1716.2
1716.8
1718.2
1735.3
1724.2
1731.7
1728.8
1728.5
1743.8
1737.6
1736.9
1743.4
1735.3
1745.2
1733.7
1726.3
1723.8
1734.4
1733.6
1741.6
1744.9
1746.6
1756.5
1747.4
1764.5
1755.8
1745
1745.7
1744.8
1751.1
1750.3
1752
1750
1757
1760.9
1758
1757.1
1762.8
1772.5
1766.4
1761.9
1765.3
1759.1
1758
1767.5
1753.1
1765.3
1755.9
1767.4
1761.2
1773.1
1784.7
1776.7
1774.4
1775.8
1776.7
1772.6
1767.4
1779
1781.4
1791.6
1789.4
1789
1779.4
1782
1792
1792.5
1792.8
1792.3
1787.6
1769.5
1791.7
1778.3
1775.3
1767.4
1784.6
1778.9
1772.9
1788
1791.2
1787.5
1793.8
1796.4
1803.2
1800.4
1798.4
1794.3
1784.1
1790.1
1779.3
1717.2
1724.4
1737
1750.3
1768.3
1766.1
1769.5
1767.7
1761.4
1759.8
1754.9
1750.4
1734.8
1736.5
1746.3
1735.6
1734.4
1737.9
1737.8
1750.8
1736.6
1741.5
1742.4
1748.7
1741.5
1733.3
1732.4
1737
1725.2
1721.2
1726.2
1715.3
1718.6
1721.1
1718.7
1722.6
1723
1720.7
1728.1
1725.7
1719
1719.7
1719.8
1711
1716.5
1712.5
1711.9
1714.1
1664.5
1666.2
1686.9
1711.6
1714.1
1725.5
1712.8
1721.6
1713.4
1705.7
1706.8
1685.3
1703.2
1696.6
1693.9
1692.4
1691.6
1692.4
1691
1697.7
1690.3
1687.4
1691.5
1682.7
1679.9
1671.3
1669.9
1654
1616
1603.8
1601.8
1632.1
1642
1643.1
1651.1
1655.7
1675.6
1692.2
1684.7
1688.5
1695.3
1696.1
1685.4
1682.6
1681.5
1669
1671.8
1673.6
1678.8
1672
1671.2
1670.7
1682.2
1668.7
1665.9
1665.9
1659.2
1657.6
1653
1663.8
1668.2
1674.4
1673.9
1657.1
1664.3
1667
1657.9
1648.2
1655.8
1646.4
1642.9
1640
1630.2
1636.6
1641.5
1634.3
1635.7
1643.2
1640
1649.6
1642.8
1643.6
1642.7
1631
1635.7
1625.4
1618.7
1626.9
1627.2
1618.1
1626.5
1622.3
1628.9
1624.1
1636.2
1628.3
1622.6
1631.6
1627.5
1622.6
1617.2
1617.3
1616.3
1617.5
1615
1623
1628.3
1621.2
1625.8
1624.5
1638
1634.8
1623.2
1630
1621.4
1624.4
1627.2
1626.9
1614
1612.4
1617.7
1620.7
1615
1620.3
1620.2
1631.5
1624.3
1621.9
1622.9
1612.7
1609.3
1613.6
1601.5
1610.3
1602.4
1606.1
1607.1
1613.2
1606.6
1610.1
1610.3
1611.7
1610.7
1601.7
1592.8
1597.3
1585.6
1593.9
1597.4
1589.1
1587
1585.3
1593.9
1592.5
1590.4
1589.7
1585.3
1592.1
1581.4
1584.8
1588.8
1582.4
1587.1
1581.8
1577.6
1582.9
1591.8
1597
1596.2
1591.2
1590.6
1593.8
1595.5
1585
1580.4
1582.6
1583.4
1583.6
1570.8
1578.1
1571.6
1577.1
1572.7
1577.6
1572.9
1581.3
1573
1573.9
1573
1568.9
1564.1
1566.6
1561.1
1556.4
1550
1557.2
1567.8
1557.3
1564.7
1562.7
1577.6
1570.6
1577.3
1570.2
1569
1570.1
1570.9
1568.1
1561.9
1558.6
1547.6
1563.3
1555.3
1557.6
1560.7
1562.1
1560.6
1564.3
1562.8
1558.5
1554.2
1536
1550.5
1547.3
1546.8
1542.4
1551
1554.8
1548.8
1556.1
1559.7
1563.5
1551.3
1562.1
1555.5
1545.4
1545.8
1552
1542.7
1535
1534.4
1524.9
1528
1536.8
1536.4
1550.4
1562.3
1549.9
1538
1536.4
1531.2
1531.4
1524.5
1526
1523.3
1521.7
1532.5
1526.4
1527.2
1543.3
1532.3
1530.5
1533.9
1533.5
1524.3
1521.1
1513.6
1521
1514.4
1527.7
1541.4
1530.6
1526.5
1528.5
1526.1
1526.2
1525.5
1527.3
1520.3
1513.9
1518.7
1514.7
1515.4
1517.1
1515.1
1521.7
1514.3
1519.8
1524.6
1515.2
1511.3
1523.1
1511.1
1510.1
1514.7
1506.8
1507.7
1501.7
1504.2
1506.8
1497.6
1502.3
1505.3
1508.2
1508.7
1508.6
1503.4
1507.8
1498.7
1501.7
1500.3
1494.1
1485.4
1490.9
1489.4
1488.4
1498.5
1503.1
1498.3
1496.2
1510.6
1507
1501.9
1511
1500.3
1502
1498.2
1493.6
1494.8
1486.6
1498.1
1492.9
1498.2
1490.3
1502
1504.6
1506.9
1501.4
1491.5
1489.7
1486.7
1495.5
1493.7
1482.5
1495.9
1490.2
1497.2
1492.2
1503.8
1483.4
1498.2
1499.5
1504.3
1506.4
1514
1498.8
1500.5
1489
1487.6
1483.1
1483
1486
1476.1
1477.4
1480.5
1488.6
1486.7
1487.7
1488.4
1496.2
1487.8
1487.4
1491.4
1487
1479.6
1480.2
1482.8
1477.6
1480.7
1484
1481.8
1480.5
1487.2
1484.2
1478.8
1475.7
1473.1
1475.7
1468
1470.2
1470
1472.2
1469.2
1476.8
1470.6
1475.4
1481.7
1476.6
1478.4
1462.9
1459.7
1443.1
1430.5
1441.9
1438.1
1450.3
1446
1453.9
1450.7
1455.8
1457.8
1448.8
1448.8
1445.8
1444.7
1433.8
1440.7
1442.2
1435.2
1426.9
1422.2
1423.6
1425.8
1430.2
1427.9
1429.2
1424.1
1426.6
1425
1418.5
1417.7
1415.8
1413
1414.3
1407.8
1405.5
1410.8
1402.5
1404.9
1411.5
1410.8
1407.7
1410.2
1412.3
1403.1
1408.4
1394.7
1399.2
1393
1391.8
1393.5
1390.1
1394.3
1394.8
1392.5
1399.6
1399.3
1387.9
1393.4
1384.7
1384.7
1380.1
1371.3
1370.1
1373.2
1371.7
1373.4
1379.5
1379.4
1382.7
1379.9
1378.4
1387.3
1378.2
1368.3
1367
1366.9
1367.4
1359.7
1357.3
1360.3
1352.6
1357.3
1357.4
1359.1
1364.1
1361.9
1361.5
1359.3
1348.7
1342.5
1341.1
1341.4
1332.1
1334.6
1340.3
1338.3
1339.7
1336
1338.5
1335.6
