1417
1420.2
1423.8
1411.3
1384.3
1375.5
1363.3
1333.6
1322.1
1304.4
1301.5
1288
1280
1266.1
1243.2
1234.5
1230.6
1235.4
1215.9
1215.9
1210.5
1209.9
1208.5
1209.9
1218.7
1218.8
1219.9
1226
1219.4
1220.9
1234.4
1230.9
1234.8
1243.7
1246.7
1242.7
1244.7
1254.4
1265.8
1272.7
1273.6
1272.8
1272.1
1279.5
1276.1
1273.2
1273.6
1273.1
1270.9
1270.9
1263.6
1270.7
1277.1
1289.6
1292.5
1299.2
1301.7
1310.1
1319.5
1308.2
1312.8
1304.5
1303.9
1296.4
1294.1
1291.9
1300.7
1301.5
1314.6
1324.9
1323.3
1327.3
1333.1
1337.9
1336.1
1344.6
1341
1334.9
1340.9
1344
1338.2
1339.7
1343.2
1359
1365.3
1363.6
1360
1362.1
1350.1
1364.9
1364.8
1357.3
1359.3
1366.3
1367.3
1369.4
1369.4
1369.7
1382.4
1383.2
1376.5
1363.2
1367.7
1376.1
1375.6
1377.5
1385.5
1379.6
1373.1
1374
1372.7
1371.9
1362.6
1373.1
1365
1373.8
1374.5
1380.8
1387.9
1391.2
1386.3
1388.8
1372.9
1370.8
1374.5
1373.2
1367
1361
1363.8
1364.5
1372.4
1358.5
1356.7
1375.4
1371.8
1369.1
1371
1363
1368.6
1376.9
1385.6
1385.5
1388.2
1396.2
1403.1
1411.4
1423.2
1417.9
1413.8
1410.9
1420.8
1419.3
1417.6
1417
1411.2
1402.2
1415.8
1417.3
1422.2
1426.3
1431.6
1437.9
1444.1
1441.1
1427.2
1428.7
1422.2
1420
1421.3
1418.3
1424.5
1431.9
1436.8
1444.6
1453.7
1446.7
1458.9
1448.1
1442.2
1445.6
1445.8
1451.4
1448.7
1460.7
1459.2
1456.7
1462.3
1467.7
1473.5
1468.5
1477.2
1470.8
1483.9
1482.9
1477.9
1481.1
1474.5
1474.6
1468.4
1476.6
1479.5
1480
1475.8
1484.4
1494.1
1502.9
1502.9
1500.5
1498.5
1496.4
1497
1504.5
1498.4
1504
1500.9
1491
1505.3
1508.2
1519.6
1520.3
1527
1519.8
1529.3
1522.9
1517.1
1525.3
1513.3
1503.1
1518.5
1513.7
1511.1
1505.6
1507
1515.1
1520.2
1521.9
1518.4
1523.2
1543.5
1538.9
1535.7
1525.9
1515.7
1513.5
1514.3
1507
1520.4
1528.5
1542.6
1535.8
1544.1
1542
1545.8
1557
1534
1545.5
1527.6
1526.7
1534.5
1532.1
1531.9
1532.9
1535.2
1538.9
1549.1
1545
1545.4
1551.4
1547.3
1549.9
1546.8
1544.2
1546.3
1555.4
1548.6
1545.5
1547.4
1546.5
1558.3
1552.1
1555.7
1558.8
1566.1
1566
1564.4
1567
1560.5
1560.8
1546.7
1553.8
1553.8
1545.9
1555.1
1559.8
1575.2
1585.1
1586
1582.2
1583.7
1576.5
1580.9
1584.2
1580.5
1577.1
1565.3
1585.8
1596.6
1595.3
1572.2
1554.9
1554.3
1569.6
1569.9
1569.4
1571.5
1552.9
1544.4
1526.7
1508.8
1500.2
1485.2
1488
1480.6
1494.2
1492.7
1495.4
1521.1
1511.1
1511
1517.5
1515.1
1515.7
1504.8
1505.1
1496.4
1511
1516.7
1512.5
1515.5
1517.5
1522.5
1524.4
1504.7
1481.1
1504.4
1512.7
1523.1
1521.4
1524.6
1518.1
1513.6
1508.6
1503.7
1503.5
1502.3
1512.1
1515.7
1524.8
1524.9
1535.8
1528.7
1528
1528.9
1525.4
1520.7
1517.2
1520.8
1513.1
1522.6
1519.3
1524
1530.7
1527.1
1534.4
1529.6
1519.9
1517.3
1521.8
1526.5
1519.1
1511.3
1515.4
1519.9
1517.1
1506.3
1516.1
1521.2
1522.1
1530.9
1519.3
1515.8
1519.2
1511
1499.9
1502.6
1502.6
1504.5
1505
1509.3
1516.9
1517
1521.7
1512.4
1519.9
1522.1
1516.6
1517.5
1513.7
1518.2
1520.4
1528
1501.9
1495.4
1492.4
1503.5
1500.9
1498.8
1507.9
1512.5
1512.4
1512.6
1510.6
1508.8
1501.3
1497.7
1495.1
1498.8
1500.3
1481.3
1483.8
1497.1
1503.8
1510.4
1521.9
1514.7
1522.5
1506.5
1506.1
1510.8
1500.5
1515.8
1512.1
1522.1
1521.3
1525
1532.5
1538.4
1541.6
1539.4
1552.3
1562
1563.8
1563.6
1554.3
1546.1
1554.9
1552.5
1550.8
1547.6
1555.9
1563.5
1571.5
1572.6
1579.7
1572.1
1583.8
1573.5
1573.5
1572.4
1581.3
1572.8
1583
1577.1
1575
1576.1
1579.3
1581
1584.3
1598.5
1596.8
1612.3
1604.3
1607.3
1602.2
1605.1
1598.1
1597.4
1592
1600
1598
1602.8
1598.3
1607.3
1610.3
1625.2
1622.6
1617
1628.3
1617.1
1601.8
1604.4
1611.6
1604.6
1624
1631.2
1632.9
1628
1624.7
1629.1
1626
1626
1633.2
1630
1633.8
1624.5
1621.3
1622.8
1619.4
1625.3
1624.7
1623.8
1633.7
1599.4
1577
1585.9
1597
1602.2
1570.4
1518.2
1469.8
1425.7
1418.3
1393.6
1335.7
1348.5
1336.9
1328.6
1308.2
1282.2
1250
1230
1209.3
1192.6
1177.6
1149.3
1123.1
1112.2
1074.9
1072
1076.8
1082.6
1082.1
1079.5
1071.7
1064.9
1052.9
1050.8
1041.7
1037.1
1027.1
1025.2
1023.7
1026.6
1014.3
1009.7
1007.5
1005.6
1006.9
1007.9
1009.9
1009.2
1005.2
1000.4
992.5
989.7
988.6
984.7
985.9
991.9
995.1
990.3
1001.4
1013.1
1018
1021.1
1014.7
1021.5
1018
1017.9
1004
997.1
992.7
985.9
984.1
982
979
982
984.2
990
997.6
1002.8
994.6
990.5
980.5
990.3
989.6
987.6
987
991.9
990.2
993.2
992.9
994.6
999.7
1000.4
1010.4
1011.5
1008
1005.9
1001.4
1009.1
1019.1
1005.2
1005.8
1012.1
1020.6
1007.4
1008.1
1010.2
1012.6
1006.7
1005.1
1017.6
1023
1024.8
1031.1
1019
1022.9
1019.8
1012.3
1023.4
1021.6
1018.4
1019.2
1023
1021.7
1033.2
1026
1029.8
1028.4
1019.9
1010.4
1013.6
1016.5
1014.9
1017.6
1013.5
1018.1
1016.9
1019.6
1024
1016.4
1018.9
1017.9
1015.2
1020.1
1015
1017.6
1018.1
1016
1013.8
1014
1020.7
1014.5
1027.1
1017.8
1030.4
1031.2
1030.3
1022.6
1027.9
1023.3
1016.2
1016.8
1012.2
1004.6
1005.9
1004.5
1000.4
1000.4
1005.8
1003.4
1006.7
1007.6
1004.8
1005.3
1000
996.5
990.2
994.2
995.7
996
992.3
995.4
1002.5
998.6
1002.7
1000.9
999.2
987.9
988.4
985.5
982.8
980.2
980.2
970
976
976.2
976.1
972.1
975.8
982
985.3
977.4
984.9
978
971.4
964.5
963.6
968.7
969.1
974.9
974.7
982.9
980.9
982
981
981.1
985.1
972.8
978.1
963.8
971
968.3
962.1
963.6
959.5
969.3
961.9
958.5
960.3
961.3
959
962.6
968.3
964.4
961.4
960.4
956.5
945.1
943.2
942
944.1
942.6
940.9
946
943
938.9
937.6
929.6
932.6
925.7
924.4
923.4
922.8
924.1
918.3
920.5
921.4
916.3
911.6
919.1
917
926.5
907.4
907.7
913.7
899.8
895.2
890.4
895.8
902.3
897
905.9
896.4
899.2
908.4
904.3
903
894.8
897.9
908.2
935.6
919.9
911.3
913.5
910.1
897.9
897
895.7
895.1
899.1
902.2
902.5
902
897.4
902.7
898.7
896.3
890.3
892.1
896.1
894.1
895.7
894.3
896.7
903.5
904.8
904.6
905.9
898.5
902.6
890.9
891.1
894.2
888.9
888
896.6
893.6
892.2
899.6
899.7
899.1
892.6
903
892.1
899.1
888.3
887.5
890.8
883.8
880.1
883.7
886.1
884.5
883.2
886.5
888.5
888
893.5
891.1
890.8
881.8
877.5
880.5
881
880.7
885.2
878.5
873.2
879.1
881.4
886
885.7
887.5
880.5
881.5
880.2
879.5
874.1
876.3
875.4
869.5
867.5
879.3
881.8
876.4
879.2
882.3
887.9
877.5
874.2
871.6
867.3
865.2
860
871.5
872
873.1
874.7
875.4
875.2
876.6
884.1
880.3
888.3
875.5
875.9
875
871.6
866.4
868.8
863
864.8
869.9
873.3
869.4
878.6
881.5
879.6
882.7
876.2
866.9
868.1
864.8
868.1
863.6
867.8
862
868.5
865.9
866
868.8
872.5
868.9
874.8
872.9
870.2
868
864.9
858.4
858.8
863.2
860.8
860.3
862
864.4
867.7
871.8
868.7
865.5
864
865.7
869.5
851.4
854.1
851.3
855.8
854.8
857.8
855.5
857.4
856.3
865.3
861.5
865.6
860
866.6
857.8
852.4
849.1
853.8
850.8
850.5
854.5
852.2
855.1
850
854
854.9
852.5
856.7
854
848.6
843.7
849.7
848.8
844
844.8
843
845.8
846.5
849.2
856.2
857.7
847.7
848.8
846.9
838.2
837.5
839.2
844.9
841.9
840.1
841
836.1
850.5
843.8
845.5
845.9
841
847.1
842.7
843.4
835.2
835
836.9
838.7
836.8
836.7
834.9
835.5
839.6
843.9
847.5
849.4
842.2
840.4
845
838
832.3
833.6
832
829.9
836.2
836.9
846.4
848.3
846.9
845.8
836.7
850
837
831.3
833
827.6
831
834.7
828.8
834
832.6
836.4
841
837.4
834.9
842.8
838.5
836.5
833.5
835.1
827.6
827.5
826.7
820
825.1
829.3
828.9
836.4
834.1
834.9
833.4
836.6
828
825.8
820.2
823.4
827.4
824.4
824.3
822.7
827.4
829.5
830.6
840
824.5
818.1
818.7
818.4
818.1
818
824.5
814.6
820
812.9
817
825
823.2
830.1
830.6
829.9
821
831.5
817.6
818.5
821.2
819.4
812.2
810.9
818.4
817.6
811.2
829.1
825.6
830.6
826.7
826.5
815.5
818.5
812
819.1
815.9
814.7
815.1
814.6
809.8
814.6
816.4
825.7
828
817.9
821.2
800.6
811.1
808.4
805.6
810.3
808.4
805.1
801.4
811.6
817.2
818.1
809.8
821.5
813
812.7
819.1
809.2
801.3
805.1
807.5
804.7
808.4
796.4
803.8
807.1
809.7
807
814.6
814.4
814.2
807
802.5
798.2
808.4
792.2
803.9
798.4
798.6
806.4
805.3
806.5
809.3
811.3
810.9
810.7
807.4
807.9
804.1
789.2
793.2
800.8
799.4
795.8
800.4
795.5
804.4
804.3
809.7
811.3
801.6
800.8
796.4
793.6
795.2
794.1
789.9
793.6
791.8
791.7
795.3
798.4
800.8
798.4
801.7
798.9
789.3
797.3
789.5
792.4
792
788.8
788.3
795.6
793
794.8
793.7
799.4
798.2
794.1
797.5
792.5
791.6
789.3
788.6
791.6
785.1
792.3
785.6
781.8
787.5
787.6
791.4
794.1
793.4
787.4
791.3
790.3
791.6
787.6
789.5
786.3
779.4
788.5
790.7
775.6
788.9
787.1
793.2
788.7
792
791.4
791.5
789.7
782.6
783
779
784.2
780.4
778.7
779.2
783.1
778.4
781.8
791.6
790.9
789.9
783.3
785.6
783
782.9
777.6
774.8
768.4
775.2
771.8
775.4
786
778.7
782.5
780.9
784.2
776.7
774
775.6
771.9
769.2
765.9
764.4
765
773.1
772.1
776.8
777.3
778.6
775.7
778.2
782.8
774
775.9
770.2
767.8
765
762.9
760.3
754
771.8
775.3
771
774.3
779.3
773.6
772
774.8
768.7
768.3
768.9
765.7
764.3
771.4
756.2
764.2
763.9
762.2
774.6
773.2
775.1
772.2
777.1
768.7
762.9
759.9
766.7
765.2
761.4
763.9
765.4
764.3
767.6
776.1
775.5
772.9
775.1
775
774.7
