543.4
547.4
535.6
538.2
541.9
534.5
532.6
537.3
535.3
542
537.3
549.1
547.8
553.2
547.4
547.2
541.4
537.5
535.1
536
536.6
538.7
543.6
537.6
539.1
546.2
544.6
548.6
543.2
541.1
536.4
546.9
538.2
536.7
538.5
536.3
541.5
538.1
538.7
542.5
550.4
543.9
545.6
549.2
540.1
535.1
536.2
534.8
534.2
538.4
526.8
536.4
536.6
539
539.4
547.5
546.1
548.1
543.2
545.3
542.8
530.4
538.3
534.8
529.1
532.4
535.1
545.4
537.8
541.6
546.7
547.6
550.7
546.5
538.8
538.1
539.8
534.1
536.3
537.1
531.9
537.2
541.4
541.4
544.8
545.1
544.9
541
540.5
539.9
537.3
534.8
534.5
534
530.5
537
535.8
539.9
546.9
542.3
541
547.7
540.1
539.3
543.8
530.4
533.7
534.3
537.1
538.5
534.8
543
542.3
538.7
536.9
540.6
542.9
542.6
551.1
541
537.6
532.1
533.6
529
532.5
537.5
534.6
532.7
539
545.7
544.2
550.5
548.3
541.4
543.6
536.3
527.9
531.6
532.5
531.1
531.8
537.8
536.1
540.1
540.9
543.7
540.6
541.6
541
545
529
534.6
533.9
531.2
536.3
534.1
528.2
544.4
541.1
540.2
545.4
544.6
545.6
538.1
548.3
537
542
531.5
539.5
530.6
530.7
534.8
538.4
534.6
536.5
536.8
543.2
544.5
541.5
533.1
539.7
543.5
531
539.1
533.7
534.5
538.8
538.9
541.2
542.1
543.1
536.9
548.5
538.1
536.8
525
531.6
533.6
530.1
535.2
539.5
533.7
538.7
542.8
543.3
544.1
541.9
540.1
544.9
540.1
534.7
536
533.1
533
533.7
533.2
532.1
532.2
544.4
538
543.2
542.3
545
538.7
541.7
542.2
538
540.7
538
533.7
544.6
544.6
539
538.3
537.4
541.7
538.8
545.5
539.1
536.9
541.1
533
536
531.5
531.3
532.7
530.7
526.6
545.7
540
544.5
545.1
544
537.6
541.9
536.3
529.2
532
533.1
528.5
528.1
534.6
530.2
533.6
540.6
536.5
542.8
538.7
544.2
537.7
538.3
535.3
530.2
535.5
533.2
532.9
527.5
535.8
539.2
534.2
543
538.9
550.4
544
533.6
537.9
536.8
528.7
529
534
526.4
529
536.6
529.1
536.1
538.7
542.2
543.4
541.2
537.4
539.4
531.5
535.2
548
534.2
536.7
536.1
537
530.2
538.2
542.6
544.4
548.3
543.8
536.8
538.4
533
525.3
529.9
532.2
532.3
535.9
536
538.4
536.8
539.1
541.9
544.9
543.3
537.5
535.5
528.9
527
535.9
526.4
533.5
536
538.5
536.2
532.2
542.5
536.9
541.3
536.2
532.8
530.4
530
535
527.1
527.2
533.5
531.6
537.5
533.9
540
541.2
543.7
539
534
537
541.1
534.7
534.5
528.3
530.5
531.7
528
533.8
539.3
535.6
538.3
546.5
540.7
534.5
532.7
536.1
532
535.5
528.7
529.5
528.7
533.4
536.8
545.3
535.5
540.4
542.5
537.1
539.8
533.4
537
531.5
530.5
529
519.2
529.7
532.7
532
535
535.5
537
541.9
538.4
536.2
535.2
534.2
527.7
526.9
531.6
521.6
529.9
531.2
533.4
537.2
532.9
539.5
530.2
540.3
541.7
535.2
538.3
527.4
533.5
532.1
527.6
525.6
532
527.8
537.3
536.8
536.4
536.5
537.4
532
537.3
533.4
533.7
534.3
537.5
532.2
531
528.7
527.5
527.7
534.7
536.2
538.3
540.1
537.9
529.4
530.6
523.8
520.5
530.8
527
529.4
529.7
526.3
533.8
535.4
539.2
536.3
534.8
533.7
542.1
528.7
528.7
529.5
523.3
526.9
526
526.2
527.8
530.8
537.7
535.7
535.1
530.5
534
529.9
534.8
527.2
532.5
525.5
524
529.7
523.2
530.2
534.2
535.4
538.2
541.9
532.1
539.7
532.5
536.5
528.3
524
522.6
529.5
521.3
526
532.7
535.7
530.9
529.2
540.2
534.9
536.2
530.2
531.9
522.8
526.4
535.3
532.7
531.6
529.6
527.6
534
533.5
538
538.9
536
535.2
530.2
533.7
528.1
528
524.1
529.2
519.4
520.4
527.5
528.9
532.4
536.1
538.5
541.7
538.5
533.2
528.7
537.6
526.2
527.2
528.6
528.5
524.2
531.1
529.2
536.2
538
539.7
536.2
536.2
533.4
531.7
529.5
533.7
526.2
526
525
527.7
526.7
534.8
534.2
536.7
536.4
538.4
537.3
536.7
531.2
529
532
533.1
527.3
526.7
530.5
528.8
527
531.5
535.2
535.6
540
535.7
536.1
528
535.9
528.2
522.5
526.1
528.9
528.9
526.3
525.3
532.5
532.4
537.7
536.9
539.3
536.4
530.5
526.5
532.5
528
522.7
517.1
520.8
525.7
531.2
530.5
540.2
542.3
534.5
533.1
533.2
536.2
530.9
532.6
526.3
534.5
523.3
525.6
528.9
527
535.2
537.9
536.5
535.5
537.5
536.5
521.8
536
530.9
524.2
530.6
522.5
523.5
522.1
524.7
533.8
532.1
531.7
530.7
537.9
537.7
529.7
526.3
535.7
529.2
522.9
528.7
527.8
523.4
525.4
535.7
535.3
537.7
544
535.2
538.4
530.9
536.9
528.5
528.9
526.1
526.2
526.2
523
527.8
530.4
532.9
540.4
537.4
536.1
534
532.4
529.7
532.7
528
528.2
528
523.3
524.4
526.1
532.6
532.7
536.1
536.8
539.2
536.9
527.9
532.5
532.8
524
522.6
530
523.6
521.8
526.7
532.2
530.8
535.2
539.8
532.4
530.9
527.3
531.7
528.5
526.8
519.7
526.9
523.3
524.3
528
528.3
531.4
537.7
536.2
538.7
534.2
525.3
526.7
526.2
528.3
527.2
525.9
526.8
523.4
528.8
531.2
530.8
535.5
543
542.8
539.2
537.7
529.6
528.8
532.2
524.6
523.4
522.1
519.6
520.8
525.2
525.4
534
529.8
536.9
531.5
524.8
528.8
536
528.8
525.4
523.7
528.3
523.1
530.2
527.9
540.2
539.2
535.4
534.7
531.9
540.6
533.6
522
524.8
531.5
530.1
530.8
525
530.4
530
534.2
539.5
536
536.8
537.5
536.4
532
518.6
521.8
524.4
532.4
530
526.1
534.9
536
535.7
537.7
533.1
534.8
540.7
531.7
529.2
528
528.1
530.1
524.9
526.5
525.4
530.8
532.7
535.2
532.1
530.2
532.1
535.4
529.2
528.5
524.8
526.8
531
524.2
528.3
523.4
536.5
532.1
537.7
534.5
538.8
531.1
533.4
531.4
533.7
530
521.6
528.5
525.7
530.5
528.5
526.8
533.5
533
536
542
538.2
534.5
533.9
536
528.9
530.5
523.4
528.2
529.5
531
525.2
533.4
532.9
533.1
538
532.8
535.2
530.8
527.4
533.1
526.2
531.7
521.4
528.3
529.3
531.1
532.6
535.5
537.7
534.6
532.7
535.5
537.4
528.7
529.6
524.8
528.7
527.7
529.5
530.9
526.5
536
538.2
532.3
534.5
540.1
540.5
533.3
530
528.1
529.2
531
527.8
528.7
523.5
531.2
537.5
545
534
542.4
545.4
534.2
540
530.9
526.3
528.1
526.8
532.9
527.5
526.7
532.1
534
534.6
543.7
542.5
541.7
535.2
538.3
534.5
529.3
528.8
527.3
525
529.8
530.7
531.7
539.8
535
534
541.7
558.6
533.2
534.2
543.5
531.2
527
533.1
536.2
527.8
531.7
531.2
530.9
537.7
541.2
537.6
536.1
538.5
533.3
533.7
526.1
529.8
524.7
529.2
530.2
529.3
534.7
534.5
542.1
541.2
538.2
534.2
536
534.9
540.7
530.8
532.2
528.8
533.7
530.5
534
533.7
533.2
537
542.6
537
534.4
537.9
534.2
529.8
536.1
525.6
531
525.2
531.4
532.2
532.2
540.2
537.5
544.7
541.6
536.7
536.1
534.7
535.4
533.8
529.5
532.2
523.8
531.1
525.3
537.5
534.7
544.7
543
535.6
539.8
538
535.3
528
525.2
531.6
525.3
521.6
525.9
525.1
537.4
531.8
541.6
539
540.9
541.3
537.9
537.7
531.2
528
528.2
534.8
527.8
532.6
533
537.2
523.1
545.5
537.8
528.3
534.6
534.7
539.4
531.3
530.7
528.5
530.4
527.8
530.7
530.8
534.2
538
535.8
538.1
538
538.6
538.3
538.6
533.1
523.4
527.2
525.4
527.8
534.9
534.4
535.5
535.6
540.2
539.6
543.5
530.7
536
531.4
526.7
533.7
531.7
528.9
534.7
530.7
538.2
536.7
541
543.4
535.6
542
535.5
533.2
536.7
533.2
532.2
527.9
524.2
532
526.5
526.8
532.9
534.2
537.2
541.3
541.8
538.8
536.7
534.7
535.4
536.9
529.4
532.2
528.3
527.2
530.8
534.6
538.7
541.7
537.4
534.2
541.7
539.1
537.5
535.9
528.7
524.3
529.3
529.7
533.4
533.5
531.1
542.5
541.7
538.1
539
538
533.5
536.7
531.5
535.8
528.8
532.6
530.9
523.6
530.5
540.2
539
536.4
540.2
535.4
536.5
536.6
538.7
531.7
532.2
527.2
530.2
528.4
524.8
532.6
533.7
537.1
542.5
539.5
539.7
539.2
544
535.2
532
533.7
530.1
532.7
528.8
534.5
535.3
535
537
542.6
537.7
540.7
545.1
536.7
535.7
532
530.2
531.5
528.6
530.5
528
534.9
535.8
536.9
539.2
540.9
542.6
539.2
532.9
536.2
538.4
531
533.8
534.6
528.5
542.1
529.4
530.5
536.5
541.4
542.8
550.2
543.2
540.2
532.7
532
535.1
528
529.5
530.1
527.1
533.4
536.1
542.8
537
545.6
543.3
545.5
537.1
535.1
526.5
532.4
535.5
529.5
532.1
529
530.6
533.7
536.1
538.2
544.3
545.2
539.5
539.2
535.4
530.9
540.6
525.8
529.7
531.6
533.7
537.7
541.5
539.5
539.4
543
547.5
537.7
539.2
532.8
533
532.3
532.6
524.6
527
535.7
537.5
544.2
543
546.7
545.2
542.6
541.4
528
534
526.9
531.8
531.1
527.3
530.4
532.7
538.4
539.5
543.9
547.4
544.4
544.7
537.3
539.1
528.9
528.5
529.6
524.5
530
523.1
532.6
548.8
543.5
534.2
542.9
537.9
541.3
536.6
536.2
534.7
531.3
527.9
535.1
531.9
533.5
530.6
538.7
538
548.8
541.8
538.2
536.9
538.3
530.7
534
535.4
533.2
534.7
530.9
526.7
534.4
533.1
537.7
543.3
546.3
538
537.5
540.1
536.1
536.3
534
529.1
534.7
530.3
534.1
525.6
539.7
540
533.9
542.5
545.3
543.4
535.5
533.5
532.9
533.7
534.4
532.6
531.3
538.5
534.8
539.7
543.9
540.3
545.4
543.6
548
543.3
531
531.7
539.5
531.2
535.8
536.5
537
533.7
540.3
545.2
536.5
539.2
545.3
540
537.9
534.5
539.3
530
533.1
535.5
532.4
534.4
539.2
528.8
539.2
539.2
541.8
543.5
540.5
533.3
541.9
533.5
536.6
535.5
534.1
531.1
536
538.6
536.9
543
540.5
538.7
544.8
540
544.1
530.2
535.1
540.5
536.3
531.7
538.7
538.9
539.4
540
546
545.2
545
540.5
540.3
537
536
537
534.5
538.2
531.6
532.7
536.5
539.3
542.7
544.1
540.9
545.5
545.5
542.8
541.3
530.7
540.9
536.2
534.9
530.3
536.2
532.5
538.5
543.7
542.5
548
545.3
537.3
541.7
545.8
537.7
539.1
529.3
530.4
532.2
533
532.4
534.9
541.9
544.5
543.5
545.8
544.5
542.3
543
542.5
536.3
538.7
539.2
531
532.5
534.5
535.5
537.3
544.9
543.5
544.2
542.8
548.2
537.5
532.7
534.8
536.7
536.5
533.5
529.5
536.3
540.5
538.4
540.8
546.5
547.5
547.2
547.3
542.8
540.5
543
536.1
541.7
542.1
537.4
536
543
543.3
539.1
547.1
546.3
548.5
541.8
539
539.4
539.6
536.9
538.2
528.2
537.4
543.8
537.5
537
541.4
541.5
548.6
544.9
545.1
545.3
539.1
532.3
534.2
535.7
536.9
539.4
534.7
537.1
533.2
540.8
545.3
536.7
543.6
547.6
537.9
540
539
535.7
539.6
537.2
534.1
534.6
533.7
537.8
539.4
546.1
542.6
552.9
544.5
540.7
542.8
536.5
540.2
536.4
540.5
537.9
537.1
548.1
544.8
545.6
552.1
541.9
544.8
543.1
545.4
543.6
541.6
543.9
541.3
539.2
536
538.7
541.5
543.4
553
543.5
547
548.6
543.8
543.5
542.6
535.6
536.4
533.1
537.8
546.6
538.7
548.2
541.8
548.5
552.2
554.8
548.3
547.2
548.2
549.9
546.8
534.6
544.6
535.8
544.5
541
536
550.4
542.9
546.4
551.9
549.6
550.3
542.5
544.1
537.5
536
543.2
536.2
539
540.5
542
543.6
544.4
544
549.7
552.3
544.5
549.4
531
538.4
541
540
540.2
543.1
537.3
546.4
551.2
550.1
554.8
553.8
557.2
557.7
545.6
550.8
544.7
540.6
538.6
538.7
543.4
543.4
545.3
548.9
550.7
552.3
553
543.2
555.8
546.4
551.7
542.1
544.3
547.1
527.1
548.4
542.6
545
554.5
552.2
552.8
552.8
553.7
550.5
552.1
541.8
545.6
542.5
533.1
541.5
540.6
541.8
547.1
543.1
553.7
552.3
554.5
555.3
553.9
554.5
553.8
544.9
545
540.6
538.4
538
543.3
548.5
552
553.2
546.9
550.9
556.4
551.8
549.5
549.7
546.7
548.5
539.5
540.4
553.8
542.3
543.7
543.4
554.6
553.5
551.6
551.8
555
552.5
547.5
547.1
542.6
547.4
549.2
547.6
540.8
551.3
551.2
551.1
552.3
557.6
554.8
549.5
551.2
550.2
548.7
540.3
543.7
538.4
546.6
544.9
546.4
553.2
552.3
555.3
553.3
550.7
556.4
546.3
540.6
546.1
550.5
550.9
535.1
545.2
541.9
548.9
549.7
549.1
556.1
556.6
555
554.5
552.4
547.4
541.9
547.2
547.2
547.4
543.8
545.7
549.9
550.2
552.7
553.7
554.6
554.3
553
555.4
548.2
549.3
545.2
555.2
546.7
547.5
550.4
549.7
553.7
549.6
554.7
554.4
556
552.1
561.6
552.6
545.9
544.2
549.2
541.4
549.5
546.6
548.1
551.3
557
558.3
556.5
554.6
550.3
546.7
542.3
547.5
542.6
547.4
542.2
541.1
548.4
548.4
555.2
554
559
559.9
555.5
550.8
549.4
551.8
543.5
543.8
542.9
547.7
545.1
550.2
554.1
552
552.5
563.5
557.6
550.3
554.8
547.6
547.5
546.4
547.5
549.5
546.3
549.5
547.4
547.4
556.3
549.5
558.7
556.4
553.7
555.8
553.8
549.8
542.9
545.4
543.8
544.4
542.8
549.5
548
556.3
555.5
552.9
558.8
553.5
550.7
550.2
548.5
545.8
546.2
546
545.4
551
545.7
528.3
558.9
548.4
557.3
554.4
556.4
553.5
547.2
548.2
549.9
549.3
546.6
550.4
544.3
551.2
551
549.3
551.6
558.1
556.6
557.1
549.1
556.6
552
549.4
546.6
548.1
544.4
553.1
546.7
555.6
548.6
555.8
554.2
558.3
555.8
555.3
555
550
548.1
542.1
545.1
547.9
547.7
550.1
548.3
552
553.2
549.7
558.3
554.4
552
554.3
543.9
546.4
548.4
545.9
550
542
548.3
552
548.4
556.1
560.4
557
552
553.3
548.5
545
547.8
544.4
547.8
547.4
542
546.8
551.1
551.5
551.9
553.1
552.5
555.7
554.6
555.5
549.7
546.8
548.2
549.9
545.9
546.1
550
549.7
551.9
553.3
551.7
547.9
553.3
549.2
547.8
548.7
546.1
541.2
545.2
542.8
542.2
546.7
549.2
549.8
556.9
558.6
559
552.2
554.1
546.5
550.3
545.7
554.3
552.6
548
553.4
549.6
551.3
555.1
559
558.2
559.8
554.9
555.8
548.8
550.4
544.2
544.7
543.5
550.3
557.3
551.4
559
552.3
556
559.3
551.6
561.3
558
550
551.2
549.3
548.7
543
546.8
546
546.5
549.6
548.9
561.4
557.9
560.2
553.8
553.9
549.1
549.5
550.9
549.7
548.5
546.4
551.4
552
545.2
551.9
558.2
559.2
558.9
554.3
556.3
553.1
547.9
550.7
548.3
540.2
548.3
548
560.2
556.3
561.9
556
562.5
554.8
558.7
553.3
547.2
546.6
547.6
552.8
549.7
557.7
550.3
562.3
555.7
558.7
565.7
564.9
561.8
555.2
554.3
552.8
557.5
548.7
553.8
552.8
550.9
553.1
547.1
560.1
559.8
566.2
562.2
558.9
558.2
567.5
549.9
553.1
548.6
555
556.9
551
553.5
552.6
558.9
557.4
558.6
563.4
567.9
560.1
563.9
560
562.8
557.2
551.7
551.1
547.8
549.8
557.5
557.8
562.8
565.9
565.8
563.4
564
561
558
553.6
562
559.5
550.1
555
557.2
554.3
556.1
566.5
560.4
564.6
569.6
565.5
562.6
564.5
557.7
556.6
548.6
555.7
550
558
552.3
555.4
556.7
568.4
567
564.6
563.1
560.3
559
552.3
558.8
552.4
552
559.1
555.7
561.1
558.1
567
559.2
564.7
565.1
568.2
565.6
551.2
561.3
555.6
556.1
557.2
558.6
558.5
559.5
565.2
558.7
563
564.4
560.2
566.8
562.6
562.1
559.4
552
556.3
553.9
549.5
541.9
557.1
564.6
560
562.3
570.9
565.5
568
561.8
560
561
554.6
558.2
557.4
553.4
553.6
556.2
561.4
560.8
562.9
569.2
568.9
564.1
566.2
566.2
562
563.2
563.5
561.4
556.9
553.4
560.3
561.1
565.5
566.4
567.7
565.2
565.7
563.1
561.3
559.4
560
553.4
557.2
561.7
556.4
550.6
562.1
563.4
564.2
567.5
568
569.8
569
564.8
560.3
556.9
559.5
552.8
554.6
561.1
557.7
564.1
566.8
564.9
567
574.9
570.7
563
562.1
565.3
559.3
561.7
554.3
561.6
558.2
559.6
565.6
564.4
563.2
571.5
568.1
567.8
566.1
560.8
558.7
554.4
555.5
559.6
559.8
560.5
557.7
558.1
554.6
564.3
564.4
567.6
564.3
555.4
561.1
564.3
559
557.8
555.8
554.1
556.3
561.1
564.7
564.7
566.5
569.6
571.5
561.2
562.6
562.9
559.4
556.9
559.6
557.1
560.4
559.2
560.1
562.4
569.1
569.4
569.5
570.9
568
566
559.4
564.2
557.1
558.6
558.4
558
564.4
563
563.2
563.2
567.8
566
570.2
562.1
563.4
568.1
562.5
556.8
560.3
555.9
556.7
563.2
562.6
564.6
563.9
575
567.1
571
565
560.5
563.6
561
559.5
554
556.7
555.9
559.3
562.3
567.3
569.3
568.5
569.6
569.7
564.5
561.5
556.5
559
558.5
561
559.7
558.4
564.7
565.7
567.8
570.9
569.9
568.5
564.8
557.2
554.7
562.7
560.6
560
560.6
562.7
563.4
565.3
559.6
565.2
571.2
568.3
568.3
567
562.1
563.4
560.3
558.7
560.3
558.6
556.7
562.1
561.4
567.6
570.4
570.9
566.4
570.3
562.9
563.9
563.6
562.2
559
558.2
557
558.2
559.6
565.1
569.5
563.4
568.1
570
569.5
565.2
569.2
566.3
557.4
561.7
562
559
563.8
560.7
564.2
569.1
567.2
572
564.4
568.1
569.1
564.7
561.6
563.7
561
557.9
557.6
571.1
567
569.6
566.2
573.1
579.6
579.5
576.4
575.3
569.9
571.2
564.1
570.4
565.4
563
566.5
568.2
570.1
574.4
578.3
573.4
573.8
573
561.5
570.5
566.5
573.6
562.3
559.4
562.2
565.5
569.3
563.9
570.8
572.5
575.1
571.8
570.6
567.8
565.7
559.5
560.8
560.8
569.1
567.3
563.7
565.7
567.2
572.9
569
577.8
568.1
570.6
566.1
562.3
563.8
559.7
567.5
573.7
559.7
564.7
569.3
573.3
573.5
577.4
578.8
571.4
576.5
577.1
572.7
568.3
571.1
567.3
567.1
566.3
569.6
569.5
573.6
568.6
575.9
575.5
579.1
572
575.7
579.7
570.4
562.3
569.3
569.4
564.3
569.9
565.4
570.3
574.7
579.3
578.6
578.5
575.5
576.1
566
570.9
570
564.5
566.8
570.7
568
566.4
570.2
575.6
575.6
574.6
573.1
577.5
571.5
570.4
566.3
573.5
560.4
569.6
566.2
564.4
568
575.1
570.8
575.1
577.5
576
567
571.1
572.5
565.7
563.2
569.2
564.6
568.7
564
567.7
575.7
573.1
579.4
574.3
576.7
573.1
575.8
569.5
569.1
564.7
565.1
564.4
567.4
571.7
568.4
572.3
576.7
580.7
577.2
578.4
572.7
576.4
572.4
569.1
573.1
561.8
567
562.9
569.8
571.5
575.1
578.6
575.7
576.6
577
574.9
572.2
569.3
569.4
566.6
564
567
567.5
561
570.8
568.9
576.2
577
581.6
576.7
568.6
569.3
570.6
561.8
568.5
564.6
566.1
570.4
568.4
569.6
572.8
573.4
574.9
578.8
574
573.6
577.2
566.3
569.1
569.4
566.1
566.3
568.3
571
569.1
567.2
579
577
573.5
577.4
579.3
573.3
569.1
571.4
567.7
570.9
569
567.5
564.4
569.6
577.4
575.3
575.2
576.7
583.6
573.4
572.7
574.7
569.1
568
567.5
566.3
568.6
565.2
569.6
571.7
576
582.3
581.2
573.7
573.6
574.4
568.7
573.5
565.2
569.1
565.8
566.2
566.1
569.8
571.7
580.9
578.9
575.2
576.7
573.8
568.9
571.2
571.5
564.1
565.5
569.8
563.3
565.7
567.5
568.2
576
577.1
571.3
580.7
573.1
571.6
567.8
567.6
570
566.5
566.2
566
569.3
566.3
576.2
582.3
581.7
577.9
576.4
575.1
567.9
572
569.2
568.9
568.3
569.9
568.6
569.9
573.8
576
574.5
579.9
578.2
579.2
576.5
566.9
567
571.7
566.3
567.2
569.1
574
572.7
558.7
578.4
579.4
578.1
576.9
576.5
574.6
573.2
566.7
573.1
573.1
573.2
570
576.4
577.6
580.1
576.3
579.4
573.6
574.1
576.5
579.3
576.6
568
570.6
573.4
578.7
566.1
574.3
567.8
578.8
585
577.5
583.8
578.5
572.8
575.4
574.5
572.4
572.4
570
572.5
575.3
575.1
578
572.3
580.7
580.9
586.8
579.9
583.9
574.3
554.8
576.3
573.6
574
572.3
572.1
577.4
577.8
580.5
583.6
585.6
584.4
578.8
574.8
582
574.5
570.6
571.6
571.4
573.2
573.9
574.6
578
578.2
583.2
579.1
582.8
586.2
579.6
577.9
575.7
583.3
573.5
575.4
571.7
577.7
578.8
580.6
582.2
584.2
581.9
578.7
581.8
582.3
575
578
577.2
576.4
570
574.8
579.5
571.8
583.5
585.4
586.6
584.8
588.2
581.7
581
573.9
577.9
573.1
566.4
574.7
573.5
568.5
579
578.7
582.8
576.1
579.6
577.2
584.1
581
570.6
574.7
576.6
572.5
572.4
574.4
577.8
576.4
579.7
581.2
583.3
585.4
580.8
583.7
583.3
577.2
575.3
570.9
571.8
576.1
576.9
574.2
580.3
577.1
577
586
582
582.5
581.4
581.3
572.2
580.6
574.3
573.9
570.8
570.8
579
584
586.1
576.6
584.3
591
585.6
585.2
582.5
582.1
580.2
572.3
573
576
574.2
575.9
572.8
579.7
584.6
581.3
579.5
585.2
583.3
579.5
579.4
576.8
581.5
577.2
576.9
573
575
576.6
579.6
590.6
588.4
579.6
586.7
583
585.9
581.5
572.3
574.9
574.6
573.3
573.5
576
574.9
580.8
582.4
579.8
580.8
590.5
589.1
584.9
575.6
579.4
581.7
575.4
573.9
575.8
575.8
578.1
579
578.1
582.7
580.4
577.1
584.5
580.4
577.7
575.8
576.6
575.9
576.1
573.9
577.1
580.4
581.4
577.6
587.1
590
586.7
581.8
580.7
578.6
573.5
573.6
566.4
574.1
575
569.8
572.5
576.4
583
587.1
587.8
584.1
581.2
581.5
569.3
582.3
580.3
574.1
574.3
570.6
575.3
574.5
580.9
583.8
581.4
586
586.5
587.6
585.2
578.1
580.5
578.4
574.8
573.9
575.1
574.1
574.2
580.2
582.6
582.7
587.1
582.3
587.3
581.1
581.7
576.3
575
577.8
576.2
577.2
578.3
578.3
582.1
579.9
585.6
589.9
583.3
584.4
583.1
581.5
577.6
574.8
567.7
572.7
574.8
567.9
575.4
576.8
582.3
586.6
585.5
584
584.1
590
581.4
577.4
575.5
573.8
578.9
577.4
575.1
579.2
579.2
580.4
577.6
579.1
588.7
587.6
584.6
579.9
578
577.9
574.2
576.7
572.5
573.8
580.1
582.2
585.2
586.8
582.5
588.7
584.9
579.1
581.8
575.3
582.2
576.6
576.6
578.3
578.9
578.6
582.1
583.3
588.1
584.9
588.8
580.8
584.1
579
576.1
574.7
573.6
575.9
576.2
578.2
577.1
578.8
585.9
589.6
582
582.7
587.8
580.1
575.2
571.9
576.8
572.3
571.9
576.8
576.8
580.5
581.9
582.2
584.9
580.5
589.9
585.3
572.4
579.8
575.6
577.8
575.6
581.6
577.9
575.9
578.8
583
579.8
584.6
584.1
588.4
584.9
584.1
577.9
574
575.9
580.1
556
579.9
577.3
578.5
582.5
588
584.3
587.2
586.5
583.8
583.3
578
572.4
573.6
576.5
570.1
573.9
568.8
578.5
576.1
580.9
584.4
580.3
584.5
581.8
580.1
581.1
572.7
569.8
577.7
573.2
577.5
574.4
576.4
580.3
579.8
582.5
580.4
587.6
582.4
583
584.4
573.5
575.6
568.9
571.7
572.1
574.5
575.9
584.3
580.1
582.1
581.1
583.8
585.2
578.4
577.5
580.6
575.8
576
576.6
570.5
576
577.7
581.4
581.7
583.1
583.7
582.6
585.2
575.4
577.6
574.3
579.7
572.7
574.8
575.6
572.7
571.1
579.8
578.5
581.9
585.7
582
584.2
578.4
576.8
578
576.9
574.2
573.3
576.4
572.3
576.7
577.6
580.2
584.1
581.8
587.4
582.7
585
581.3
571.1
571.9
574.4
572.5
571.9
570.2
572.4
578
580.1
580
583
582.7
582.8
581.4
579.3
576
572.9
576.4
575
570.3
571.3
574.9
577.6
584.1
583.5
584
581.2
581.9
580.4
573.4
571.5
572.9
573.4
569
567.3
573.6
578.4
577.4
582.1
582.2
584.6
579
579.5
579.3
576
575.6
566.5
574
576.7
573.2
573.3
576.7
577.8
581.3
585.5
586.8
583.1
576.1
579.5
574.8
576.9
571.1
571.3
564.3
570.2
573
567.1
571.5
578.5
583.6
582.4
580.8
579.6
574.8
569.7
571.7
574.1
571.5
570.1
568.5
573.8
575.8
578.4
583.5
581.2
580.5
575.3
573.2
573.2
571.4
576.8
569.5
568.3
569.8
572.2
571.1
575.9
576.4
583.5
581.1
578.5
581.9
576.4
574.5
577.6
570.5
580.5
572.1
569.8
569.6
574.5
571.9
580.8
579.9
585.4
582
580.1
577.4
572.7
574
565.2
565.4
572.6
565
560.6
574.6
569.7
578.9
579
581.3
582.2
580.1
575.1
571.4
571.9
570.2
566.8
568.1
567.5
569.3
569.3
568.5
572.5
581.9
580.2
579
575.1
567.8
580.9
569.3
566.5
565.6
563
568.2
563.5
570.3
570.3
579.3
576.1
578.3
576.9
578.6
574
569.4
564.6
571.2
565.6
566.9
560.9
569.8
568
571.1
572.8
575.9
572.1
580.5
575.7
571.8
574.3
566.1
564.3
565.8
570.4
566.4
564.2
569
568
569.3
572.8
573.7
579.8
577.1
570.3
572.7
569.9
565.1
563
567.8
570.5
567.3
565.6
573.6
568.7
571.7
577.3
574.8
576.4
574.1
576.2
565.9
560.8
563.4
562.5
565.5
562
566.4
567.5
566.8
571.6
572.7
571.8
562.4
572.7
568.7
568.5
560.9
563.3
564.5
564.2
568
569.8
569
571.7
576.5
578.9
576
577.4
566
574.1
565.8
562.5
567.9
556.5
557.3
563.2
562.8
568.4
566.4
567.7
568.5
571.6
570.2
570.6
572.3
565.6
556.9
566.1
563.3
560.4
566.1
558.6
564.7
566.4
579.6
572.3
570.8
572.7
570.7
566.9
561.2
564.5
564.5
561
559.3
561
560.9
567
568.3
570.7
570.1
572.9
572.1
569.5
564.4
578.7
561.8
560.9
559.8
556.3
558.4
562
561.4
566.6
570.1
565.2
571.1
569.8
568
566.7
561.9
561.9
566.1
564.4
559.8
560.1
566.3
564.5
565
563.3
570
573.6
572.5
566.7
561.7
565.6
567.7
559.6
564
564.7
559
561.4
558
563.7
569.8
569.2
568.5
570.8
572.9
565.9
562.8
559.9
558.7
561.2
558.6
558.6
561
558.9
559.8
567
566.4
563.6
571.9
565.4
569.2
565.5
562.2
556
560.8
558.1
558.5
553.7
559.3
563
565.3
566.6
569.4
568.1
556.2
555.2
560.6
561.4
559.8
553.1
561.1
556.3
555.7
559.6
560.4
561.4
560
567.5
566.4
564.8
568.5
557.9
560.3
558.1
553.9
556.5
554.2
557.8
556.8
564.4
564.3
569.8
560.2
567.4
556.8
561.9
562.5
556.7
551.2
551.9
556.8
557.5
555.9
563.5
563.5
561.2
569.3
565.3
562.5
557.5
554.1
547.5
552.8
551
554.1
550.9
548.6
555
559.5
568.5
566.6
560.4
560.7
565.1
563.2
562.7
554.7
557.3
549.1
550.9
553.5
550.7
553.9
554.4
558.8
560.8
559.9
564.7
563.3
563.5
559.5
555.1
554.6
546
552.8
554.3
551.6
553
557.2
558.6
558.7
556.9
558.6
555.7
559.3
560.9
557.9
549.7
550.9
546
550.2
548.6
553.2
557.8
550.5
554.2
551.5
556.5
561.5
560.5
551.6
558.5
550.8
552.6
549.8
547.6
551.1
547.1
554
553.7
560.8
555.2
560.9
559.2
557.8
549.9
549.1
550.6
549.3
552.8
540.6
547.8
551.1
550.3
554.4
552
554.4
560.1
554.4
554.8
551
554.7
550.9
547.8
546.6
549.5
545.8
551.6
552.9
558
555.3
560.9
556.5
556.8
553
549
551.6
546.8
547.1
545.6
543.5
549.6
551.6
554
557.8
554.9
555.8
555.2
555.8
552.7
549
548.1
543.2
543.8
543.3
544.2
546.8
551.1
550.5
549.7
559.2
556.5
555.3
550.1
543.9
546.6
537.8
543.5
540.7
545.7
546.9
545.3
543.5
549
548.5
554.7
551.1
546.5
541.1
556.8
543.9
549.3
546
532.7
539.6
542.5
547.1
549.5
555.4
553.2
551.1
559.8
553.9
544.6
549.8
543.7
540.6
541.2
539.6
541.9
542.4
549.8
548.1
545.5
557.7
548.5
546.9
550.1
547.8
546.5
547.7
545
541.9
544
544
541.9
549.5
547.8
550.3
552.9
552.2
546.5
548.1
547.5
545.6
541.2
546.8
542.3
548.3
543.7
541.5
547.8
545.3
553.1
550.8
554.2
553.2
548.9
550.7
544.8
542.5
539.4
541.9
538.4
536.4
541.2
545.1
546.6
551.1
553.2
550.3
550.6
545
540
545.2
539.5
538.5
534.9
534.9
543.8
546.5
539.1
547.8
550.3
547.2
549.2
539
546.7
541.2
538.7
539.6
540
538
540.3
538.6
545.4
537.4
546
548
545.7
541.6
548.1
541.2
540.6
537.6
541.1
540.8
537.5
531.1
535.2
541.3
536.1
552.6
546.1
546.2
543.1
546.2
544.6
541.5
533.8
539.7
537.5
542.3
536.9
539.7
540.9
533
545.6
548
547.8
541.9
538.8
536.6
536.1
541.6
537.6
536.9
531.7
531.6
528.9
540
532.6
537.8
549.9
546.5
548.2
544.2
538.4
540.2
540.8
537.1
538.5
532.4
537.6
534.9
534.5
543.8
544
541.7
542.9
552.4
545.4
541.7
539.4
535.3
536.6
530.6
532.3
535.4
534.1
536.2
540.6
544
546.3
549.5
544.1
543.9
542.7
537
536.6
539.4
532.1
529.9
539
532.6
534.8
537.1
545.7
541.8
546.7
546
543.5
536.2
534.9
541.3
527.9
528.1
533.3
531.1
531.4
538.4
531.1
536.7
542.6
533.5
539.6
547
538.3
538.9
533.9
529.3
531.7
530.6
534.2
530.1
532
536.7
538.1
538.4
542.9
541.3
540.6
546.7
539
536
541.7
534.3
529.9
529.3
528.1
525.9
532
532.8
533.3
544.4
534.7
539.8
531.9
537.1
537.1
530.3
527.1
526.7
528.6
528.7
527.6
528.4
537.7
538.8
536.7
534.2
540.1
535.2
534.1
532.7
537.5
525.4
529.6
526
533.7
533.3
533.6
538.4
539.3
536.4
535.6
539.3
536.6
535.8
528
530.8
531.1
530
527.6
524.8
524.4
530.6
538.1
532.6
530.3
532.1
542.2
532.2
537.6
531.6
528.4
527
523.2
523.1
526.3
527.1
521.4
535.7
533.1
543.7
536.9
537.9
537.5
535.8
536.5
532.1
526.4
535.9
520.6
526.1
533.9
530.4
532.8
535.1
539
541.7
545.3
540.6
528.4
533.1
529
526.4
532
530.1
528.6
526.9
527.2
526.5
531
543.1
541.9
542.7
534.3
535.6
526.4
529.5
524.7
526.8
531.7
528.6
523.9
530.6
530.3
535.3
536.6
543.2
537.7
533.8
534.7
529.9
530
527.6
524.6
527.2
526.2
525.4
532
528.6
536.6
535.5
540
537.6
534.8
532.9
529.3
526.7
524.7
524.6
522.4
525.1
524.7
529.1
533.6
527.8
538.2
539.3
535.7
536.1
533.5
528
524.4
532.6
527.6
526.1
529.6
525.5
532.3
531.7
535.3
539.9
537.1
537
534.6
533.1
526.5
527.5
526.5
523.1
526.9
530.6
521.7
525.7
536.9
534
533.1
541.3
537.1
537.7
530.8
533.2
527.8
526.3
524
530.6
531.1
528.7
528.4
527.9
532.5
532.6
529.4
541.1
534.7
530.5
523.5
525.9
527.5
526.5
524.9
524.6
527.6
526.5
531.1
530.6
532.6
536.2
530.7
531.7
533.3
524.8
526.6
526.1
521.5
523.4
524.9
521.9
522.4
531.7
524.4
527.1
532.3
536.5
534.2
528.9
531.6
525.9
525.7
524.9
523.8
523.8
522.6
525.6
528.5
537.6
535.5
531.9
528.8
529.9
529
522
528.8
521.3
524.6
525.6
521.1
522.7
522.9
528.2
526.2
536.2
528
528.2
527.1
523.7
527.1
518.7
525.1
515.3
526.1
511.2
522.1
516.3
529.8
530.5
529
536.4
527.2
528.5
521.8
526.1
516.8
518
517.4
516.8
512.1
515.6
520.2
520.3
519.2
529.6
522.8
527.2
528.4
522.8
523
516.6
517.2
509.1
515.7
516
519.1
516.9
521.2
523.8
523.7
528.7
525.4
521.6
521.5
519.6
509.5
517.9
511.5
520.1
514.7
510.8
516.3
520.1
524.2
527.7
528.3
524.7
527
526.6
522.9
519
520.8
514
507.3
511.6
515.8
512
511.5
521.7
519.3
523.3
524.5
523
525.5
522.7
519.6
519.6
516.7
516.5
513.7
512.7
522
519.8
518.1
523.8
526.4
525.5
524.9
519.8
513.9
514.9
519.3
519.8
516
506.8
512.3
513.3
514.6
518.6
525.4
524.7
519.2
524.1
529.4
521.7
514.9
512.9
522.4
508.4
515.6
515.6
510.8
512
523.2
526.8
522.1
528.6
524.9
511.6
530.2
523.1
519.2
516
518.2
511.7
519.8
514.7
526.2
517.3
520.4
521.2
528.3
524.8
515.2
521
516.6
511.5
520.4
506.8
516.4
514.8
514.4
511.2
515
522.9
521.6
523.6
525.5
521.5
524.1
515.2
520.6
513.2
512.5
509.7
510.8
513.7
514.7
521.5
526.7
524.6
519.2
518.3
520.8
514.3
513.6
511.5
514.7
507.1
511.5
520.6
512.4
517.1
514.6
515.4
527
522.1
522.4
521
512
509.9
513.2
511.3
515
506.3
509.5
511.3
512
515.9
522.4
524.8
524.6
519.3
516.3
517.2
506.5
513
507.8
514.2
516.6
509.2
515.2
514.4
515.2
516.6
518.9
524.6
517.9
522
515
520.3
512.5
508.8
509.2
505.2
508.3
510
511.3
516.6
523
525.3
518.2
523.4
516.9
509.1
516.8
516.5
513.7
505.2
509.5
510.2
511.4
511.7
521.3
523.2
518.3
517.6
517.1
509.6
516.2
504.7
507.3
508.4
518.6
508.5
512.5
512.9
511.5
512.6
512.3
516.5
512.2
517.9
518.6
511.5
509.9
513.9
507.9
506.4
508.2
507.9
513.5
512
508.8
516.3
520.7
513.8
521.4
518.4
510.7
514.9
522.5
505.6
508.2
503.5
500.3
511.7
515.4
519.5
508.7
520.3
519.2
521.6
517.4
512.8
512.6
507.1
508.8
507.7
505.7
507.2
508
512.7
513.2
516
514.1
521.3
512.7
511.7
511.7
513.7
502.9
509.1
506.1
507.3
507.6
508.6
513.7
509.8
513.7
507.9
519.7
515.3
511.8
510.7
507.1
505
505.4
506.1
505.4
503.4
507.3
504.5
514.5
514.5
513.9
518.5
510.8
509.6
510.7
501.7
504.8
509.9
505.4
506.4
510.7
506.6
511
513.7
511.7
513.1
512.1
519
505.6
506.3
507.4
507.7
505.3
504.2
506.9
507.3
503.1
514.5
511.7
515.7
513.8
516.6
509.3
509.9
510.8
497.4
504.3
502.3
504.7
505.7
509
504.9
505.4
516.6
515.5
517.3
511.7
505.8
509.5
502
503.3
498.8
504.8
500.1
504.2
501.9
506.4
510.8
513.2
513.7
509.1
507.6
508.9
515.9
496.6
501.1
508.7
501.6
501.4
503.3
506.5
502.2
506.7
509.8
511.2
509.1
509.1
513.1
512.1
513.6
506.8
507.9
510.1
508
507.1
505.4
510.7
516.3
513.3
508.5
509.2
512.1
508.4
502.1
493.8
502.7
502.5
501.8
506
500.4
502.3
497.6
505.2
516.6
510.5
512.8
507.6
508.6
504.7
504.9
502.6
498.9
499.4
504.7
501.1
510.8
502.4
500.8
505.2
507.9
508.3
505.4
498.1
508
506.6
502.6
497.7
504.1
507.1
502.1
505.4
501.8
508.2
513.8
512.3
511.3
510.4
504.7
501.8
500.2
512.8
500.5
504.9
501.6
501.6
505.4
508.4
508.8
505.4
505.6
514.8
514.7
507.4
505.2
503.3
500.5
499.4
499.5
505.6
504
510.4
504
508.6
512.4
514.6
504.8
505.7
503.5
508.6
498.3
509.1
495.2
502.2
508.2
507.2
507.2
510.7
512.7
514.7
512
508.9
497.5
507.4
502.8
505.9
502.8
496.8
495.4
503.8
503.8
500.5
510.1
505.6
506.4
501.1
508.2
508
510.1
501.9
501.6
498.3
502
494.9
498.1
504.5
498.4
506.5
504.1
506.3
511.1
506.5
509.2
503.8
500.2
496.8
502.3
503.2
497.4
493.7
503.2
499.2
505.7
509.4
509.3
515.5
508.4
507.6
504.3
500.9
503.8
495.8
498.7
504.2
498.1
500.2
504.2
505.7
509.6
506.5
511.8
514.1
512.5
505.5
506.7
502.8
496.4
493.8
495.6
504.1
496.9
492.9
503.4
506.6
510.4
504.1
506.3
505.6
500.8
502.9
492.2
499.8
490.6
497
499.3
498.8
501.2
504.2
507.8
508.9
504.8
509.5
501.9
501
495.8
497.6
493.4
494.9
491
491.2
499.7
503.2
502.9
509.9
507.6
505.3
505.8
509.4
498.8
491.4
494.3
494.7
497.2
493.8
493.1
501.3
499.2
501.4
505.1
506.8
505.9
502
501.6
497.1
494.3
498.8
497.4
494.8
497.7
496.8
500.2
500.2
509.9
506.7
504.5
503.9
498.9
496.7
499.1
499.3
495.2
492.2
499
501.2
499.4
502.2
501.2
503.8
503.4
508.4
506.5
501.5
497.8
496
493.8
494.3
497.3
492.9
493.3
498.2
501.9
499.8
505.4
505.1
503
507.5
503.2
499.9
500.1
493.8
490
499
497.4
499.7
496.9
499.3
501.1
507.3
507
503.4
503
504.1
502.5
502.8
500
495.8
490.7
496.7
495
493.3
502.4
499.5
502.7
509.4
506.6
506
499.8
501.5
497.5
496.2
495.7
497.2
491.8
496.9
498.2
496.4
498.1
505.1
512.8
503.5
503.8
503.1
496.2
496.2
496.8
495
495.2
495.7
491.7
493.5
500.2
501
504.4
502.5
504.2
506.1
511.5
498.1
496.8
499.6
490.2
499.1
497.4
493.2
494.3
496.7
508
501.1
502.6
504.2
507.7
502.7
499.7
499.3
498.8
488.1
496
491.5
496.2
501.7
498.4
506
498.1
502.2
496.4
497.6
496
500.5
496.4
494.1
486.8
496
492.9
492.8
497.6
493.3
501.3
508.7
502.7
506.3
501.5
501.2
497.2
499.5
496.9
487.9
498.7
496.2
510.8
500.1
496.7
503.8
508.5
507.7
505.7
501.7
498.1
497.6
495
495.5
492
501.5
497.2
490.5
501.9
504.1
505.1
504.6
505.3
504.6
505.3
498
494.4
496
497.4
494
491.2
493.5
493.6
497.8
499.8
499.1
503.7
505.9
501.9
503.3
497.6
492.4
496.2
497
492.4
495.2
498.9
495.2
497.9
500.5
504.7
507
504.3
502.7
495.7
503.9
498.1
494.9
493.1
491.9
495.3
499
501.3
495.5
498.3
500.1
505.8
502.5
504.5
502.4
498.3
496.1
491.3
491.2
497.6
496.2
493
500.5
501.4
501.3
506.1
504.1
502.5
501
502.7
495.2
497.2
497
494.6
494.4
496.4
501.5
496.2
498.8
497
499.5
499.7
501.9
501.5
500.5
502
495.6
495
493
498.5
486.9
504.1
502.3
502.2
505.1
502.6
503.5
509.1
502.1
503.1
497.2
494.9
495.2
490.1
493.6
494.3
497.3
499.9
499.1
504.5
504.3
504.4
503.8
506.5
500.6
492.1
495.6
496.3
494
496.8
493.9
492.5
488.2
501.1
499.9
503.9
505.9
501.6
505.2
500.9
505
503.2
502.6
495.8
498.6
492.2
494.9
499.8
503.9
503.6
506.1
509.5
510.9
508.8
499
502.8
498.5
496.7
501.2
499.5
496.9
493
503.1
497.2
502.5
506.5
504.7
506.6
501
496.7
497.9
497.6
496.1
495.6
494.5
494.6
496.2
499
500
509.2
507.8
502.7
504.8
499.5
507.8
500.7
498.1
495.8
497.1
492.9
497.5
496.4
496.5
500.2
500.8
505.9
503.4
502
506.3
501.3
498.8
500.5
490.8
497.2
489.3
493.8
499.5
493.7
501.9
506.2
501
505.7
506
507.1
499
500.7
497.3
491.7
495
493.7
491.7
494.4
497
505.3
506.3
500.1
504.6
501.9
501.1
505
499.1
496.4
493.7
490.7
496.7
495.9
491.4
495.9
502.7
501.2
500
508.2
501.7
502.2
497
493.1
488.4
497.4
494.1
491.9
493.6
496.7
499.8
507
501.4
496.9
506.1
502.2
498.7
497
496.1
494.3
492.1
496.9
498.4
493.8
493.3
496
501.7
498.9
499.6
506
503.2
504.5
501.2
494.8
492.8
497.1
492.3
496.2
501.2
494.6
499.5
507.7
498.2
505.8
506.1
502.2
491.9
503.1
497.7
500.2
495.7
493.3
494.7
488.3
501.1
493.9
504.2
503.9
507.4
500.5
500.6
499.8
500.6
495.9
486.9
503.4
494.2
495.4
499.4
497.1
497
496.9
504.4
499.2
499.8
506.6
502.6
499.1
497.8
496.5
493.1
493.3
492.1
498.2
496.9
495.7
505.1
504.8
504
506.4
506.8
506.5
494.3
499.7
495.6
495
488.3
492.6
497.9
492.4
493.5
505.4
503.5
499.9
506.5
503.3
496.1
499.6
497.6
489.8
493.3
491
496.9
492.8
498.3
499.7
503.9
508.7
498.5
500.4
502.9
497.5
494.9
491.7
496.8
488.1
491.6
488.3
493.4
498.3
499
498.4
496.9
505.6
502.5
501
498
497.3
495.1
498.3
496.4
493.6
493.6
496.4
494.4
496.9
501.3
502.3
499.6
502.6
496.5
501.9
497.1
496
491.6
496.7
495
492.6
493.8
494.9
498.2
494.5
498.6
492.2
501.4
502.2
500.9
496.1
490.5
494.8
493.1
497.2
496.2
490.9
498.6
499.8
503.4
500.5
498.2
501.1
496.9
502
499.5
492.2
495.2
492.3
498.4
489.8
494.5
493.4
496.2
505.8
503.6
495.5
505.4
503.2
500.8
499.7
497.9
491.2
498
492.9
485.5
488.7
496.9
502.6
507.5
501.6
504.6
501.5
498.8
498.8
496
497.1
492.3
489.8
491.7
493.1
492.9
499.3
498.6
498.6
496.3
494.3
499.1
496.3
490.1
494
491.2
491.7
492.9
487
492.1
496.1
498.3
497.9
498.1
504
502.5
499.2
500.5
499.1
494.8
494.3
495.1
489.3
489.1
483.6
494.2
498.5
497.2
502.8
504.8
495.3
501
497.3
488.6
494.6
494.7
494.2
482.7
496.9
490.2
495.5
495.4
499.1
498.7
498.2
495.9
500.8
501.2
498.1
492.9
487.9
495.7
494.8
492.6
491.4
498.5
494.9
502
508.5
503.6
501
495.8
498.6
491.1
493.4
489.6
494.1
489.7
493
490.7
494.4
498.3
498.1
508.3
503
497.3
495.3
491.3
493.9
492.1
492.5
492.1
488.6
490.7
490.4
503.5
499.2
499.6
499.1
497.8
498.7
497.4
492.6
489.3
486.5
482.6
488.1
486.6
488.8
498.1
489.3
491.7
497.3
498.8
498.4
495
496.4
488.3
488.1
484.3
482.2
491.3
495
488.6
492.5
488.9
495.5
495.3
496.2
498.6
495.2
491.9
486.9
484.7
489.1
487.2
483.6
484.4
491.3
490.7
490.8
499.4
499
498
494.6
492.5
490.8
489.6
487.7
488.6
485.9
482.4
490.2
500
496.8
495.5
502.2
500.8
497.4
499.5
494.8
490.6
487.4
494.4
492.6
490
491.8
490.4
496.6
496.7
500.7
504.3
500
499.6
495.3
486.3
505.4
489
493
490.9
488
485.5
485.9
490.9
497.3
497.6
496.7
496.1
502.1
498.9
491.7
491.2
486.2
489
489.4
484.9
482.4
490.8
491.4
499.3
493.5
499.4
502.9
493.1
496
493.3
490.2
492.6
490.6
492.6
486.2
487.1
494.6
495.7
497.9
497.5
498.1
496.9
496.8
492.6
491.2
480.7
483.6
494.8
489.9
485.5
493.5
487.2
492.2
494.3
501.2
498.1
495.5
504.4
488.1
492.9
492.1
488.6
483.7
494.3
490.2
493.3
488.1
488.5
494.6
500.8
497.6
493
501.2
493.7
486.3
490.2
488.7
488.3
486.7
483.9
489
489.6
495.5
491.9
496
500.9
497.9
497.9
499.5
494.5
489.9
487.4
488.1
482.5
488.8
486.5
488.6
485.6
489.4
498.7
493.7
497.5
496.5
492.7
494.5
488.1
486.2
492.6
487
487.2
489.8
493
489.6
491
498.6
497.1
504.8
500.6
488.6
487.2
485.3
487.9
481.7
489.8
483.5
490.3
488.6
492
503.7
498.9
499.4
498.2
496.4
490.7
494.7
484.9
487.7
489.7
485
492.5
494.1
495.6
497
495.9
495.2
502.8
490.8
489.5
491
487.3
489.5
488.6
489.5
486.6
492.6
488.8
493.3
496.4
500.2
502.8
499.1
493.9
494.3
491
491.6
485.1
488.8
485.8
489.2
483.2
489.5
489.5
504.2
498.3
499.8
498.1
500.3
493.1
498.7
485.5
486.3
480.8
484.7
495.4
494
493.5
493.8
493.7
504
504.3
495.4
499.6
495.1
494.6
492.3
492.8
481.3
487.2
489.7
494.5
478.4
496.9
493.9
492
503.4
502.9
497.6
496.9
492.6
490.7
490.4
495
490.3
489.8
484.9
487
493.2
492.2
498.6
501.7
496.3
496.7
491.9
496.2
498.2
492.3
486.4
485.8
483.6
494.8
487.1
499.6
490.4
499.1
506
500.3
497.4
494.3
491.7
496.8
489.1
474
488.8
487
490.3
488.6
487.1
495.9
499.1
497
499.3
496.5
495.3
493.8
488.1
491
491.1
490.5
492.5
488.7
491.1
494.7
500.3
499.4
501.9
499
498.2
503.5
492.4
488.8
488.3
496.7
486
489.6
489.9
487.7
492.9
496
497.7
495
501.7
495.5
490.2
496.7
487.5
488.8
485.7
488.8
489.8
490.9
493.6
490.3
499.3
502.7
501.5
496.3
497.1
501.8
494.1
490.7
491.7
489.4
484.4
487.8
489.3
496.6
491.2
497
496
501.5
502.7
501.7
495.4
493.8
490.8
492.9
488.6
490.7
485.5
489.2
495.2
496.4
495.5
496.1
498.3
501.2
501.4
502.8
498.5
491.4
492.1
486.2
484.6
485.6
489.9
487.2
493.1
488.1
499.5
498.1
493.8
495.7
485.5
499.7
492.8
489.6
489.6
490.3
485.5
483.6
492.9
495
500.6
500.1
495.4
500.2
491.1
494.8
496.5
488.2
488.8
496.4
483.8
490.3
491.7
491.4
490.1
496.5
493.8
504.1
496
497.9
495.8
491.7
491.8
487.8
492
486.6
491.4
489.6
487.9
488.8
490.3
494.1
498
494.3
502.8
498.9
496.4
487.5
486.3
492.1
493.1
483.4
486.2
487.4
490
491.9
495.5
496.6
494
497.1
499.4
497.3
490.9
488.6
487.5
491.3
484.8
487
481.6
494.2
494.6
502.2
496
498
495.7
500.5
494.1
492.8
486.1
488.6
491.2
487.4
483.3
491.1
487.9
492.1
498.8
497.4
495.3
497.9
499.4
496.4
494.1
491
491.7
487.4
487.6
485.7
494.4
490.6
495.8
502.1
495.2
493.7
498.6
493.6
498.4
491
499
493.7
488
483.9
485.8
487.3
498.8
496.3
497.9
501.4
504.4
499
500
494
491
489.3
491.7
487.4
491.3
493.1
491.9
499.1
497.5
498.6
504.1
500.5
500.2
497.2
492.3
491.3
491.8
487.6
489.3
491
487.9
494.6
494.2
495.5
500.8
493.7
498.1
491.6
496.9
497.7
500.3
484.1
489.5
487.4
485.5
490.5
484.5
489.5
485
495.9
496.4
498.2
498.1
492.5
491.9
489.1
487
494.7
487.6
487.4
491
493.6
490.6
496.6
501
505.1
501.2
508.3
492.8
493
494.3
496.5
492.2
485.2
496.2
491.9
491.5
495
500.8
499.5
501.1
502.5
488.2
499.3
505
493.6
484.6
488
490.1
493.6
495
490.6
498.1
495.4
500.2
496.4
501.7
499
499.5
494.5
490.4
492.9
493.2
493.3
487.5
489.3
490
492.1
495.9
498.8
498.6
501.3
491.9
496.8
493.8
489.5
492.3
489.4
486.9
488.8
483.6
486.4
488.6
497.9
499.1
496.4
493.9
493.7
499.1
497.2
495.3
491
491.9
488.4
489.9
490.2
490.5
499.5
494
494.5
496.2
498.8
497.2
501.1
491.2
497.3
492.8
487.9
485.3
489.5
491.3
494.3
493.7
493
498.8
498.8
500.6
497.9
494.2
487.9
489.8
488.7
492.2
480.5
489.6
487.2
493.7
489.1
495.9
493.5
498.9
496.2
497.9
486.2
491.9
491.5
483.7
488.7
490.4
487.5
490.3
492.3
498.1
492.1
502.8
495.2
497.2
497.4
503.3
495.9
492.5
492
488.8
488.9
486.8
489.3
489.9
493.5
498.3
500.5
504.3
501.6
496.9
493.1
494.8
492.8
489.7
491.2
484.4
491
490.2
487.2
489.6
496.9
498.3
495.6
498.1
494.6
491.2
494.3
493.6
490.4
490.2
491.8
495.4
490.5
500.1
496.6
491.7
494.3
502.4
500.5
497.9
490.9
494.1
497.9
492
494.5
493.3
495.3
494.7
496.2
500.8
506.5
500.4
502.1
488.4
497.6
493
496.6
492.8
487.1
489.1
495.1
492.4
496.6
491.9
502.4
499
499.3
504.6
500.5
497.3
498.4
503.4
495.6
486.5
492.4
495
488.9
497.9
497
492.6
499.3
498.8
500.4
501.5
497.1
501.3
497.4
490.2
491.7
493.6
493.8
486.5
498.8
496.8
500.6
504.4
503.5
498.8
497.3
494.3
493.1
499.7
494.3
486
492.7
496.4
493.2
494.5
496.8
494.3
501.7
503.1
498.2
502.3
496.3
489.9
493.1
494.3
493.6
493.1
494.2
495.2
496
501.2
501.2
505.3
509.4
498.8
498.1
498.6
491.2
496.7
492.8
486.7
495.5
493.6
498.3
499.2
501.9
499.1
507.1
503.5
496.4
505.7
495.7
500.5
498.1
495.3
494.6
496.7
486.7
497.9
497.4
498.3
504.3
507.5
503.7
505.3
503.1
496.4
499.2
496
497.4
487.4
490.9
489.8
497.9
498.4
492.6
497
504.3
503.6
504
503.3
498.5
500.5
492
493.8
486.9
497.4
495.7
489.8
502.1
497.6
496.1
502.1
500.5
501.4
503.9
499.2
498.9
487.1
492.6
491.8
491
495.1
489.6
495.3
498.4
515.3
501.8
501.9
503.2
500.4
496.7
493.8
493.6
484.4
489.9
491.2
491.7
497.4
495.8
494.2
498.2
503.7
503.5
502.8
499.1
496.6
495.8
500.7
494.8
492.2
493.3
495.9
494.9
507
505.8
501
505.4
507
502.1
497.9
500.5
501.9
494.3
497.6
495.2
492.8
495.9
495.5
502.2
498.2
504.7
499.7
501.9
499.6
504.4
506.4
499
498.4
491
494.6
496.2
498.2
502.3
497.8
498.6
501.4
504
508.8
504.2
499.6
495.7
498.2
500.5
497.1
495.2
493.1
495.9
497.4
501.5
510.9
502.2
504.6
511.1
505.1
505.3
502
504.2
492.8
496.7
495.4
489.5
500.6
495.7
506.2
505.1
502.1
504.6
499.1
501.2
500.8
497.2
499.9
494
492.9
491.3
497.8
496.6
497.2
502.4
507
508
508.3
505.7
511.9
501.4
501.5
493.4
497.5
498.3
502.4
493.3
494.5
498.6
502.7
500.2
505.1
505.1
499.2
504.5
504.6
497.2
498.3
494.3
495.7
494.7
489.5
499
498.1
501.2
505.4
499.8
506.3
512.7
501.6
497.3
494.5
487.4
497.4
493.6
494.7
493.9
493.6
501.9
502.2
498
508.2
508.7
508.4
498.6
501
502.2
497.1
491.8
497.6
495.5
495.6
495
499.7
503.6
503.9
502.1
501.9
506.6
506.7
504.1
500
496.3
499.7
497.9
495.1
497.4
496.7
506.8
503.5
507.3
506.2
506.8
515.8
503.6
500.5
501.6
496.2
501
501.2
497.6
499.2
494.7
496.6
502.2
503.3
502.4
505.5
505.5
509.2
502.6
504.2
503.7
501
496
499.1
496.6
499.7
500.3
499.2
502.9
508.2
506.1
505.3
509.3
501.7
504.4
499.9
502.5
501.7
495.5
497.8
503.4
497.9
502.9
504.5
506.3
504.9
502.7
499.3
499.9
497.5
498.3
497.6
494.7
495.1
498.8
499.8
501.9
503
502.2
501
507.7
503.3
505.3
495.5
501.4
499.3
498.2
493.3
498.8
500.5
498.6
493.1
506.2
502.7
501.7
505.8
503.9
504.8
501.2
504.7
497.5
500.8
502.4
501.5
497.1
499.3
501.7
503.9
508.9
512.6
515.8
508.7
501.7
508.8
503.1
501.5
496.9
501.3
498.8
499.6
500.1
505.7
506.8
507.2
510.2
503.2
512.4
510.4
500
498
500.5
499.9
504.1
497.7
501.2
496.9
504.6
505.1
504.3
504.5
511
506.5
508.7
500.2
500.1
497.2
501.4
497.7
497.8
497.4
502.7
502.9
505.3
511.1
506.8
506.2
503.7
500.9
499.9
503.3
499.6
501.5
499.4
498.3
497.5
505.7
500.8
511.4
508.8
512.2
509.3
513.3
504.3
502.4
500.5
503.4
500.2
497.5
502.4
499.8
502.1
502.6
504.2
501.7
503.8
508.2
510.3
503.2
506.3
499.5
496.6
503.4
497.5
499.2
500.2
501.1
505.3
506.9
510.1
509
507.5
500.1
503.3
503.4
493.5
498.5
499.3
498.3
500
501.2
500.6
505.2
506.8
511.7
512.4
505.3
505.3
507
503
496.5
505
501.4
494.1
499.4
495.5
507.3
504.4
504.7
501.8
510.2
511.4
504.1
510.3
506.3
504.4
501.5
499.1
500.6
488.1
500.9
508
506.5
510.8
512.6
508.8
516.3
506.2
501.7
510.2
500.2
495.7
497.9
494.9
500.5
499.9
501.3
507.9
502.1
515
507.8
511.1
507.1
509.6
503.4
501.7
498.4
500.5
501.2
488.8
499.2
503.4
499.7
502.8
513.5
507.2
504
506.2
500.2
495.8
495.9
493.2
502.6
500.8
496.7
501.8
506.5
507.6
504.2
514.1
509.9
514.5
511.6
508.9
507.2
502.2
493.7
499.2
500.9
499.1
500
501.2
494.3
506.6
507.3
515.4
510.6
507.1
506.1
509.1
500.4
504.1
503.4
494.7
501.7
497.5
499
503.6
505
502.9
510.4
514.3
503.2
508.7
504.6
505.8
500
507.6
502.4
496.7
505.8
506.3
507
499.7
511.6
509.9
508.7
511.1
508
492.6
502.7
498.3
500.9
501.7
499.1
499.3
504
509.4
512.7
511.1
512.6
518
508.1
504.1
497.6
504
497.9
502.2
499.1
493
497.3
502.1
503.5
509.5
502.5
511.5
519.7
509.5
508.7
501.6
507.2
501.3
502.3
498.1
494.2
496.5
500.8
502.8
512.8
509.8
510.4
512.5
515.4
512.6
510.9
503.9
505.3
502
505.1
500.7
507.5
498.5
509.9
505.2
507.4
506.6
504.2
510.1
511.2
508.7
500.3
500.3
503.2
499.5
501.4
502.4
507.7
511.3
513.9
505
513.9
508.1
510.8
508.8
511.1
506.5
504.1
503.9
497.1
504.7
498.2
502.6
503.7
508.2
504.2
507.8
504.9
508.6
505.4
505.5
501.8
501.4
499
506.5
501.3
507.8
501.9
503.7
509.6
509.6
501.3
508.4
504.7
505.4
508
509.6
500.7
506.2
506.5
497
502.6
508.1
515.1
513.2
513.6
530.7
516.3
502.1
499.5
501.1
499.9
497.4
503
496.6
505.8
503
498.7
505.2
510.1
513.4
507.7
504.5
501.1
507.1
499.2
499.7
502.5
494.9
501.9
497.1
499
506.7
507.2
513.5
507.4
508.7
506.5
508.4
506.4
508
503.1
497
497.1
501.9
493.7
502.5
505.4
507.7
505.4
508
508.8
511.8
507.2
501.4
511.6
503.9
501.9
507.4
496.1
496.9
504.5
504
506.4
515.2
507.4
505.9
515.5
515.5
505.7
501.2
499.4
502.3
507.8
500.6
502.6
503
499.4
509.8
506.2
514.1
506
514.7
511.7
505.2
506.9
503.3
508.4
499.1
499.7
505.6
503.5
507.5
511.5
508.5
507
508.3
513.4
505.4
503.5
501.3
500.4
503.1
498.7
504.7
496.2
503.9
504.5
508.3
511
522.3
512.2
510.4
507.6
505.3
506
503.3
508
504.2
507.6
507.8
509.7
509.2
506.9
511
516
521.7
513.8
515.1
511.1
514.3
510.1
509.2
504.7
507.1
506.6
510.6
514
516.3
514.8
518.5
516.3
514.9
512
506.6
506.3
508.6
505.1
501.6
504.4
499.5
504.1
507.5
512.5
512.8
514.4
506.1
517.4
510.6
513.4
512.2
502.1
516.8
500.2
502.8
506.7
500.6
507.7
509.3
500.5
508.6
514.3
514.4
517.4
513.3
510.3
514.7
504
502.9
506.5
504.2
511.6
506.5
513.7
515.4
513.8
515.7
519.6
511.1
515.3
514.6
512.1
512.7
509.9
510.6
506.4
510.5
513.2
510.7
519
515.7
516.6
516.1
517.9
508.6
509
511
515.1
511.7
513
510.5
507.7
514.9
515.8
523.1
521.4
515.7
518.3
510.3
513.2
515.5
507.1
514
515.2
509.1
509.6
516.2
514.2
507.9
516.5
521.1
521
522.7
522.3
521.1
513.6
508.3
508.1
510.8
513.2
507.4
509.5
521.8
519.1
518.7
522
521.3
523
522.4
517.4
516.4
513
511.7
500.1
507.1
512.7
510.8
514.3
520.9
513.9
523.8
516.2
518.2
516.9
513.3
514.9
510
509.3
513.3
507.7
508.4
507
523.7
527.7
520.1
524.3
523.7
521.1
523.3
520.7
516.4
511.1
514.6
509.6
509
510.6
513.4
515.6
521.3
518.8
525.8
524.2
518.3
520.3
519.4
513.1
514.9
517.6
506.6
516.1
510.3
513.5
503.6
518.1
527.5
518.3
520.5
522.5
515.1
516.6
512.3
515.6
512.7
516.1
513.3
516.5
511.4
518.9
519.3
521.8
524.8
528.4
527.4
515.2
520.1
518.1
522.4
520.6
503.5
511.7
515.7
516.1
516.9
517.9
523.8
522
523.4
524
525.1
518.9
518.7
512.4
512.7
516
507.3
508.6
517.1
518.1
520.6
507.8
518.1
524
521.8
523.4
518.4
513.5
512
511
511.6
513.8
519.2
515.4
518.1
519.4
521.5
521
523.8
528.2
522.5
519.8
517.1
514.7
515.9
518.1
516.9
515.4
517.7
511
520.7
518
522.8
527.2
522.4
520
526.2
517.1
520.8
514.8
514.2
517.9
513
515.2
516.9
522.3
522
525
524.7
525.4
523.7
525.1
523.9
521.4
522.9
516.2
523.9
516.2
514.3
523.2
523.3
524.9
517.1
524.3
527.1
529.7
524.5
518.1
523.5
526.4
518.2
516.5
517.1
516.5
519.1
516.6
521.6
526.7
532.5
526.7
527.2
529.9
521.3
520.3
529.4
521.5
517.7
516.3
517.8
523.5
519.6
522.9
524.1
531
530.2
522.8
528.1
528.9
518.1
518.6
520.6
517.5
515.7
515.2
518.6
523.8
520
521.8
532.9
530
526
526.9
525.2
521.9
523.1
518
512.8
521.3
522
521.9
522.6
526.2
519.8
528.4
533.9
529.7
530.3
524
529.5
525.7
519.7
521.6
520.4
518.9
521
526.5
528.9
533.5
534.4
531.1
529.3
533.7
523.1
523.7
519.1
521.4
513.1
518.7
525.4
518
524.8
525
521
524.9
530.1
524.1
522.6
516.1
519.3
524
520.4
516.6
523.1
520.8
522.4
521.8
529.2
529.6
532.4
526.9
526.7
526.3
520.8
520.3
520.7
521.7
518.9
519.4
525.4
521.6
519.8
528.4
534.8
531.8
530.2
528.1
524.8
527.2
529.5
529
523.8
522.9
518.1
515.4
523.3
528.9
532.8
526.8
535.5
532.8
530.3
529.7
527.8
526
524.3
527.5
513.6
520.8
524.9
529.6
529
531.8
529.3
530
526.1
527.6
532.2
523.1
526.8
517.9
519.3
518.1
519.2
528.1
516.8
532
529.3
529.5
532.3
538.9
523.8
530.5
521.9
519.8
518
523.1
520.2
516.2
513.4
526.1
524.6
529.9
524.5
525.3
526.9
525.9
530.2
520.3
522.6
520.6
521.2
514.7
520.9
527.8
524.6
525.7
529.9
523.3
532.8
529.9
535
526.5
516
517.5
524.6
524.6
516.4
519.4
522.9
523.8
523.9
530.5
533.5
526.3
530.1
522
525.8
523.1
515
517.2
521.8
531.2
518.5
524.8
526.5
529.2
527.9
524.2
527.2
523
526.2
520.3
522.4
521.9
520.3
518.6
520.5
514.8
519.7
528.5
530
534.3
533.8
528.8
527.3
523.8
519.9
519.7
517
521.6
520.9
521.7
517
529
532.3
535.2
534.3
526.6
527.3
530.3
525.7
521.7
525.5
521.9
520.5
524.9
525.7
527.7
522.2
524.6
526.3
524.3
528.6
524.4
529.1
526
525.5
516.6
522.9
517.6
521.3
519.3
520
526.6
529.8
528.1
531.3
532.8
523.6
531.1
520.9
523.5
514.5
514
518.1
517
518.3
525.8
518.6
519.1
522.5
521.1
527.6
532.2
528.6
523.4
522.8
521.8
515.7
517.3
516.4
517.4
516.4
523.8
520.3
526
523.2
513.6
524.2
521.3
518.6
518.7
516.7
521.6
529.7
510.3
517.7
514.1
518.5
524.5
520.8
537.5
524.8
522.7
520.5
513.3
518.1
518.9
517.3
513.4
510.1
512.6
517.4
525.3
529.8
524.9
536.9
525.3
536.1
521.9
528
525.5
522.6
520.9
519.9
521.8
522.4
524.3
520.2
528
529.1
519.3
531.4
525.8
520.3
520.3
515.7
511.8
515.1
516.9
517.7
519.4
525.3
516.3
525.8
527.7
526.3
524
518.7
522.1
516.9
514
513.1
518.7
509.9
511.2
517
517.9
524.1
524.4
528.5
529.1
524
526.8
515.1
522.8
520.1
521.4
515.4
520.7
512.6
519.2
522.1
520.6
518.5
527.9
523.4
530.4
526.4
515
519
519.4
520.9
526.2
516.4
520
527.5
523.3
518.4
530.1
527
531.5
526.3
524.4
526.5
526.3
515.8
519.1
518.2
516.7
520.8
519.4
515.8
520.9
528.5
525.6
530.8
522.6
530.1
525.2
524.4
517.6
522.1
518.9
515.5
510.9
522.2
532.1
526.1
523.5
530.5
527.7
528
524
522.1
525.1
521
522.2
518.2
521.6
518.2
524.3
517.1
525.6
528.7
533
532
532.6
529.4
523.6
509.4
516.8
516.7
517.8
519.4
509.2
516
522.7
529.5
530.2
529.8
528.8
528.5
524.2
520.6
519.8
521.1
520.5
517.8
518.2
523.3
522
526.1
526.3
523.6
527.1
526.3
531
529.5
524.1
519.9
519.7
516.3
518.5
516.8
518.1
521.5
524.1
523.4
523.8
529.8
527.5
525.9
523.3
522.9
519.5
516.2
522.9
519.2
514.8
515.1
527.1
523.3
529.5
530
533.3
528.9
526.6
520.1
523.6
516
520
516.7
515.7
517.6
517.5
521.9
525.8
529
526.1
529.8
523.6
525.1
516.1
519.5
514.9
524.2
513.3
519.1
516.1
520.6
522.9
521.7
523
522.1
516.9
523.8
515.9
515.9
514.7
516.8
517
510.1
518.6
517.8
519.2
513.6
522.9
521.1
524
519.9
531.5
524.9
526.3
517
521
521
520.2
513.8
516.7
519.3
520.2
524
526.3
522.1
530.3
528.8
530.3
524.6
517.5
517.5
516.7
507.6
513.3
519.5
515.2
518.4
521.1
529
526.8
531.5
528.1
527.5
523.4
524.3
517.1
517.2
514.9
515.8
514.5
507.3
520.8
530
524.8
528
530.8
519.9
522.6
522.1
525.1
512
516.3
513.1
514.5
516.4
519.5
526.1
528.6
525.4
526.1
523.2
527.7
524.8
520.2
504.2
522
512.1
528.8
519.2
513
519.7
524.1
520.2
525.2
530.2
527.2
524.7
522.1
523.1
518.7
520.4
516
517.2
518.7
518.7
517.6
528.4
526.3
525.3
521.2
524.5
524.6
524
519.8
521.5
519.2
520.5
515.7
520.7
523.3
520.4
522.4
520.9
532.3
523.8
529.1
520.4
519.7
519.7
515.9
514.2
514
516.2
515
519.7
531.1
524.3
523.7
523.4
517.7
525.1
521.4
520.2
512.6
515.5
517.8
515.7
512.7
515.9
519.9
521.2
530
524.6
524.7
523.7
522.4
518.7
516.2
522.4
518.2
515.1
509.9
513.9
516
519.2
523.8
524.5
524.6
520.2
520.3
518
517.2
516
515.5
516.3
514.7
518.2
516.5
519.2
514.6
524.1
513.1
524.8
524
524
523.7
517.9
517.9
515.2
511.1
514.5
511.1
516.7
517.9
514.5
519.1
521.6
526.6
526.1
521.6
524.9
520.4
513
517.6
516.5
515.8
515.5
515
515.6
516
521.7
524.3
523.1
531.8
530.4
524.1
522.2
526.8
514.7
515.9
517.7
516.1
513.3
525.1
510.5
524.5
529.8
520.6
520.4
521.1
522.7
524.1
517.1
518.4
514
517.5
520.2
513.8
515.3
513.6
517
529.3
524.5
519.9
522.5
522
516.2
517.9
515.8
512.8
514.7
509.7
513.8
510.8
521.9
518.9
521
522.9
523.8
526.3
522.7
513.8
521
514.3
519.6
514
514.5
516.7
522.6
523.3
518.3
525.7
527.5
528.3
521.9
521.1
511.1
518.9
519.7
510.4
517.2
519.3
513.4
517.7
518.5
521.4
517
528.6
522.1
528.3
525.6
515.3
516.7
514.5
510.9
514.6
520.6
516
522.4
518.2
519.9
520.7
524.6
516.4
523.3
519.4
