595.5
597
597.1
605.1
606.3
604.7
603.2
603.7
606
605
602.5
600
594.1
592.4
593
595.1
595.5
601.9
604.8
602.2
604.6
603.8
603.8
598.6
597.5
591.2
594.6
593.1
594.7
594.1
591.5
593.7
593.2
597.4
597.3
603.7
603.7
601
600.8
601.8
594
594.4
590.2
588.5
591.3
590
592.8
593.4
596.2
595
604.8
597.3
599.9
594.4
592.5
591.1
584.4
586.9
595.7
592.5
592
594.8
600.9
599
592.2
592.5
594.5
598.9
596
596.2
588.5
595.5
597.1
591.2
593.7
592.9
596.9
592.1
596.4
605
602.1
604.6
608
594.9
597.2
594.7
585.3
594
593.1
596.4
594
598.2
590.6
597.7
606.2
601.8
596.7
596.2
597
585.3
588.6
593.5
585.7
591.1
585.5
589.9
593.2
585.8
599.6
593.9
597.5
596.5
597.2
587.5
593.2
594.8
588.2
589
589.6
590
589.4
592.8
591.8
583.5
589.5
593.9
590.7
588.9
588.7
584.6
579.2
589.2
584.1
580.2
586.5
585.4
592.8
583.1
588.4
596.9
587.6
593.3
586
581.8
581.3
579.8
590.3
584.5
579.6
587.3
583.4
591.4
591.4
591.6
593.6
594.1
588.4
583.3
585.6
578.9
581.1
581.6
574.2
574.6
586.3
577.7
586.3
584.6
584.7
586.7
591.9
592.4
583.5
580.9
583.8
582.8
583.8
580
580
582.1
582.3
587.4
594.5
585
587.4
592.1
594
592.6
585.2
580.3
581.8
580.3
580.1
582.2
574.9
585.3
581.9
585.4
584.5
585.1
588.2
584.7
585
582.6
584.7
577.3
578.7
577.7
579.1
574.6
583.2
585.8
580.5
590.9
582.6
589.5
583.6
583.2
582.1
576.3
577.9
577
576.4
574.5
575.3
579.6
586.5
584.3
582.6
586.7
585.5
589
580
583.2
577.7
570.9
572.6
574.5
577.7
577.9
573
581
581.8
585.9
586.4
588.8
583.9
575.2
575.5
573.7
571.5
569.5
573.2
560.1
577.3
576.2
580.3
584.1
578.9
585.8
582.8
583.9
578.8
570.9
575.9
571.1
572.7
566.7
570.8
573.2
574.7
579.3
580
580.5
577.8
584.2
584.5
578.9
573
574.2
568.8
570.8
570.1
573.5
571.3
573.1
579.4
577.8
576.1
580.4
582.5
577.6
575.4
572.8
568.2
569
569.6
570.4
568.2
570.8
575.6
571.5
573.5
579.1
580.6
562.7
578.3
576.7
575.5
567.3
568.8
566.6
570.7
571.7
574.1
573.4
577.5
579.4
572.6
582.2
576
575.3
571.2
568.4
569.8
566.5
567.2
566.9
572.3
568.3
573.2
578.4
572.7
578.8
574.2
578.1
573.3
569.3
570.2
568.8
565.3
567.4
569.3
565.4
569.2
568.6
573.4
576.3
573.2
576.5
576.5
572.6
571.5
569.5
565.8
557.2
561.7
566.1
562.5
566.2
562.8
568.7
574.9
570.2
575.1
573.1
571
564.3
569.3
567.9
564.1
563.3
564.7
566.7
566.8
567.3
568.2
573.6
567.4
573.4
572.3
567.5
568.8
570.5
567.6
563.2
565.6
566.9
566.2
564.5
568
575.2
571.2
569.8
575.5
572
563.2
568.9
567.4
561.8
565.3
562.7
558.9
562.3
562
564.7
567.7
569
571.8
578.8
574.9
571.1
562.7
560.3
562.5
556.3
557.4
558.9
558.7
558.6
561.6
560.5
559.2
570.2
571.4
567.5
571
573.5
569.5
559.6
563.1
559.9
556.1
559.3
552.3
560.5
562
562.2
565
567.4
568.2
571
569.6
565.9
559
558.4
557.7
552
557.6
554
560.8
564.1
561.8
561.2
564
564
564.2
565.7
566.8
556.2
558.7
551
554
559.1
554.9
557.6
561
562.7
562.4
567
562.9
564.5
561.7
557.3
558.7
551
553.5
553.8
552.2
555.3
554.9
562.4
566.3
563.3
561.4
564.7
565.8
560.9
560.9
558.4
551.7
547.6
560.5
546.5
551.7
559
554.4
558.5
556.9
566
565.7
561.7
561.1
556.6
547.7
553.9
550.9
548.6
544.7
546.5
548
556
557.6
559.9
558.4
566.3
562.9
555.8
552.5
555.5
552
553
550.7
551.6
552.2
555.3
555.8
558.9
559.7
556.2
566.6
562.8
556.6
553.4
551.6
550.5
542.5
553.6
552.9
554.9
550.7
552.6
552.3
558.5
555.3
556.6
558.6
556.8
553
547.6
552
549
549.1
551.3
549.2
555.1
554.6
554.9
556.2
551.9
557.7
556.3
554.3
554.2
552.5
547.9
550.4
545
546.8
547.7
548.4
551.2
551.2
555
560.9
553.1
560.6
558.4
551
545.7
544
547.2
548.2
544.9
547.4
548.2
559.8
552.2
560.2
555.5
561.1
554.3
552.2
547.3
550.7
546.7
547.2
544.7
547.2
547.9
549.2
551.2
552.8
553.3
556.3
550.4
551.3
555
544.5
551.6
544.7
544.4
544.2
545.1
541.2
539.4
548
549.8
547
553.4
548.1
557.1
552.9
545
545.5
542.5
536.4
540.7
539.1
545.4
540.4
546
547.2
551.2
545.2
554.2
551
548.4
555.2
546.8
548.3
548.6
545.9
546.7
547.2
541.8
543.4
546.1
549.7
552.1
559.3
552.9
551.2
549.2
547.3
541.9
540.2
538
537.3
539.9
538.4
545.1
544.4
546.2
549
548.7
555.7
551.2
554
543.5
542.3
537.9
529.7
533.6
544.8
541.7
543.6
550.9
550.2
546.3
553.3
547.9
552.4
549
545.7
540.3
541.4
540.4
538.1
534.6
544.2
542.9
547.4
549.8
553.9
550.3
544.1
551.2
546.3
540.7
535.1
537.1
535.9
539.1
548.1
538.9
547.2
543.2
542.9
544.4
548.7
549.9
540.9
546.3
538.6
538.2
541.4
539.1
540.4
539
533.8
544.9
540.9
546.9
540.8
552.8
544.2
545.2
548.6
545.3
541.6
543.4
544
542.4
542.2
542.2
543.6
552.3
547.8
553.1
555.4
548.8
550.5
543.4
547.1
544.9
539.9
544.3
539.9
537.1
540.9
541.7
547.6
549
552.1
542.6
548.2
547.4
538.7
538.7
539.8
538.4
535.6
533.7
537.8
536.8
535.7
536.9
543.8
543.7
546.3
544.4
544.7
538.4
537.3
536.7
540.1
537.3
535.4
530.9
536
535.1
539.7
545.9
542.2
543.1
542.2
544
539.9
535.5
532.7
533.4
525.8
532.7
530.1
533.9
534.3
537.7
541
537.5
546.5
548.1
537.4
540.4
538.3
542.9
530.5
533.3
533.2
530.7
532.2
533.4
535.7
543.5
542.2
541.1
541.1
542.6
538.5
539.3
536.7
528.1
532
527.3
530.7
528.7
536.4
540.2
535.9
537.8
541.7
541.3
540.3
538.4
539.3
538.3
539.8
537.9
531.2
532
531.2
534.8
535.4
539.3
538.4
535.4
540.5
540.8
539.5
535.2
541.8
534.9
533.5
537.5
528.9
532.7
539.3
535.7
540.5
537.2
538.2
539.6
541.9
527.3
541.4
532.4
532.8
532.7
535.4
536.1
532.9
538.3
537.7
535.7
535.4
534.1
538.7
538.2
534.6
532.3
530.9
530.5
527.8
533.2
529.3
523.4
527.5
538.4
531.7
534.8
546.8
540
537.3
535.9
539.3
532.6
530.2
531
526.3
526.4
524.8
530.1
531.7
533.1
528.4
539.3
537.7
535.3
534.8
535.2
530.9
529.3
522.5
526.2
531.3
525.5
527.3
530.4
536.1
537.4
539
535
538.3
536.1
530
528.2
532.3
519.1
531.5
527.1
527.5
529.8
529.3
529.7
547.5
542.8
541.2
538.2
538
533.7
530.1
530.9
529.8
535.6
534.2
535.1
538.5
533.1
534.3
537.8
542.6
541.1
543.6
541
531.7
536.6
518.2
531.2
534.1
527.7
529.4
532.5
536.1
534.7
537.9
542.5
541
537.6
539.8
535.8
538.2
532.2
528
531.6
529.9
530.7
534.7
528.4
538.4
537
540.5
541.5
538.3
533.7
534.6
533.9
527.5
529.1
524.5
527.3
528.8
525
531.1
533
539.2
536.7
540.3
537.7
531
533
537.1
528.2
526.7
526.1
526.9
527.5
529.2
531.4
531.1
537.9
537
538.3
536.4
536.9
534.5
533.2
530.2
528.7
532.4
530
528.7
522.4
531.1
528.9
533.7
534.6
543.7
538.8
536.6
532.8
530.4
527.8
529.6
523.8
527
526.1
525.7
531.3
532.2
533.7
533.8
535.8
535.6
532.8
533.1
529.8
529.2
521.7
531.9
525.2
532.9
522.3
526.9
530
537.2
539.7
533.8
533.8
532.5
535.1
528.3
530.1
524.1
526.9
526.4
528.7
528.5
533
528
537.5
534.2
535.5
530.3
534.6
529.1
528.9
527.4
525.9
522
516.2
526.4
519.8
531.1
529.9
537.6
529.5
536.8
539.6
536
530.3
527.4
526.8
522.8
526.4
524.4
528.5
521.8
530.4
523.7
532.1
541.2
539.7
535.3
530.5
527.9
525.2
524.7
527.4
520.4
519.6
520.1
525.2
529.1
531.2
539
535.1
531.8
532.6
532.5
528
527.7
526.1
517.7
524.4
521.9
527.7
527.2
527.1
528.3
536.8
535
541.7
536.1
533.3
529.4
530.1
527.9
524.8
519.5
523.9
522.9
524.1
525.6
530.8
531.7
534.3
532.2
531.7
528.7
530.6
529
524.7
527.1
520.6
530
524.7
517.6
525
529.4
533.6
532.9
535.5
538
531.8
531.4
525.1
517.2
518.3
517.9
521
522.8
522.4
527
524.7
516.5
529.5
534.3
533.6
530.2
524.7
525.3
525.3
520.1
523.7
521.5
525.1
518.9
527
520.1
528.2
536.2
530.6
528.1
524.4
520.5
523.4
522.2
518.4
519.6
520.3
517.2
512.2
522.8
526.6
524
530
529.6
529
525.5
520.2
518.9
521.3
516.7
515
521.3
519.2
521.7
526.7
529.2
532.8
530.6
529.1
527.8
524.4
522.7
522.3
518.1
515.7
513.6
518.3
518.5
515.5
526.7
523.8
528.3
528.3
521.3
527.1
527.9
522
517.4
515.6
521
517.2
517.4
519.7
525
520.2
529.6
527.4
526.1
532.2
525.2
522.3
522.7
515.5
512.5
522.8
517.8
515.5
516.5
518.8
521.1
523
528.4
529.4
530.1
524
522
519.6
515.5
516.1
516.3
512.8
519.6
521.5
520.5
524.7
530.5
528.2
528.1
528.4
524.3
525.3
521.6
520.3
518.4
518.4
518.5
514.2
516.3
520.5
527.5
524.7
525.2
525.5
521.7
520
520.8
521
516.4
523.8
515.6
516.7
524.1
519.5
523.6
525.9
528.8
527.5
531.1
527.1
521.7
519
514.6
517.8
514.3
511.2
513.7
515.2
517
518.4
522.7
524.8
524.7
529.4
529.2
516.4
518.3
514.9
514.6
518.1
516.2
514.9
516.3
520.8
517.2
521.3
523.1
525.5
524.1
520.6
519.9
518.4
521
513
519.9
511
519.3
518.2
514.2
522.2
521.5
524
521.7
526
525.9
520.4
519.1
515.8
510.9
506.5
513.8
513.8
516.4
520.5
527.4
517.4
524.9
523.2
521.9
516.5
518.3
517.4
513.3
516.9
516.7
515.4
511.3
514.7
513.3
519.1
521.2
521.1
523.6
526.3
516.2
526.8
514.6
516.4
514.8
514.7
514.1
514
514.8
519.4
515.2
519
512.1
521.1
523.2
518.1
520
514.3
512.5
510.7
509.7
508.2
508.9
513.9
512.5
511.6
521.2
520.1
525
521.3
526.1
519.7
521.6
513.2
513.5
510.1
513.8
520.8
511.6
515.6
520
518.9
521.2
524
523.7
519.1
510.4
517.8
512.9
513.9
514.1
509.3
512.7
510.1
514.6
513.3
520.3
518.8
520.8
517.3
520.8
521.4
516.6
514.1
516.1
508.9
518.4
513.9
509.1
514.1
514.5
519.6
521.5
518.5
517.1
519.4
520.5
515.9
510.1
516.9
510.4
506.1
510.4
516.7
513.7
512.1
514.7
519.1
517.2
515.9
519.7
516.4
514.3
509.2
513.8
510.9
514
517.5
513.3
516.9
520
519.8
520.5
521
518.5
511.9
516.7
514.7
513.2
505.3
507.1
511.9
507.9
511.3
509.9
515.6
519.1
516.2
524
519.7
515.3
517.2
513.6
508.7
514.8
511.1
503.3
514.4
507.4
510.5
516.9
518.1
516.5
519.1
518.2
517.2
514.8
516.2
513.6
515.3
515
512.8
509.2
507.5
514.9
514.5
514.8
519.1
522.3
520.5
516.9
516.3
512.3
511.8
508.5
506.6
509.7
504.1
512.1
511.3
513.9
518.8
520.1
521
523
521.2
515.5
514
510.1
508
509.1
506.3
507.3
508.9
508.3
513.3
514.5
514.2
516.9
514.7
518.6
523.7
510.5
511.5
509.9
503.3
505.7
506.8
509.7
525.1
518.8
515.4
513.4
514.6
521.1
513.5
512.1
511.8
510.8
507
510.4
505.1
506.7
515.6
506
507.6
511.4
517.6
517.8
516
518.5
515.8
510.7
511.9
510.3
509.6
505.8
507.7
510.9
508.5
513.5
510.3
515.9
514.1
517.6
514.9
515.9
510.6
505.2
504.8
506
512.7
514.7
508.2
509.9
512.1
514
514.2
513
514.2
519.8
513.3
516.4
508.2
508.3
504.7
505.1
503.7
503.8
507.3
515
511.1
515.7
521.2
511.1
516.7
514.5
507
502.9
502.5
502.5
508.7
505.8
506.5
503.9
516.6
513.1
519.3
517.1
509.8
512.8
508
508.8
507.5
509.3
508.9
503.4
501.5
502.4
513.2
512.1
513.2
510.6
513.7
513.8
512.7
504.9
512
509.5
505.6
505.6
500.8
505.1
506.8
507.9
508.7
516.5
516.6
519.8
513.7
515
515.9
504.5
512.3
507.6
505.1
506.7
505.8
507.2
513.6
512.9
520.9
520.1
516.6
515.1
516.1
512.3
506.5
509
508.9
508.9
498.2
505.4
503.3
506.8
506.8
516.2
513.5
504.8
512
513.5
508.9
506.5
506.4
504.8
506.1
506.4
503.2
502.4
512
515.6
509.5
510.7
509.8
518.6
510.1
511.8
508.6
506.8
503.3
502.1
508.7
509.4
510.8
513.3
512.2
513.4
511.1
518
513.7
513
508
514.1
501.1
507.6
504.2
505.6
505.6
505.3
503.7
513.8
513.4
518.8
516.4
505.8
503
504.5
511.1
508.2
505.1
510.2
501.2
505.8
507.9
507.8
510.1
517.5
523.6
515.9
509
505.9
507.7
511.6
504.8
502.7
503.5
498.5
506.4
503.1
501.3
508.7
510.3
509
514.4
512.5
509.6
512.2
510.6
502.8
502.4
500
500.2
500.4
504.6
509.3
501.9
510.7
515.6
516.3
513.6
510.8
509.9
506.2
510.4
502.8
504.4
505.2
511.3
508
507.9
509.5
503
508
517.1
510.8
514.3
513.5
510
505.1
508.4
501.5
501.3
502.2
501.6
499.4
503.7
515.9
514.6
509.5
511.6
513.9
513.1
506.6
511.5
512.2
503.8
502.6
505.6
495.9
506
504
510.3
510.1
506.4
511.8
514.4
511.5
510.6
506.9
502.2
502.6
503.2
500.7
501.4
500.6
502.7
505.6
511.5
514
514
514.7
516.3
510.6
509.4
507.9
500.7
503.2
499
500.5
503
503.7
502.7
510.5
504
506
511.5
513.5
511.3
522.7
503.1
505.7
493.4
505.1
505.5
508.3
503.4
498.9
505.3
502.7
512.8
507.6
511.6
506.5
506.2
506.8
501.3
504.1
494.1
499.9
513.2
506.8
508.5
512.9
519.5
518.7
512.2
518.6
514.1
512.9
507.8
508.7
502.7
500.3
496.4
504.3
509.4
514.7
506.9
513.1
506.8
518
512.9
515.9
510.2
505.3
512.6
505.5
504.9
508.1
505.6
505.9
514.6
521.8
521.9
512.9
519.2
505.6
512.8
505.4
502.9
497.5
511
499.2
508.3
503.9
508.1
509.8
513.8
516.3
512.2
512.4
513.3
512.7
512.3
499.6
498.9
505.7
500.7
502.4
511
508.4
513.2
513.8
519
519
512.4
510.5
512.6
509.9
502.8
507.3
510.5
504.8
498.3
504.2
501.4
509.6
510.1
511.5
510.4
516.5
509.8
508.4
503
508.1
504.3
505.8
503.3
500.9
504.5
509.3
507.4
513.4
511.7
518.1
513.2
516.8
512.8
506.9
507.5
504.8
505.2
500
507.7
503.8
505.9
502.3
510.1
518.2
518.4
514.7
505
512.5
505.7
508.7
498.4
505.8
493.5
500.4
500.1
509.2
507.8
511.5
508.3
507.1
511.2
510.6
510.9
507.5
499.9
498.6
498.3
512
509.6
499.6
494.5
508
511.4
506.7
504.8
507.9
508
511.1
501.5
508.9
504.6
505.5
504
501.7
507.5
506.2
511.1
513.7
518.8
511.7
511.9
508.5
507.5
510.4
506.4
501
505.4
505.7
495.7
501.2
507.9
512
509.7
514.2
507.1
509.4
510.3
509.7
505.2
506.6
503.7
505.5
497
503.3
504.6
508.5
515.3
507.2
508.8
515.1
512.4
514.8
510.4
504.9
502.8
505.9
503.8
499.4
497.6
519
506.2
512.8
509.8
512.3
511.4
509.8
517.1
512.4
508.3
504.5
502.4
501.4
503.7
500.2
500.1
501.3
503.3
509.5
517.3
512.8
513.3
508.2
506.2
504.2
504.7
500.3
501.9
500.6
502.3
507.1
497.2
507.8
514.3
512.6
513.4
516.6
504.5
505.5
505.6
502.6
505.9
499.5
503.5
495.9
505.4
513.8
506.9
511.1
508.2
504.5
514.9
511.2
502.5
502
501.6
503.9
506.6
501.5
499.2
497.6
509.7
508.1
510.7
510.1
508.8
511.9
506.2
499.6
500
495.6
494.6
496.3
500.9
498.9
502.4
506.8
513.3
511.9
513.1
514.7
508.5
508.8
505.7
503.6
505.2
504
502.1
501.9
507
507.6
509.3
508.9
512.2
502.3
506.9
506.4
498.9
503.5
495.7
501.1
493.3
500.4
498.8
499.7
505.9
503.7
510.9
505.1
512.3
501.5
504.2
506.9
504.1
503.3
497.5
501.8
499.8
496.2
497.4
504.9
500.9
508.8
513.2
502.3
508.2
511.7
504.1
500.4
502.3
501.2
496.6
500
505.1
501.9
502.8
503.2
509.5
509.5
506.9
508.7
502.6
507.6
505.4
498.5
497.1
498.9
501.2
499.5
500.2
503.6
506.4
509.2
508.5
508.1
516.5
504
503.9
498.3
499.1
501.5
493.3
499.9
501
505.7
505.3
506.3
504.4
506.2
505.1
508
505.7
498.8
505.3
502.8
496.9
498.8
501.6
493.9
503.6
506.2
505.1
507.8
513
513.1
510.2
506.4
499
499.2
499.1
494
500.9
495
494.2
499.4
497.6
506.4
504.6
507.6
506.2
505
503.4
498.3
495.3
497.6
491.2
494.7
494.9
500.3
501.1
502.3
504.7
509.3
500.7
509.2
509.8
506.6
496.1
497.1
498.6
496.9
493.3
493.3
495.9
495.4
500.9
504.9
502.2
503.7
506.7
504.1
503.6
494
496.6
495.1
492.7
496.6
497.5
494.7
497.3
502.1
501.6
501.4
502.8
503.1
502
502.3
502
495.2
497.4
495.2
494.4
492.9
492.2
501.8
498.8
500.4
501.6
503.5
503.5
499.2
501.6
496.6
499.2
497.9
491.2
493.9
501.4
495.8
502.7
509.4
510.1
507.3
509.3
504.4
501.4
501.4
501.4
500.7
495.3
504.3
496.4
496.4
500.9
500.9
505.2
509.1
505.9
506.5
505.7
498.1
493.1
493.4
498
501
496.6
495.5
496.3
498.9
496.9
501.3
501.6
501.2
502
496.4
498.3
494.3
498.7
495.2
492.8
503.6
491.9
496.2
496.7
500.2
504.5
502.9
503.7
500.7
500.7
498.3
497.6
489.9
500
496.9
490.4
491.9
496.8
496.7
504.9
505.4
507.1
505.4
500.4
501.4
503
495.1
494.7
495.5
494.8
498.1
503.6
496.6
502.2
495.7
503.8
506.1
508
506.4
496.8
493
491.4
499.2
495.4
493.7
494.9
498.3
498.7
498.7
504.9
498.6
504.5
504.6
499.2
497.7
493.9
493.8
496.4
490.9
497.8
498.4
496.3
499.4
497.1
498.4
502.6
502.3
504.8
502.4
496.7
499.9
492.5
492.8
490.6
493.4
490.7
493.3
500.9
506.2
504.3
501.4
503.2
501.7
498
499.3
494.2
498.3
496.7
490.1
493.7
495
493.8
497.4
501.4
504.5
508
509.2
499.7
496.9
496.5
492.8
499
494.8
488.6
496.9
494.5
492.1
495.2
497.9
496.8
497.6
500.7
498.3
498.3
483.7
491
489.6
491.8
486.3
489.8
496.4
501.7
499
499
499.8
498.5
504.1
501.6
493.1
493.3
498
492.5
489.8
488.9
495.2
495.3
496.7
497.6
497.6
507.7
501.8
502.2
497.6
495.3
491.1
496.6
493.4
490.2
489.7
492.2
497.3
493.6
498.3
499.2
498.8
499.9
498.2
500
499.6
496.5
491.7
492.4
484.9
491.9
493.1
494.9
494.5
498
501.6
503.7
500.1
504.3
499.1
499.5
495.7
491.7
498.5
493.3
496.1
488.4
491.3
496.6
498.8
500.1
501
499.1
499.6
496.1
498.6
492.8
495
488.5
497
488.5
488.9
490.7
491.7
498.6
500.4
499.9
495.7
496.2
492.8
494.8
495.2
487.1
494
491.9
494.7
492.9
492.8
491.8
493.5
501.9
501.6
500.5
500.4
495.7
502.1
496.5
494.4
488.6
494.3
489.8
492.4
497.6
494.5
495.9
491.3
500.2
503.2
496.9
500.7
497.2
493.8
491.2
487.1
487.2
488.9
492.4
490.7
483.9
492.6
494.5
495.4
501
507.1
498.9
499
498.7
491.2
488.3
491
488.4
490.1
488.3
486.6
489.9
490
502
497.6
496.7
499.5
489.8
494
492
494.6
490.7
487
484.4
487.9
491.4
500.9
495.1
496.9
502.1
502.6
495.6
504.3
496.4
488.6
487
488.4
498.2
491.8
490.7
496.7
508
500.3
505
502.8
501.7
499.1
504.4
496.4
494.3
495.6
493.1
497.1
490.9
498
497.9
499.5
498
502.2
505.4
502.7
498.7
506.7
501.9
493.9
496.3
496.7
495.9
492
489.6
496.9
503
499.2
499.7
505
503.9
503.8
502.2
502.4
495
496.8
495.7
498.6
492.4
490.7
493.6
493.4
496.4
501.4
499.2
497.9
490
494.5
494.4
491.9
488.5
490.1
486.7
491.2
492.7
488.7
494
499.3
498.1
498.3
500.7
493.9
492.4
493
488.8
487.3
490.2
487.8
491.4
490.1
493.6
492
498.6
499.4
498
498.7
495
495.7
494.2
494.8
485.8
496.4
492.9
489.1
497.9
496.6
497.8
494.3
498.9
500
491
496.4
489.6
495.5
488.8
496
495
492.5
492.3
490.3
496.2
502.9
499.3
502.4
505.5
507.9
502.6
489.9
494.9
497.4
497.1
490.8
498.3
496.7
501.3
504.3
498.8
505
506.9
501.6
499.3
505.1
499.1
497.1
494.6
495.3
491.9
493.9
495.6
492.1
499.8
499
492.9
491.4
499.9
496.7
497.6
492.6
490.7
481.2
486.2
488.1
486.8
486.2
494.9
492.7
495.1
493.1
498.7
494.6
499.2
497.8
493
487.6
487.9
488.3
488.2
488
495.6
489.9
490.8
491.2
498.5
502
495
500
499.3
490.7
491.2
487.6
494.7
486.2
489.3
491.7
489
495.2
498.5
499.3
502.3
497.7
496.1
490
496.7
493.1
493.6
486.2
493.8
484.8
485.9
495.9
495.2
493.8
494.2
491.3
495.8
490.3
496.1
472.4
485.8
493.3
483.6
484
485.4
489.3
496.9
483.7
491.4
498.3
499.3
495.2
497.7
487.5
488.9
482.7
490.6
487.1
486.3
497.3
494.5
494.4
497.5
495.4
499.2
498.7
496.2
494.1
497.4
492.2
501.8
489.7
491.7
491.1
492.2
495.2
497.4
492.6
498.7
498.7
496.5
496.1
496.8
493.3
488.2
487.1
482.7
481
487.7
486.7
483.4
499.8
490.3
497.1
497.3
491.6
495.3
496.7
493.4
487
483.7
487.2
487.1
487.9
483.4
485.6
493.7
490.4
492.1
493.2
493.3
492.8
488.9
496.1
497.6
494.8
487.7
490.2
489.9
489.7
494.3
499.5
494.5
497.9
497.7
497.2
499.1
497.5
497.4
496
499.9
488.1
492.9
490.3
494.5
494.8
495.6
497.2
498.6
496.2
498.8
500.1
495.7
489.7
493
493.6
494.1
492.7
486.3
497
486.2
496.7
494.5
498.9
490.3
493.1
494.6
493.1
488.6
485.1
481.9
486
489.4
485.2
492
496
492.7
495.1
499.9
494.7
498
497.6
491.2
489.4
484.9
487.9
482
489.1
482.6
495.2
494.7
493.6
494.8
492.6
496.2
493.8
493.6
488
490.9
487.5
486.3
483.9
480.3
487.5
482.5
490.5
489.3
494.3
492.9
504.7
491.4
494.7
491.6
485.8
485
490.3
487.7
485.3
483.9
485.2
486.4
493.2
488.2
488.6
500.7
495.4
495
490
489.6
487.5
485
483.1
481.5
494.1
482.7
494.2
485.9
491.7
494.5
494.4
500.1
492.7
488.3
486.7
484
488.8
477.6
486.3
484.7
484.9
487.8
490.7
494.6
491
499.8
496.9
496.1
488.3
486.5
484.8
485
483.3
485.4
484.3
487.4
481.9
488.4
492.5
489.8
492.4
490.7
491.4
491.7
489.7
487.6
486.4
484.3
484.4
485.4
485.2
485.2
488.5
487.8
494
492.6
497
495.9
491
490.8
483.9
484.7
484.7
485.8
485.3
480.3
488.1
490.3
495
496.1
491.2
489.6
493.4
487.3
487.5
489.1
487.3
484.8
490.2
488.9
478.3
488.3
495.8
490.3
491.6
497.2
492.8
487.8
488.9
489.3
487.5
489.7
483.5
481
485.7
486.9
489.6
493.2
492.2
492.4
495.4
494.7
493.9
495.9
487.5
485.1
489.1
484.6
481.5
484.2
491.6
486.2
488.2
490.8
496.3
491
494.9
492.9
489.3
494.4
486.6
489.8
490.8
477.5
483.2
485.2
494
491.9
493.9
488.4
495
488.9
488.5
488.8
489.6
485.5
489.3
487.9
481.4
489.9
491.7
485.4
490
493.2
494.6
494.7
493.5
489.3
493
483.2
482
487.2
480.2
478.3
486.2
487.4
489.6
495.5
490.4
490.6
495.2
495.2
496.3
492
485.8
480.2
484.9
482.7
485.8
484
488.8
488.7
492.4
495.1
505.2
496
494.4
487.3
488.6
484.1
485.1
480.1
480.2
485.1
485.6
486.4
486
486.9
497.5
491.7
493.1
489.1
489.9
488.8
484.7
495.7
483.1
482.4
479.3
487.6
487.9
490.3
491.7
492.1
491.8
494
492.3
490.8
488.7
487.6
483.2
485.6
485.8
487.4
483
485.5
488.2
498.1
495
494.5
501.1
493.2
489.5
486.9
488.6
482.3
487.9
483.7
481.4
485.2
483.8
490.8
487.5
490.5
489.1
488.5
492.8
491.9
488.4
485.9
485.1
490.8
486.6
479.2
487.5
491.3
488.4
487.2
485.5
490.3
492.4
498.3
493.1
484.4
490
483
485.4
485.3
484.9
488.8
486.3
495.2
486.1
490.6
494.4
493.8
496.9
496.4
486.2
491.5
480.1
483.2
478.5
483.4
485.3
485.8
488.4
494.7
491.4
488.4
492.4
492.4
489.5
485.3
489.8
484.4
489.4
487
484
484.6
485.1
487.7
496.5
489.8
490.6
494.5
494.2
487.8
493.4
478.9
487
481.1
488
482.3
484.6
480.1
491.5
492.1
492.1
496.8
502.5
491
491.1
492
483.6
483.4
488.2
488.2
483.3
480.9
487.9
488.9
491.7
489.1
498.3
492.9
492.6
490.8
487.5
478.8
485.2
485.9
482.8
483.3
480.6
483.7
485.2
486
485.8
492.6
494.5
490.3
491.4
485.4
483.9
485.6
481.6
486
481.5
484.9
478.9
489
491.4
485.4
497.4
490.3
491.4
489.1
486
482.2
481.9
479.4
487.9
483.7
482.3
487.8
491.3
493.2
491
488.3
496.6
493.3
492.1
492.9
484.5
484.5
487
486.5
484.9
488.9
486.4
485.8
494
492.8
501.5
494.9
493.4
492.3
486.5
486.3
489.5
486.5
483.4
481
487.7
488
492.9
490.7
492.1
491.4
495.7
487.8
493.1
488
485
483.8
484.2
483.9
488.3
482.6
485.1
486.9
482.7
489.7
492.4
492.8
485.1
481.4
491.2
483.7
480.7
484.7
483.6
477.9
486
483.2
487.9
491.4
496.8
490.6
495.2
495.8
485.5
492
487.2
485.7
485.1
482.1
484.9
488.2
487.2
491.7
488.6
489.5
499.1
486.9
494.4
490.4
486.6
482
486
478.4
484.4
481.6
483
486.8
485.6
483
485.9
490.6
488.2
485.6
487.1
483.6
479.6
481.9
485.8
476.8
478.3
479.7
480.7
487.3
481.1
485.7
482.7
482.3
493.1
481.9
484.9
489.2
482.6
481.8
483.9
483.1
480.9
487.3
478.8
482.9
495.3
487.9
484.9
490.9
478.8
489.2
479.9
477.1
478.6
483.9
475.3
478.5
473.4
480.5
484.5
481.4
486.9
492.5
484.8
487.1
488.3
480.8
482.2
481.7
479.7
482.9
482.2
479.4
486.4
481.4
487.9
485.6
486.5
481.5
490.1
489.3
486.6
478.7
478.8
478.3
480.4
477.9
481.5
478.2
482.9
485.9
493
489.3
491.3
487.2
487.7
486.2
478.4
478.3
479.4
477.5
478
478.8
479.8
484.9
489.2
487.1
471.9
490.6
491.8
485.4
484
485.1
483.8
477.5
479.6
477.2
479.8
484.5
480.6
484.5
486.8
486.3
495.3
490.8
483
485.3
479.7
484.5
482
475.3
476.4
481.5
485.6
480.8
488.9
490.2
493.9
490.5
491.4
481.6
484.3
483.7
482.2
486.2
482.9
477.1
479.9
482.2
487.2
491.2
489.3
487.3
494.9
490.3
486.3
484.9
480.1
478.1
476.8
477.7
481.7
484.3
481.3
487.3
485.9
490.8
494.8
489.9
486.3
488.3
480.5
479.4
476.3
477.7
478
480.6
475.8
480.6
481.8
489.3
492.1
485.1
484.2
479.4
483.4
478.7
478.6
479.5
479.4
472.3
474.4
476.4
479.7
482.9
485.3
491
491.2
486.5
480.8
476.9
481
477.1
475.9
474.5
475.6
476
483.6
487.1
488.2
485.9
487.6
490.9
487.3
482.6
483.8
476.6
475.5
475.8
474.7
476.9
473.2
484.7
486.4
484.2
491.5
490.7
492.5
487.1
489.4
483.6
483.6
483.9
479
477.8
475.2
476.2
486.8
485.7
487.6
490.3
485.7
489
486.6
487.6
481.8
480.9
476.9
476.4
476.7
479.8
476.2
477.7
480.8
488.3
483.6
487.4
488.2
488.8
484.8
479.4
477.8
472.1
476.9
477.4
478.8
477
479.5
478.5
486.6
486.6
484.8
485.5
483
480.6
484.8
481.6
474.1
475.5
472.9
476.4
482.7
480.6
478.5
480.6
486.2
483
486.6
482.5
478.1
477.9
476.4
471.4
475.8
477.5
480.6
477.8
480.8
481.8
478.1
486.6
485
483.3
486.9
490.2
477.1
475
485.1
471.3
479.6
485.6
478.3
486.9
495.8
487.4
491.2
488.2
493.4
488.8
486.2
483.7
480.7
479.9
479.8
483.5
482.5
488.1
484.5
491.8
497.6
491
490.3
484.3
483.5
483.5
481.3
483.6
477.3
476.8
483
480.7
480.2
485.6
482.8
487.2
488.4
490.6
486.9
482.9
487.1
480.9
481.6
483
479.3
478
477.9
478.7
482.6
487.8
489.9
490.5
490
489.2
485.3
482.1
481.2
478.7
479.2
477.9
478.1
478.1
479.8
482.2
490.5
485.7
490.3
484.1
490
492.2
485.9
480.9
480
475.6
477.5
479.7
479.5
484.9
488.1
482.8
494.3
490.2
489.1
486.9
481.8
488.8
481.2
482.3
482.7
481.1
475.3
478.4
480.5
480.9
481.7
490
490.5
493.5
488.9
483.2
485.4
479.4
484.1
479.3
477
485.1
479.4
481.4
479.3
481.9
491.9
485.8
486.7
487.5
484.8
481.1
484.7
484.4
481.4
484.3
480.8
481.3
478.7
485.3
479.2
485.4
484.9
489.7
484.8
479
484
471.1
478.3
476.9
478.7
470.5
480.9
481.9
483.7
486.8
489
491.7
481
480.7
484.1
479.8
476.5
477.7
475.6
481.4
477.5
478.5
477.4
480
483.7
488.1
488.1
487.5
482.6
486.8
482.1
480.7
474.9
476
478.5
476.3
478.3
476.8
482.6
487.2
486.5
489.1
489.9
494.6
484.3
486.5
486.5
484.4
478.3
479.2
484.1
480.3
481.4
488.5
489.5
483.2
487.3
493.1
494
487
487.9
486.3
477
476.5
480
473.8
479.3
479.1
486.3
483
489.2
489.2
486.3
489.5
485.5
482.8
478.5
481.2
481.2
480.2
478.6
479.4
478.6
476.5
484
485.1
487.2
488.4
489.5
481.6
485.3
478.7
474.5
479.5
475.6
476.1
478.6
474.9
481.6
484.6
485.3
490.5
486.3
483.1
482.8
482.1
482.1
485.2
477.1
478
479.3
480.8
484.6
482.8
481.3
490.8
490.9
486.3
487.5
487.7
484.3
478.3
483.8
474.2
480.5
478.8
483
481.5
480.5
480.8
484.9
489.5
489.2
486.5
487.2
483.3
483.5
482.8
480.5
474.4
481.6
479.1
475.2
474.6
484.4
482.3
486.2
490.9
485.8
485.2
482.9
482.5
480.3
481.4
480
481.2
480.6
483.7
481.9
481.8
491.2
491.9
489.7
486.4
484.2
485.5
481
481.6
477.8
477.7
477.9
473.2
477.2
476.1
484.7
486.1
486.6
485.3
476.1
482.9
482.5
475.6
481.6
474.6
477.2
477.3
480.3
479.1
487.5
485.6
488.3
486
486.2
485.3
482.3
480.9
478.8
475.3
485.8
471.6
479.7
479.7
477.8
482.7
486.4
487.9
486.3
477.5
485.2
488.4
480.7
483.4
479.8
475.6
473.9
480.8
477.9
483.4
488.4
484.8
488.7
487.8
482.1
482.6
482.8
484.5
477.9
476.4
477.7
479.6
478.6
481.7
482.2
479.1
482.2
486.1
489.2
490.9
490.9
483.9
479.8
479.4
481.4
480
478.8
479.1
478.6
483.8
482.8
483.1
487.8
495.3
488.4
482.8
480.4
485.3
481
474
472.6
476.1
480.5
478.4
475.6
483.9
483.7
485.7
486.7
487.1
488.3
482.1
479.4
479.8
483.8
472.6
472.2
484.2
478.1
478.6
486
483.2
486.8
489.6
493.5
488.1
482.6
476.3
467.7
476.5
480.7
478.8
473.8
478.9
480.1
481.1
475.6
480.1
478.1
487.8
485.5
484.9
475.3
480.9
479.9
480.9
477.7
482.6
479.3
475.1
481.5
486.6
481.3
485.6
486.7
482.7
476.9
472.3
474.1
469.5
475.4
474.8
472.9
471.2
478.3
478.5
482.6
480.6
481.5
478.7
480.8
475.7
477
478.3
470.1
470.1
473.7
466.6
470.2
470
484.5
474.9
479.1
482
477.1
478.5
481.8
477.3
472.6
470.9
479.5
479.6
481.4
476.4
475.8
484.2
477.8
482.9
487
487.9
476.7
474
473.5
474.4
470.2
471.2
472.2
475.9
473.9
473.9
478.8
476.1
482.2
483.2
481.7
480.4
478.5
477.3
477.3
477.9
470.7
469.5
474.6
473.7
471.9
473.7
471.4
477.1
481
481.5
483.7
481.8
479.8
485.3
478.9
473.3
475.8
475
473.8
478.5
477.5
481.7
485.6
485.7
484.8
487
484.2
482.6
473.3
478.7
475.4
472.6
467.8
479.5
477.7
479.9
479.5
483.5
486.3
475.8
483.3
482.2
483.8
480.4
476.2
475.6
472.4
476.8
473
478.1
477.2
482.1
484.2
484.9
487.2
487.6
487.7
484.6
484
480.7
480.9
476.3
477.5
482
479.1
479.8
485.6
478.6
477.6
477.6
480.6
479.2
475.6
482.3
477.4
473.5
476.7
469.9
479.3
476.1
475.8
473.5
474.6
480
482.1
478.8
478.9
480.7
479.4
473.2
472.2
483.5
470
477.7
471.8
476.1
476.2
479.4
482
475.7
480.6
487.6
480.3
483.8
475.1
475.5
477.1
475.2
477.7
473.6
477.6
477
482.9
476.5
478.4
483.2
486.8
484.9
480.8
475.6
476.7
478
477.8
476.7
481.5
475.9
478.6
481.2
483.9
483.9
482.1
480.7
486.7
479.7
482
477.7
473.2
475.1
474
472.6
477.2
475.8
479
485.6
481.4
486.6
487.2
490.5
482.2
482.3
477.6
474.2
473.5
470.6
475.9
474.5
476.5
485
477.2
484
482.3
484.5
480.9
483.5
482.4
476.1
478.3
476.5
472.8
477.1
475.6
474.7
477.9
479.2
486.4
482.1
487.9
487.9
483.6
482.4
482.5
478.6
473
474.9
480.9
476.1
474.5
473.6
485.4
481.1
482.3
490.7
480.8
481.3
481.3
477.5
475.6
477
477.6
471.3
475.6
472.4
477.9
479.3
482.9
491.2
482.5
482.3
479.5
479.6
478.2
476.1
475.4
473.1
472.6
470.7
482.2
480.6
481.7
480.7
483.2
483.8
483.7
479
477
477.1
476.1
474.9
474.6
465.1
478.4
479.1
480.7
481.3
481.6
485.1
482.4
483.3
478.6
477.9
474.2
473.3
474.9
472.7
473.6
479
474.9
479.9
481.2
485.9
483.8
485.9
485.1
483.6
478.2
477
472.4
472.6
475.6
471.8
472.1
483.6
477.8
481.2
482.1
486.3
483.5
484.7
480.6
481.8
473.9
471.7
468.8
467.3
466.8
471.6
474.8
473.7
478.8
478.3
481.3
475.3
482.4
480.8
472.8
473.8
468.2
472.1
471.7
476.5
476.3
480.7
472.2
481.3
484.8
479.2
476.2
475.5
483.7
475.4
481.6
477
473.4
475.2
474.9
476.4
479.4
480.4
484.4
484
483.8
485.6
478.2
479.7
472.6
472.2
471.6
474.4
473.3
474.4
473.8
479.3
481
482.1
483.1
480.9
482.3
477.9
474.9
472.3
478.3
469.6
475.6
472.6
469
471.2
481.8
475.8
476.9
486
483.9
477.7
478.6
476.1
476.6
474.4
474.2
470
467.9
469.9
473.8
472.4
477.2
478.9
480
482.4
484.1
479.1
476.5
475.6
472.4
474
471.2
473.2
466.7
474.3
476.3
483.7
481.3
480.9
483
475.1
479.1
475.5
473.3
471
471.1
467.4
467.5
473.4
471.7
481.7
478.3
483.8
483.8
482.4
485.6
481.9
476.8
475.4
475.5
475.8
480.1
471.7
475.2
480.9
479.6
489
486.3
479.5
480.8
472.3
478.4
472.9
472.4
479
468.6
475.2
469.4
476.4
479.1
477.4
480.6
480.4
482.3
482.4
484.7
480.1
475.9
479
473.3
472.9
472.3
473
471.1
476.1
473.6
484.3
486.6
482.9
486.1
485.3
482.2
478.2
475.8
475.7
472.6
471.1
473.1
471.9
476.8
475.3
486.2
483.2
480.4
476.5
475.4
476.8
475.6
474.5
470.5
470.8
474.6
473.8
477.1
471.1
476.1
477.2
488.2
482.6
483.4
482.9
475.8
481.4
474.2
473.5
471.4
475.3
471.3
473.7
472.4
483.2
478.5
480.6
482.2
479.3
480.9
481.6
472.7
472.5
471.7
479
468.5
469.2
471.7
475.8
477.2
478.6
478.4
486.4
477.1
481.6
478.7
474.7
468.1
473.1
471
468.5
468.5
469.4
475.8
474.4
474.5
475.6
477.7
483.2
478.6
475.5
472.4
472.3
471.4
468.4
469.9
471.8
469.6
476.4
484.5
479.8
482.2
479.9
478.8
475.7
475.3
468.7
470.5
470.2
470.6
470
469
479.1
473.5
478.1
481.5
481.5
484.2
484
477.9
476
466
473
472.2
467.9
465.8
473.5
471
474.1
478.5
479.3
481.8
478.2
482.2
479.5
474.3
472.1
472.9
468.5
470.1
468.4
469.2
473.1
475.2
477.5
476.8
477.9
480.1
475.4
478.8
476.6
474.8
469.7
474.2
469.5
464.4
472.5
473.7
473.6
475.2
478.6
481.2
481.9
476.4
474.7
478.3
470.1
474.7
470.3
476.5
466.2
471.9
472.5
471.5
474.4
478.5
482.5
479.8
483.5
473.3
474.5
467.2
471
472.4
472.8
469.4
478.7
477.5
480.5
480.1
480.5
480.9
477.6
474.3
478.4
472.4
471.2
476.6
468.6
471.2
471.6
469
473.5
478.6
479.9
476.4
479.4
479.4
468.8
477.4
476.4
476.3
468.5
471.6
473.4
471.1
469.5
478.6
474.3
476.7
484.2
496.1
480.2
477.9
475.2
472.7
473.8
469.9
470
472
469.2
474.4
478.8
476.9
478.6
480.5
482.5
476.2
479.5
476.2
473.3
472.6
466.2
473.8
470.6
472.1
472.9
474.5
481.7
478.4
482.2
482.7
476.3
482.1
471.7
477.9
470.3
469
470.6
467.8
472
471.5
472.6
473
472.2
477.8
479.1
480.3
476.9
479.8
474
471.3
471.7
466.2
468.9
467.8
474.9
476.8
478.4
477.5
481.8
482.2
483
477.9
477.2
474
475.2
471.5
471.7
466.8
470
468.7
477.7
474.5
474
479.1
476.1
484.6
478.8
475.6
477.8
474.1
465.3
470.4
468.4
472.9
477.7
476.5
478.6
477.9
477.9
478.8
479.4
478.3
476.8
478.5
475.8
476.9
469
469.2
476
470.8
476.4
474.4
476.9
481.2
478.2
480.5
470.8
478.2
476.1
473.3
473
472.6
474.4
474.7
470.6
470.6
475.6
476.3
483.2
484
483.5
478.6
480.5
473.9
474.4
468.4
474.5
471.9
472
472.2
472.4
477.8
480
478.5
478.6
478.7
476.2
475.2
476.9
471.5
471.1
466
477.8
473.4
471.7
476.9
477.9
480.9
480.3
480.8
475.8
477.1
471.3
474.2
470.1
469.4
470.6
465.3
466.9
467.1
475.7
477.9
477.8
480.5
484.2
478.2
481.4
476.9
475.3
474
469.4
471.2
470.3
469.8
473.3
474.2
474.9
474.7
482.8
483.6
478.4
480.8
474
475.8
473
469.4
473.1
471.9
473
476.8
475.2
477.8
480.9
484.8
480.9
482.6
472.6
474.8
471.6
472.5
471.6
471.9
471.8
467.9
467.1
476.2
479.3
477.2
476.2
480.1
474.2
476.9
474.3
471.1
473.1
475
471.4
477.9
469.6
472.6
472.6
476.8
472.1
479.8
478.2
487
479.6
476.8
474.7
472.2
471.5
477.7
471.2
472.4
470.1
468.7
475.5
479
480.7
482.5
477.3
476.1
476.5
474.5
471.1
469
466.6
468.5
470.2
472.2
475.6
476.2
473.3
478.1
479.6
478.4
481
472.3
472.9
470.8
470.1
471.6
469
469.9
470.6
472.7
471.4
476.6
477.9
476.1
477.7
478.1
476.3
474
469.2
469.6
471.9
473.4
471.6
464.4
465.8
468.3
478.9
482.6
481.5
482.4
478.1
477.7
477.9
470.9
470
469.9
472.2
473.3
471.3
471.7
476.9
475.4
483
480
488.8
478.4
480.7
477.2
474.7
476.3
471.9
466.3
471
468.5
472.9
470
477.7
481.5
477.2
481.4
480.5
479.1
477.1
469.2
472.9
466.8
469.7
466.2
467.8
477.2
471.5
473.8
479.3
481.2
482.5
477.9
475.7
476.3
473
472.7
472.9
479.8
474.6
478.1
476.6
478.9
476.5
479.7
479.4
483.2
482.2
477.6
473.3
474
464.3
471.4
470.9
471.4
472.8
471.7
477.1
473.2
475.1
479.1
483.2
479.8
476.1
479.1
477.2
473.2
468.5
471
463.6
466.5
473.3
475.2
474.7
472.9
477.1
480.5
480.9
478.1
468.7
469.1
469.4
472.5
471.2
464
472.6
474
480.1
478.4
478.9
477.4
486.3
483
473.2
477
480.7
474.3
475.3
477.5
467.8
477.6
479.8
476
476.4
479
477
476.2
480.9
483.2
475.1
483.8
466.7
471
473.4
477.1
474
473.8
476.2
478.7
482.4
482.7
484.8
485.9
476.2
475.8
470.8
475
472.6
472.9
472.3
473.6
476.5
479.2
487
474
477.5
483
487.7
480.9
476.1
476.8
477.8
476.2
473.3
476
475.4
479.5
479.3
478.8
481.7
483.8
487.2
481.3
474.8
475.5
468.7
470.6
483.3
467
467.7
467.7
479.3
478.8
480.9
487.5
484
482.1
481.2
485.4
481.2
480.8
479.1
472.9
472.5
467.1
473.3
467.7
471.7
479.5
474.8
474.2
478.5
474.7
476.3
475.8
477.6
468.4
468.3
466.9
472.4
472.1
471.5
471.3
479.2
476.5
476.4
483.1
480
473
471.6
470.3
466.6
467.3
470.4
467.5
466.3
472.2
471.8
473.9
475.3
478.1
481.8
482.6
472.2
472.5
466.6
470
471.2
470.6
467.9
475.5
473.3
474.2
484
485.1
488.6
487.7
482.4
479.3
477.4
477.6
476
478.4
474.5
474.3
472.2
475.3
477.5
482.1
483
474.5
483.7
489.8
484.7
486.4
478.8
478
476.8
481.1
476.3
472.6
479.3
477.2
479.8
484.4
485.9
487.5
486.8
490.8
479.6
479.6
480.6
478.6
474.4
472.9
472.2
474
479.6
481
484.7
482.3
485.1
482.1
478.6
476.8
477
475.5
475.9
469.7
476.7
473.7
479.9
481
475.6
486.5
483.5
484
483.1
484.9
474.6
478.9
476.2
471
476.6
472.7
476
478.3
477.3
480.2
485.8
481.7
485.8
482.6
478.6
477.4
472.6
474.7
479.4
476.4
476.9
474.7
475.8
483.5
476.8
480.1
482.9
482.8
488.8
483.3
479.3
476.1
479.5
475.4
476.5
477.8
480
479.5
479.8
486.6
477.4
480.3
482
477.2
476.5
473.9
471.5
471.1
469
474.8
465.5
471.2
472.9
477.6
471.8
478.4
477.5
482.2
479.3
480.2
474.9
473.1
476
466.5
464.6
471.8
474.1
471.2
473.6
481.8
481.4
480.5
480.7
479
480.1
476.7
465.2
468.3
469.5
465.3
476.5
472.9
474.7
479
477
479.9
485.6
482
474.5
475.8
474.6
476.2
464.6
468.7
472.4
476.5
475.9
483.8
476.8
477.2
475.8
480.4
479.1
476.4
477.9
471.9
470.7
479.1
471.5
476.3
472.8
475.4
481.3
478.2
484.5
483
486.9
482.4
485.1
477
477.7
476.5
479.1
477.9
470.7
474.1
476.8
476.8
481.5
480
487.1
484.5
483.6
485.3
481.7
479.3
478.4
473.8
478.9
475.9
471.9
474.6
474.7
481.4
484.7
480.3
486.2
487
482.4
484.5
479
470.9
476.5
473.5
475.6
478.4
475.3
481
481
479.5
475.9
482
478.1
479.9
477
476.3
476.3
466.1
472.4
473.1
476.9
467.7
474.5
476.4
479.1
478
478.9
481.1
475.8
473.7
464.7
473.9
468
465.9
473.5
466.1
470.3
474.7
476.5
478.4
474.6
479.7
479.5
479
475.1
471.9
471.7
477
477.1
473.8
478
468.6
481
479.4
484.9
488.2
488.3
480.7
480.2
480.3
476.8
475.2
477.9
474.1
476.6
475
480.7
485.8
483.9
486.4
486.6
480.1
483.8
484.7
481.5
469.3
475.4
476.5
476.8
474.7
476.1
475.8
484.1
478.4
490
488.1
479.5
482
482.6
469.2
475.6
473.2
466.2
474.3
480.4
477.3
477.7
481.2
485.9
486.3
480
486.9
481.6
480.9
477.1
476.1
474.9
473.1
481.6
476.4
478.2
479.4
479
483.8
485.8
484.5
484.4
483.3
476.7
478.7
477.3
478.4
472
473.5
473.7
480.7
477
481.3
481.7
489.8
484.6
479.1
478.6
482.6
477.6
478.2
475.4
473.7
474.5
471.1
474.7
480.7
475
483.6
485.1
489.1
486.5
488
481.9
478.6
475.3
478.9
470
472.8
483.5
474.3
479.6
480.7
478.3
486.6
485.8
481.6
480.5
481.3
474.6
478.9
474.9
474.7
478.4
479.3
471.7
477.6
482
481.3
478.4
483.9
473.1
484
479.7
479.6
476.4
473.6
475.4
477
476.7
475.5
474
484.9
478.9
483.7
487.1
482.1
484.1
480.2
482.6
473.2
477.8
472.9
485
473
475.6
478.3
482.3
488.1
485.2
485.1
480
484.9
483.1
474.9
476.5
476
474
475.5
471.9
473.8
475.4
478.7
488.1
483.8
479.8
479.3
483.5
482.5
480.5
470.1
472.9
475.9
475.5
473.2
476.9
478.9
478.6
484
485.4
487.3
484.4
479.1
484
477
475.9
475
472.7
478.2
469.7
470.4
479.4
481.7
481.8
490.2
480.2
485.4
484.6
476.3
478.6
477.3
478.9
474.1
475.9
475.9
475
478.8
481.4
482.8
486.1
484.7
486.1
481.9
483.9
478.1
475
474.9
471
471.9
477.2
476.7
481.2
481
480
483.9
483.7
484.3
482.9
482.4
476.6
481.7
473.1
481.4
475.3
477.5
475.2
482.9
474.6
481.2
483.5
486.8
486.1
481.1
484.9
481
477.9
477.2
472.9
473.4
474.7
477.5
481.7
482.3
489.1
488.2
474.3
489.7
480.7
477.8
475.2
478
476.5
471.7
476.8
476.8
478.4
480.8
474.8
479.3
479.1
474.8
480.6
474.3
473.9
481.6
476.3
475.3
478.6
476.4
474
475.7
476.3
483.3
485.5
487.4
479.8
485.4
475.5
480.5
475.7
476.3
480.9
474.8
472.5
474.2
472.7
474.1
480.5
484.7
475.7
490
482.8
481.8
481.7
475.4
478.6
474.1
473.8
476.4
478.5
480
479.4
481
486.3
486.3
484.7
474.4
480.3
478.4
479.2
477.5
474.2
476.4
474.4
477.4
483.9
485.1
484.8
482.9
488.3
488
482.2
478.6
484
478.9
471.9
477
472.9
476.7
476.1
483.5
477
482.8
486.1
486.6
482.7
484.2
481.7
474.3
479.8
480.5
477.2
474.6
474.9
476.5
473.8
486.5
486.1
482.1
482.3
487.1
485
479.7
480
476.2
475.7
475.9
475.4
474
478.7
482.2
478.8
477.8
486.5
485.1
485.6
488.3
479.5
476.7
476.7
472.6
476.6
477.2
472
475.7
478.2
485.9
489.4
483.5
482.6
483.4
482.9
481.3
477.2
480.5
476.1
481
479.3
474.9
476.4
479.1
476.8
494
481.9
481
492
479.7
477.5
471.3
472.9
474.2
470.4
476.3
479.6
474.9
481.2
482.6
486.4
482.8
479.2
485.1
477
483.5
475.2
473.3
471
472.9
465.3
476.3
472.1
483.4
483.3
481.4
482.2
481.2
473.8
476.1
474.6
473
470.6
473.6
478.3
471.9
483.3
475.9
485.2
483.8
481.7
488.3
490.9
485.6
482.8
484.8
473
476
481.7
475.2
474.8
477.7
474.5
483.5
482.1
483.1
483.1
488
486.7
484.1
483.3
481.4
476.2
478.7
475.3
472.9
475.5
477.3
481.2
484
481.9
485.7
491
484.7
480.4
478.8
475.4
473.2
473.3
483.2
480.9
475.9
478.6
472
482.4
485.4
485.9
480.8
485.9
478.4
478.6
472.3
478.4
474.3
473.8
472.1
473.1
482.5
474.5
490.8
486.4
485.7
485.4
490.3
485.3
477.5
478.5
476.2
475.8
477
477
476.6
480.8
483
488
482.8
487.7
485.4
482.6
484.6
477
476.6
477
475.6
479.9
475.2
476.6
481.7
478.6
484
482.9
482
484.2
484.5
481.7
484.1
480.1
473.4
474.1
471.5
472.4
477.5
477.7
479.8
488.7
484.6
486.7
478.6
482.4
482.7
476.6
474.7
477.3
478.1
474.7
471.1
473.4
480.2
479.9
483.2
487.1
486.6
491.5
482.1
481
474.2
472.6
474.5
475.5
469.6
475.2
475.7
476.7
479.1
481.8
485.1
488.7
489.1
473.8
478.9
480.8
481.4
474.7
477.3
471.1
477.1
479.7
484
481.6
487.5
485
486.2
484.3
486.3
483.3
475.9
477
474.7
470.9
473.4
480.4
481.2
483.4
484.6
482.1
489.1
481.7
478.4
482.9
480.7
477.3
477.9
472.7
477.8
481
473.3
475.7
483
485.6
479.8
483.1
489.6
487
477.2
478.6
479.8
475.9
476.2
475.2
479.9
475.9
475.6
483.7
486.2
480.2
484.2
484.1
486.9
472.7
477.3
478.4
479.6
479.5
475
476.2
472.7
475.6
475.3
482.4
486.1
484.2
486.2
482.2
484.5
478.9
475.1
475.6
473.8
471.3
472.1
476.5
474.9
482.8
477.9
486.6
480.1
484.4
488.4
478.2
476.2
489.5
478.6
474
475.4
470.5
474.5
478.6
477
483.2
487.3
483
488
484.7
483.2
480.9
473.8
479.5
478.4
474.1
474.7
475.8
476.6
475.4
484.7
484.5
487.5
489.8
483.6
481
478
481.6
475.8
481.9
483.9
475
481.2
475.2
478.2
484.1
485.3
485.1
483.1
486.3
477.5
478
478.2
476.7
476.7
478
479.8
469.5
475.7
481.5
479
483.1
481.9
484.7
484
480.5
481
477
478.7
477.5
477.5
476.9
478.8
476.6
481.9
482.4
485.4
486.6
481.4
482.7
473.4
478.4
475
474.7
476.1
475.7
476.5
477.6
478.6
480.8
483.1
484.7
485.4
481.2
482.3
482.9
477.4
478.3
473.8
479.8
476.3
476.7
478.9
484.7
485.6
485.2
486.5
486.1
488.5
486.1
480.1
482.3
475.9
478
476
475.9
476.6
473.2
479.8
480.1
487.7
489.7
488.7
484.9
484.6
483.3
480.4
472
470.2
476.5
479
476.2
471.3
481.4
487.5
482.6
487.3
484
486.3
481
485.6
482.7
476.3
481.3
478.3
475.1
478.3
476
472.4
483
485.9
486.1
485.2
482.2
492.2
484.9
481.3
476.8
480.1
472.5
473
473.8
477.7
480.2
478.9
484
484
482.7
485.5
480.5
479.9
478.8
478.1
474.5
472.8
472
477.6
476.2
478.5
483.1
480.5
486.8
485.5
486.5
490.8
477.8
479.4
477
476.6
477.6
475.5
475.1
479.8
480.1
481.3
484.7
485.3
489.5
485.6
483.6
479.8
478.6
476.8
476.6
476
478.2
472.8
476.9
479.1
482.8
476.6
487.3
482.6
488.7
480.4
478.2
475.3
479.3
479.9
472.9
478.3
477.6
478
477.1
475.7
483
485.7
487.1
483.4
491.5
476.1
480.5
480.5
478.9
474
473.6
478.1
477.4
478
481.4
484.7
486.3
484.6
481.8
483.8
481.2
479.5
475.8
477.3
477.5
474.1
475.9
480.2
477.8
486.1
486.4
488.4
485.3
475.8
478.6
486.9
482.6
473.4
474.8
478
473.9
480.9
478.9
481.2
482.4
484.2
491.9
488.3
486
486.9
477.3
475.9
476.6
475.9
477.6
477.9
473.2
481.9
483.8
482.6
484.8
487
483.7
486
483.7
477
476.8
475.3
466.9
475.4
482.6
474.7
478.8
482
486.3
490.6
484.2
483.9
482.1
483
482.5
477.7
478.4
479.8
470.7
473
476.2
477
477.8
474.7
483.5
489.9
486.8
484
485.5
479.6
481.5
478.3
478.2
473.8
475.4
479.9
481.4
488.6
480.7
488.9
489.9
485.6
488
480.5
481.4
481.7
476
474.6
470.1
481
472.4
483.3
478.6
484.7
482.1
485.9
484.2
486.1
483.5
477.5
474
478.1
479.1
477
477
479.7
474
482.8
489.2
483.5
480.1
486.7
485.6
480.2
475.3
477
472.9
473
478.9
472.4
476.5
479.8
484.2
484.9
486.5
486.8
488.2
479.6
480
476.2
478.2
478.5
472.9
475.4
479.2
475.2
484.2
484.9
482
481.8
488.9
484.2
477.1
479.6
476.9
477
474
475.6
473.5
478
478.2
484.2
482.6
488.5
495.4
485.3
480.2
478.5
474.3
472.4
473.7
476.2
471.5
471.6
473.8
481.7
480.2
481.7
484.2
488.9
484.6
481.9
484.4
479.9
476.5
475.3
471
470.9
471.3
472.3
473.1
473.5
476.1
479.4
479.7
483.1
483
483.6
479.8
470.5
471.5
470.4
468.7
470.6
470.3
474.3
473.5
477.2
475.2
489.2
486.6
484.3
481.4
484.9
484.2
481.7
481.7
479.3
481.4
486.3
475.7
485.2
482
489
487.3
491.9
488
485.8
483.7
479.1
476.1
476.1
475.2
477.3
473.3
482.6
478.2
480.3
481.7
484.4
483.2
484.8
484.9
485.2
478.5
477.3
475.6
474.7
475.2
474.3
472.2
474.3
483.6
486.6
485.9
487.5
484.7
483.5
475.4
478.3
475.6
475.4
478.5
480.8
477.7
480.5
480.7
485.6
480
479.5
485.9
488.3
482.1
482.1
472.9
475.4
477.6
480
479
474.5
474.4
484.4
485.8
490.2
488.7
487
487.5
480.6
486.1
480.2
475.7
468.1
474.7
481.4
476.3
478.2
485.9
482.3
485.8
481.2
487.8
484.8
483.5
482.4
476.1
477
477.8
475.8
475.9
473.9
477
474.9
483.8
484.2
485.1
485
484.1
484.2
478.9
478.7
478.6
478
476
475.4
474.7
475.6
483.6
482.4
484.2
490.4
484.9
482.7
482.6
481.2
478.1
476.9
474.3
475.2
479.9
471.3
479.2
481.1
484
481.4
483.2
482.6
482.6
481.9
478.2
473.8
474.4
477.1
476.7
480.9
480.6
481.2
483.6
477.2
486.1
484.5
482.4
485
484
478.5
474.4
475.6
475.6
480
481.4
478.3
483.9
484
491
486.3
487.4
489.3
488
482.1
483.5
478.7
477
483.7
473.2
477.7
479.7
481.8
481.7
486.6
487.9
493.5
488.5
486.4
488.3
483.1
476.9
479
471.7
475.8
474.4
475.4
485.5
480.6
485.1
484.1
482.8
484.5
487
482.1
483.8
487.2
475.2
476.8
479
480.3
473.3
480.6
479.2
489
485.9
485.6
485.6
483.3
481.3
482.5
476.7
476.4
474
473.5
474.3
475.2
478.5
481.4
484.2
488.6
486
489.1
488.1
483.8
485
479.7
477.3
474.2
475.7
473.7
470.4
477.7
478.4
480.3
486.2
483.4
484.3
485.3
481.5
484.6
481
472.8
476.8
479.1
477.9
475.9
477.5
478.9
481.4
485.9
486.6
485.2
481.7
483.5
482
478
475.1
478
476.6
477.7
477.1
475.8
479.6
484.9
494.6
484.9
487.8
483.8
481.9
482.1
479.3
478.9
480.4
475.2
473.2
475
473.2
482.1
484.2
483
485.9
485.9
479.2
481.3
481.2
485.7
476.3
475.9
472
478.1
480.5
484
476.1
480.7
484.4
485.9
486.3
478.2
481.3
477.7
476.6
478.4
478
477.9
478.9
476.1
479.1
480
478.6
485.9
486.5
481.2
475
480.8
481.2
477.9
467.6
478.4
475.8
474
478.4
479.1
481.9
485.4
483
487.5
485
488.7
479.5
479.1
474.7
476.1
476.7
473.8
476.1
478.2
477
488.9
482.3
489.7
490.2
487.7
487.7
484.9
482.7
477.6
475.9
474
480.7
478.9
482.1
479.6
482.8
483.4
484.2
488.1
488.9
481.9
478.8
475.7
477
473.3
476.7
473.7
479.5
475.9
480.5
480.1
485.2
481
488.7
483.2
480.5
479.6
477.2
476.6
477.1
475.2
472.3
473.8
476.8
480.1
486.6
484.9
486.8
484.5
487.3
485
479.4
479.1
479
475.9
476.8
477
478.6
476.6
480.3
482.9
485.4
483.1
483.8
486.6
482.4
476.8
476.2
472.6
475.9
472.5
473.4
475.9
480.4
477.1
479.1
487
486
484.6
485.6
478.1
480.9
476.6
478.6
472.2
477
477.4
476.7
477.6
480.8
482.8
483.5
482.8
484.6
483
483
481.2
481.9
473
480.6
476.9
477.4
477
478.3
480
485.9
484.2
488
486.3
482.7
487.3
482.5
479.6
476.4
476.2
472.9
471.3
473.8
475.9
477.9
480.5
484.4
479.1
488.7
478.8
482.6
473.5
478.9
475.9
477.1
478.4
477.7
475
482.1
477.7
499
483.1
484.3
486.7
483.5
483.1
472.9
475.5
476.6
481.3
476.5
474.2
476.1
474.9
480.4
486.6
485
486.6
487
488
482.1
481.1
478.6
478.4
481.3
475.9
471.7
478.2
478.2
483.8
484.6
471.3
484.4
486.4
485.7
484.6
477.5
476.7
477.4
479.6
473.1
475.3
480.9
475.4
483.4
484.6
489.1
489.1
489.4
481.6
484.9
478.2
475.3
477.3
474.7
472.6
474.9
480.3
472.4
478.6
479.6
483.8
484.5
485.7
484.3
478.8
475.1
478.4
473.3
476.5
472.2
475
478.3
479.2
478.5
480.8
485.3
484.2
489.7
476.6
482.4
479.3
471.7
472.9
472.1
477.8
474.6
476.1
476.9
480.5
486.3
483.7
480.7
488.4
488.4
479.4
480.6
477.2
477.5
482.4
478.8
476.8
473.8
475.3
479.4
483.3
486.2
482.6
486.4
478.5
483.8
484.9
475.3
478.8
476.2
480.6
472.2
476.2
477
481.1
482.7
484.7
483.1
481.3
483.8
479.3
485.8
474.6
478.2
479.3
473.7
472.8
474.4
478.4
478.2
479.6
482
481.5
481.6
483.3
483.9
483.1
474.7
476.1
477.7
477.8
477
474.2
472.9
479.2
483.3
482.2
485.1
486.2
484.5
486.2
480.6
478
478.4
479.6
479.1
472.1
477.4
473.1
481.6
483.3
483.2
494.4
487.3
484.2
480.2
482.2
475.7
481.5
472.7
479.7
475.9
476.4
479
482.6
483.1
482.4
487.2
484.7
482.4
482.2
480.7
474.7
476.1
480.3
475.4
472
478
473.5
477
482.9
481.2
484.7
483.3
485.4
478.9
482.3
472
471.5
473.3
470.3
475.9
475.9
476
476.8
483.2
489.6
482.5
489.1
480.5
478.9
476.8
479.3
472.6
476.7
473.9
480.2
474.8
479.9
481.2
480.3
481.7
487.1
484.1
485.1
479.1
474.3
478.6
471.6
474.2
472.2
472.4
479.3
472
476.2
480.3
483.9
483.1
485.1
483.9
475.2
479.1
475.4
475.2
475.4
474
475.5
472.9
479.1
484.3
483.2
486.3
485.7
483.8
479.1
481.4
479.1
476.3
473.6
473.1
474.5
472.6
475
482.4
480.2
485.8
488.2
484
484
486.1
473.6
477.4
474.3
474.5
474.1
467.5
475.7
479.1
481.9
481.6
484.8
484.8
479.6
483.4
480.1
485.2
468.9
477.8
478
475.9
469.2
480.1
477.8
481.3
477.3
486.1
486.1
487.7
485.3
483.3
477.7
473.3
480.3
478.6
473.5
476.6
461.7
477
474.2
477.2
479.7
484.4
485.6
486.2
480.1
478
477.7
478.4
473.8
473.3
473.9
474.8
475.2
478.2
482.9
480.1
484.5
484.9
483.3
478.3
478.7
478.2
475.6
474.5
476.1
474.4
476.1
484
479.6
478.9
489.7
484.7
485.1
484.4
484.8
478
476.8
475.2
478.4
476.9
474.3
478.6
479.3
483
483.5
484.2
485.8
485.1
483.8
482.6
476.7
473.1
476.8
480.5
474.3
473.8
476.3
473.6
490.5
484.5
486.7
481
481.1
482
482.2
475.8
473.3
477
472.9
477.9
474.5
479.6
479.6
485.4
485.6
486.1
490.9
483.1
478.4
479.1
472.6
480.5
475.3
477.1
473.8
479.3
481.2
477.7
482.1
483.1
484.2
481.2
486
480.3
475.1
474.5
480.3
474.7
475.3
473.6
468.8
470.8
480.5
481.4
486.6
483.7
484.2
484.1
485.3
479.5
472.3
476.8
474
476
477.9
475.8
482.6
477
482.9
487.9
491.7
483.3
482.8
475.8
480.5
476.6
476.6
475.2
475.6
478.8
474.5
476
480.5
480
485.7
482.8
480.3
487.9
481.4
471.7
472.7
476.3
468.2
473
471.4
473.1
482.6
477.4
487.8
481.7
485.1
485.2
483.4
481.4
479.1
475.8
472.2
475.2
476.8
471
473.8
478.2
480.7
485.4
489.6
482.1
489.6
485.9
477.6
475.8
477.5
472.2
480.5
476.1
476.5
478.4
474.6
477.9
479.7
478.2
481.9
481.5
481.9
477.6
478.6
475.5
474.8
470
474.5
474.3
472.9
478.6
478.9
483.6
486.4
479.4
481.9
481.2
477.6
477.5
475.3
474.3
473.3
474.1
473.5
477.5
476.6
477
481.1
477.6
486.3
482.2
481.7
482
481.6
477.8
476.5
471.6
469.5
477.3
477.3
479.3
485.3
484.7
478.2
483.3
481.7
480.6
478.2
475.2
479.1
477.7
472.2
473
476.8
475.9
475.7
480.1
482.5
485.9
490
487.1
483.5
484
481.1
486.2
474.7
478.4
471.3
480.6
478.1
478.2
485.1
485.7
481
486.3
485.5
480.7
479
478.1
473.3
474.7
472.1
476.1
472.3
479.2
476.1
483.8
479.7
485.7
485
480.5
483.5
480.6
473.4
475.4
473.8
475.9
471.5
474
475.4
474.8
480
477.7
486.1
486.5
481.1
485.4
479.6
477.3
478.3
478.2
476.8
474.1
478.6
474.7
478.4
482.1
485.2
483.9
485.1
487.5
480.9
479.9
482.6
474.4
479.6
487.7
478.2
477.9
476.7
478.1
489
479.7
484.2
484.8
483.5
482.7
481.6
473.8
471.4
475.6
474.3
475.4
475.1
482.3
473.1
485.8
484.9
487.2
482.7
486.1
476
479.8
475.3
475.6
475.4
478.4
470.3
477.5
470.9
477.6
478.8
477
488.7
482.2
486.3
484.9
482.6
477.3
473.1
472.4
477.3
472.4
469.1
474
478.8
474.9
481.3
478.2
487.1
483.4
478.7
477.1
479.4
479.1
479.9
472.3
473.7
477.7
488.2
480.6
482.6
482.6
485.5
483.1
482.5
478.2
473.1
478.8
471.3
476.1
468.8
475.7
471.3
476.7
476.3
476.8
481.4
484.1
482.3
483.5
476.5
487.3
482.9
475.4
475.4
471.8
473
474.8
471.9
469.4
479.7
481.4
487
482.4
480.8
487
481
477.5
478.4
484.2
473.2
475
471.9
474.1
475.6
475.6
479.3
484.7
486.8
487.4
481.7
474.7
477.7
472.5
473.8
472.3
471
474.2
478.2
477.9
482.4
484.7
483.5
483.6
480.5
485.3
480
475.5
476.2
476.6
474.4
471.2
476
477.1
478.6
479.5
488.3
485
482.1
480.7
483.4
478.4
474.3
479.5
477.3
473.8
480
475.3
477
477.7
484.1
484.9
481.2
487.4
477.5
484.5
475
475.1
473.1
479.4
473.5
476.7
477.4
480.8
477.9
481.2
482.8
484.3
486.1
481.7
484.1
484.5
481.7
475.5
474.2
473.3
468.7
474
476.1
480.3
480.9
480.2
481.7
489.6
485
488.8
483.1
482.1
475.4
473.3
466.3
475.6
481.7
478.4
483.7
481.3
492.4
487.5
486.8
479.8
481.2
478.9
469.4
478.4
476.3
471
476.2
477.6
472.5
473.6
484.3
489
482
488.6
479.1
479
481.3
477.7
471
474.3
468.1
471.7
469.5
474
477.3
478.9
482.1
484.8
482.4
476.5
477.9
481
474.3
468.8
465.1
473.8
472.8
469.2
476.7
478.9
486.1
486.1
490.5
479.6
489.7
481.3
473
474.3
475.6
472.2
469.6
469.9
472.2
477
476.9
480.5
486.8
486.6
482.6
483.2
482.4
481.8
476.7
473.5
474.7
465.9
467.4
475.4
476.3
472.8
477.6
471.6
478.1
481.2
481.4
483.6
483.2
479.2
477.2
476.1
472.4
472.7
473.1
474.6
475.9
470.2
479.2
487.9
489.6
482.6
482.9
483.3
477.5
473.4
475.8
471.7
473.9
478
476.2
481.2
479
473.1
482.7
488.9
487.4
484.5
485.4
478.1
476.6
471.7
479.6
479.1
475.1
477.9
475.5
475.2
477
480
486.4
488.7
485.8
485.9
482.1
478.4
474.1
475.4
475.4
479.6
474.1
475.9
476.1
480.1
484.8
481.2
485.7
483.2
483.3
487.2
478.9
473.8
473.2
473.9
476.3
473.8
474.2
474.9
482.4
483.7
481
480.7
482.9
484.1
481.2
481.9
475.3
476.9
471.9
473.1
472.4
474.6
469.9
478.5
482.3
480.5
488.7
487.4
483.8
477.9
471.9
476.9
471.9
475.9
475.4
474.5
473.4
482.2
477.5
487.2
479.3
482.1
484.2
482.6
479.4
475
479.6
474.7
470.5
474.6
475.3
480.3
482.5
482.8
484.7
484.2
484.4
486.6
480.3
486.3
478.3
474.7
477.8
477.3
470.8
477
479
479.4
482.4
481.5
482
483.8
481.4
477.2
484.4
478
474.7
474.2
471.7
470.4
472.9
477
478.9
479.6
481.6
482.4
485.5
485.2
481.2
480.6
474.5
477
481.4
475.4
472.4
475.3
475.2
473.4
481.9
481.7
484.8
