521.6
518
513
504.7
516.2
510.3
509.6
512.8
516.3
517.2
520.4
517.7
523.3
523.6
522.4
520.4
514.5
515.8
512.5
510.9
513.4
506.1
518.7
520.7
518.6
523.8
525.3
528.9
521.2
515.6
514.5
519.6
508.7
513.2
509.3
510.9
509
516.1
515
520.8
526.2
519.3
520.4
517.9
518.9
512.5
517.3
517.4
516.3
513.3
520.5
517
517.4
525
524.2
520.6
524.8
527.1
527.2
520.4
515.5
509
516.2
511.8
506
512.7
518.5
521.6
520
521.9
524.4
519.9
521.9
518.4
516.8
519.6
517.1
509.9
512.1
514.8
519.4
517.3
523.9
523.5
516.7
524.5
524.1
527
526
520.7
519.2
519.8
516.3
514.2
514.1
513.3
513.8
515.4
519.4
520.9
522.5
526.2
521.4
518.9
528.6
530.4
514.3
508.6
515.9
512.6
507.9
513.3
515
515.6
521.6
523.2
519.2
518.3
514.2
520.3
520.6
506
516.9
513.4
517.6
504.5
514.3
515.1
514.8
514.2
517.4
529
522.7
524.7
517
519
514
514
508.1
515.9
509.9
509
513
520
521.6
521.9
523.7
521.1
521.6
514.1
516.1
515.3
508.5
510.6
515.3
515.1
515
513.4
517.9
516.5
513.8
525.3
521.8
524
524.6
518.7
512.9
512.1
512.3
515.4
507.5
512.1
513.1
518.2
525.7
517.7
520.9
523.2
523.1
520.2
519.4
515.3
514.1
512.8
513
517.7
511.3
519.5
515.4
521.4
523.1
519.4
518.3
522.4
521.8
523
512.3
515.3
515
517.6
508.4
501.7
522.2
519.7
518.1
521.1
518.6
524.7
526.3
516.7
517.8
510.8
513.5
517.9
510.5
508.9
514.8
515.1
520.9
526.4
521.5
519.4
520.9
525
520.9
514
515
516.6
510.4
507.2
514.4
513.6
514.8
521.3
522.8
524.8
526.8
521.8
524.6
512.8
515.5
514.2
514.9
512.3
514.5
507.7
515.9
514.2
518.7
523.5
520.4
527
521.1
524.8
519.4
514.1
513.2
516.4
521.6
511.3
511.4
514.7
515.7
512.1
520.9
523.5
523.3
522.4
528.1
515.8
522.1
521.9
519.9
520.3
513.5
516.8
513.7
514
516.2
524.2
521.5
528
524.3
521.4
519.3
525.2
515.5
518.9
514.3
516.2
513
516.5
519.7
518
524.4
521.4
525.6
525.5
519.2
524.1
521.6
517.1
508.7
514
513.5
512.6
510.1
517.8
515.9
515.7
520.4
522.4
520.4
523.9
513.3
517.7
514.8
525.6
513.8
512.8
512.3
520.1
514
517.9
522.2
526.5
522.5
527.3
530.3
525.8
513
515
516.1
506.2
516.1
504.4
515.7
510.8
512
521.5
518.2
529.5
526.7
518.9
519.2
515
513.1
512.3
511.4
509.4
516.7
514.9
516.6
516.8
520.7
522.2
519.6
516.8
519.4
512.9
518.4
510.5
511.5
513.8
510.5
511.3
510.6
517.3
520.5
522.8
528.3
522.7
522.1
523.2
524.2
517.4
512.2
514
515.7
510.9
511
529.6
514.7
517.2
521.3
523.2
522.5
525
520.2
528.6
508.1
516.4
513.3
516
514.5
518.7
513.6
506.2
518.4
528.2
531.2
521.2
520.8
517.7
516.8
516.6
513.9
518.8
513.5
507
513.5
514
529
515.1
525.8
518.4
525.5
520.9
517.7
517.9
517.8
511.9
512.3
511.6
515
526.9
515
518.2
525.1
518.9
527.7
522.5
524.3
517.2
516
515
512.2
516.9
513.3
513.3
519
520.8
506.1
526.7
526.7
521.1
523.1
520.5
515
519.4
516.1
518.1
508.2
514.6
518.8
515.2
524.9
518.7
512.3
519
523.6
523.5
521.1
515.8
516
515.7
510.9
515
507.9
514.8
509.9
510.6
515.5
517.5
521.9
521.2
524.1
527.7
521.1
516.7
512.8
516.6
513.9
516.4
519.4
516.5
519.2
518.4
530.5
525.6
525.3
523.3
521.9
524.6
517.7
517.4
515.9
517.8
513.7
508.2
519.8
515.7
526.9
521
522.7
527.4
518.2
516.9
516.9
517.2
523.1
512.4
512.5
510.6
511.3
516.8
517.4
519.2
520.9
525.3
521.6
519
525.6
527.4
520.1
509.7
515
517.1
514.1
515
520
522.1
517.9
515
521.9
517
523.7
521.3
515
514.2
516.2
512.9
515.2
516.5
512.1
512.9
516.2
521.5
522.7
528.9
523.6
525.6
532.3
516.5
510
514.8
512.8
511.5
511.2
509.8
515.2
516.3
520.6
518.4
528
520
526.1
516.8
514
517.3
514.7
516
509.2
514.1
515.9
514.6
525.5
525.1
521.6
527.7
528.6
521.6
519.6
519.9
513.2
518.3
511.1
511.8
509.2
513.5
515.2
521.1
518
524.3
519.7
528.3
520.4
518.5
528.4
514.2
514
518.1
519.9
515.5
511.5
514.1
518
519
522.9
522.9
517.9
522.4
521.3
521.1
516.5
513.1
518
514
515.4
514.5
523.3
520.3
526.6
525.7
518.7
525.4
520.2
515.1
520.3
516.4
515.1
510.9
512.6
507
511
514.8
518.4
516
527.6
523.5
522.1
523.8
523.8
519.3
520.9
513.6
514.8
512.4
511.8
511.8
519.2
516.5
517.4
522.4
521.1
523.7
523.4
524.8
518.4
520.2
511.3
513.8
514.3
513.2
509.9
520.3
521.3
520.5
519.2
518.9
520.9
524
525.9
518.9
522.6
515.9
519.4
513.3
520.1
518.2
511.8
518.7
521.3
520.1
525.8
524.7
524.8
516.8
514.3
515.1
513.8
518.3
512.8
513.1
515.3
513.6
528.4
530.6
525.8
520.5
522.9
524.3
524.2
522.6
508.4
517
514
514.3
517.6
520.9
518.4
524
517.5
525.8
522.3
523.8
518.5
518.2
518.1
516.5
514.9
506.9
510.2
516.5
516.7
517.7
515.5
514.2
523
529.3
524.8
527.9
518.3
510.5
508.8
512.6
513.1
508.5
514.5
523.2
513.6
525.3
526.1
520.5
523
520.9
519.9
511.6
508.1
513.8
509.9
510.4
503.9
503.6
512.6
509.9
519.6
515.7
513.8
517.9
515
517
503.9
516.9
509.4
513.1
509.7
516.7
510.7
522.5
523.9
520.1
520.7
520.9
519.5
522.4
517.2
520.6
509.8
517.2
508.2
513.2
513.3
516.5
510.9
521.4
519.1
525.3
511.9
519.9
514.3
508.8
517.7
506.3
508.1
513.2
516.2
507
510.6
514.5
517.5
517.1
514.6
513.3
518.1
521.9
517.3
508.2
510.1
505.6
513.2
507.5
504.9
508.5
508.6
515.5
513.6
516.8
518.7
515.9
510.7
514.1
509.1
509.9
511.4
504.8
506.8
513.2
512.3
514.3
521.4
513.3
519.9
518.7
513.3
518.9
514.2
511.2
510.4
511.2
515.1
507
513.3
513.6
511.7
506
516
517.7
516.5
512.3
513.8
510.1
510.6
511.1
509.1
516.1
510.9
512.1
509.9
510.8
515.3
516.7
516.4
522.6
519
518.6
515.4
515.8
514.3
509.7
502.9
505.1
506.6
507.8
513.2
513.2
518.7
519.5
516.4
515.3
515.3
513.1
509.2
511.6
510.6
512.6
506.8
509.3
500.1
508.3
515.3
511.9
512.1
519.9
516.6
515.7
515.5
514.9
508.7
511.3
503.1
505.8
508.9
513.6
512.3
513.3
518.2
518.9
520.1
518.2
516.5
514.3
511.5
511.1
504
509.7
505.1
510.4
508.1
511.8
509.2
522.1
512.5
524.4
522
516.8
513.7
511.4
508.5
505
507.7
496.9
505.9
514.3
513.7
514.7
526
513.3
523.2
517.2
509.9
511.8
502.6
504.9
505
504.6
503.6
510.3
506.5
514.4
511.9
515.1
516
518.9
516.7
515.5
509.2
510.2
513.5
506
508.2
510.6
512
512
513.8
516
514.7
514.8
517
513.1
512.2
510.6
514.3
506.9
509
511.1
511.7
508.7
509.2
510.6
508.9
512.2
521.3
521.2
522.6
517.2
516.8
514.7
511.8
507
506.8
505.2
507.7
512.7
514
517.5
517.6
513.3
518.1
515.9
519.8
512.5
508.3
513.6
510.2
507.5
510.8
508.9
511.8
508.9
512.4
513.3
516.7
520.9
514.8
516
513.7
512.1
511.3
506.8
506.3
511.1
507.9
507.7
509.6
510.4
516.7
515.2
519.7
518.4
513
519.1
510.6
513.1
509
505.8
509.9
511.2
511.3
515.7
515.4
512.9
515.8
518.2
519.4
514.8
514.1
506.1
510.4
507.9
513
508.6
508.3
507.3
513.5
511.1
523.9
516.1
521.2
517.7
515.5
509.9
505.1
509.7
510.1
508.5
509.4
511.2
504
515.3
513.7
519.7
514.3
517.9
517.7
515.3
511
511.4
509.3
511.1
511.5
510.2
512
514.4
512.3
515
510.6
516.1
524.3
510.9
516.5
510.7
504.3
506.8
506.8
498.4
505.8
499.9
507.7
512.1
513.6
514.7
513
514
512.4
515.9
509.5
503.3
502.1
504.4
504.7
504.6
500.5
506.5
505.3
515.3
517.9
521.6
513.1
515.9
509.4
511.4
509.4
507.6
509.1
506.8
505.6
507.2
510.9
507
512.1
519.4
520.2
517.2
521.7
512.6
505.5
511.2
511.8
500.7
507
505.6
504.4
507.1
509.3
513.6
520.9
514.5
515.7
507.6
514.8
514.3
510.4
508.9
501.9
503.8
507.3
505.3
507.5
515.4
507.4
519.1
510.8
513.1
511.8
512.6
515.1
506.5
503.9
506.8
504.6
508.2
506.2
502.9
514.7
516.5
513.8
513.9
514.2
514
514
515.1
510.5
506.5
505.8
500.9
511.6
511.6
508.4
515.2
505.8
527.4
516
515.2
516.8
511.6
508.8
502.4
503.3
509.4
503.9
511.6
506.6
512.6
512.9
513.8
514.8
517.7
517.5
519.5
510.3
512
499.7
506.3
504.9
505.8
509.5
508.3
511.9
520.4
516.5
516.8
516.7
515.4
510.3
514.6
510.6
514
504
504
508.5
504.2
500.7
509.4
512
515.5
519
520.4
511.3
510.4
513.9
508.7
507.3
506.3
504.9
508.7
502.2
505.6
509.7
508.9
512.6
510.3
519.3
528
515.7
510.3
508.7
508.2
503.9
506
505.8
506.5
509.4
509.9
511.7
512.8
514.1
514.6
519.2
513.6
513.9
504.6
507.7
507.3
500.3
500.1
502.7
499.9
511.5
512.8
515
521
512.3
514.6
511.6
516.7
510.3
508.4
508.5
504.4
504.5
508.1
504.2
508.6
504.4
508.5
513.2
518.4
510.6
515.5
511.3
511
510.8
508.2
507.1
506.3
505.8
505.1
514.1
512
510
515.9
519.9
515.1
514.5
510.1
506.3
509.6
504.8
506.1
509.1
511.8
507
508.1
511.6
516.4
513
516.1
513.4
510.5
514.2
507.4
502.2
503.4
503.9
504.1
511.2
505.6
510.6
512.2
511.4
516.9
512.5
520.6
513.1
509.8
508.2
505.1
506.5
504.8
507.5
510.5
504.6
513.1
515.9
517.4
512.6
505.9
512.1
514.1
517.9
508.2
503.5
509.8
500.7
502.8
508.4
510.1
505
510.9
513
512.5
515.3
510.6
513.8
515.3
514.5
508.5
502.2
508.7
503.8
504.6
505.5
514
506.8
514
514
511.3
516.1
517.5
511.4
511.4
512.8
508.2
510.1
502.1
510.4
508.7
506.3
509.4
514.8
513.4
514.4
515.1
515.1
508.2
508.6
500.5
505.8
510.1
501.6
514.2
510.2
511.3
511.5
511.2
511
515.5
513.4
512.7
504.6
505.2
508.1
502.5
502.7
506.8
507.8
504.5
512
510.5
515.1
518.3
524.8
517.7
513.1
510.4
507.2
506.5
505.4
505.2
509.9
505.7
504.5
508.5
516.2
505.5
519.7
520.6
515.9
513.5
511
510.9
507.5
506.1
507.9
507
507.5
507
513.7
512.8
520.7
514.4
513.1
520.6
506.6
514.5
508.7
506.5
505.3
508
502.7
507.7
503.5
514.3
513.4
514
518.1
517.3
511.9
517.6
507.3
514.3
499.4
510.1
505.1
505.8
508
509
512.6
513.2
516.2
522
517.4
514.2
513.5
510.4
508.5
500.7
508.7
505.5
507.2
502.9
512
515.9
506.3
518.9
516.2
517.5
509.8
511.8
510.3
509.4
503.4
509.9
504.4
512.3
509.2
502.2
511.1
512.9
510
512.3
521.8
514
507.3
510.2
506.5
509.1
505.6
503.2
509.4
506.7
509.4
509.6
514.6
512
519.4
516.6
514.9
513.5
502.8
506.8
510
504.2
512.4
508
505.3
513.7
512
508.3
514.5
521
515.9
515.6
516.5
514.6
512.1
505.2
502.8
509.3
509.5
507.7
511.7
511.7
521.1
519.9
512.2
515
514.5
512.6
509
508.3
502.7
503.7
506.9
505.5
516.6
517.2
523.6
515.2
518.9
520.1
526.1
514
518.5
521.3
508.9
507
503.3
509.4
513.7
511.6
511.5
514.5
520.7
522.4
519.7
522.8
517.6
518.7
519.8
510.9
509.9
510.1
513.1
503.4
509.1
503.6
517
521.5
518.7
522.8
512.4
520.2
511.2
515.3
513.5
500
511.5
511.7
514.4
513.2
505.8
514.2
517
520.1
511.2
524.2
520.8
517.9
515
506.2
513.3
509.9
510.8
508.1
512.3
506
516.2
512.3
519.2
522.3
522
519.1
515.6
513.6
517.7
513.3
511
510.5
509.1
515.8
513.3
512.3
517.7
505.1
517.4
519.5
511.6
508.5
516.8
514.8
511.1
514.8
514.5
516.5
514.3
512.3
517.7
512.6
519.9
516.1
520.4
518.2
508.8
514.5
503.7
511.9
504.7
511.3
510.4
506.2
518.2
520.7
516
519.2
506.2
522.3
522.6
521.6
509.4
507.6
510.4
510.2
501.5
506.9
505.4
509.8
518.5
513.7
519.9
511.1
520.2
522.1
511.8
510.9
508.9
508.3
504.2
504.8
504
503.1
505.7
510.1
510.9
518.5
514.2
517.7
515.9
511.8
510.8
507
490.3
508.9
509.5
503.2
509.9
511.5
514.3
512.1
516.7
515.2
513
520.9
511.6
519.3
511.6
506.3
515.7
513.5
511.9
511.8
507.7
508.9
512.8
516.6
510.1
521.6
505.8
523.7
506.3
508.4
516.6
508.6
502.4
515.5
511.4
511.5
515.4
522.9
525.6
523.9
518.7
523.3
518.7
515.6
515.7
513.8
511.3
512.3
508.9
513.4
509.6
519.5
512.7
515.8
521.6
520.1
517
510.9
507.9
513.9
512.4
509.9
502.7
508.2
507.7
507.8
517.7
512.1
513.3
513.3
521.5
515.5
518.3
507.1
505.4
502.5
510.3
508.4
505.6
513.3
508.8
508.3
514.4
520.9
521.2
524.2
517.7
521.7
501.4
510.4
508.5
510.1
509.2
505
510.9
507.5
515
516.3
514.5
511.6
519.9
514.4
516.9
506.1
511.3
506.1
511.3
507.3
513.1
515.3
513.3
510.7
519.9
516.3
519.7
518.4
518.2
509.8
510.3
512.8
504.6
504.6
507.8
503.1
500.8
514.4
512.9
520.6
524.1
523.2
517.7
520.1
518
513.7
514.9
509.1
506.5
515.2
511.6
515.7
531.4
516.6
517.7
521.2
515.8
512.6
516.1
512.3
509.2
503.4
512.2
509.6
514.2
517.4
507.8
517.6
515.2
517.1
515.8
518.7
514.9
516.8
511
509.4
510.1
508.7
501.4
500.7
511.2
507
511.8
515.6
516.4
522.6
516.2
519.9
513.6
514.3
511.6
506.4
507.9
509.6
512.8
514
520.6
515.6
521.2
522.1
523.1
524
517.9
519.3
516.5
510.6
513.1
506.4
503.9
513.6
509.9
515.2
517.2
526.8
519.2
519.9
519.1
518
525.2
518.2
512.2
522.9
518.9
511
511.2
515.8
513.1
519.5
515.7
522.1
521.5
523.2
521.8
519.7
515.2
510.3
521.7
511.6
507.2
513.8
515.8
513.9
522.6
512.4
523.3
524.9
523.1
524.3
515.4
512.8
515
510.9
513.9
508.3
509.6
509.9
514.8
508.2
522.3
520.9
522.5
521.6
520.4
517.5
516.2
514.6
508.5
513.2
513.8
509.5
517.5
507.7
514.2
519.1
520.6
523.6
520
526.1
526.3
520.6
509.8
523.3
513.8
514.3
514.3
514.1
516.2
518.4
522.4
525.5
522.5
526.4
525.4
515.7
515.2
517.2
516
506.7
511.1
515.2
511.3
509.2
515.3
519.9
518
526.6
519.8
519.7
519.2
516.1
512.3
508.9
511.5
512.6
511.3
517.7
517
518
516.6
526.1
520.4
521.4
523.3
523.3
517.6
511.8
519.9
517.9
509.2
512.2
509.8
512.7
516.7
522.5
523.8
524.4
522.9
526.1
518.2
523.6
511.4
515.2
510.6
512.6
510.4
510.7
520.7
520.9
522.9
526.6
519.6
522.3
524.3
518.2
511.3
515.6
513.6
509
515
512.1
515.2
518.2
528
518.5
522
527
521.6
519.7
519.2
507.9
513.7
515.7
517.4
508.8
516
516.8
520.4
521.6
524.6
520.9
526.6
523.8
516
515.1
515.2
520.1
514
508.9
511.2
515.6
518.9
524.3
521.1
525.7
523.3
525.8
526
520.2
510.7
511.3
519.3
509.4
515.7
511.2
515.5
516.1
517.7
522.3
523
518.8
522.7
522.2
518.9
519.8
521.1
510.1
512.5
507.3
516.6
510.1
512.3
514.1
515.5
517.9
520.6
521.4
519.8
519.9
516.1
514.2
510.1
512.4
507.4
517.7
513.1
515.5
520.9
525.8
518.9
519.6
525.3
522.3
519.8
515
521.5
513.8
513.8
513.5
514.5
514
512.5
516
519.7
522.6
524.6
531.8
520.9
516.7
522.8
515.5
507.3
514.1
511.8
512.8
513
511.9
514.8
523.9
518.8
521.3
524.1
517.2
518.4
512.3
511.1
512.6
512.9
511.3
509.4
515.8
508.9
522.9
523.5
514.5
517.5
524.1
520.9
516.7
523.2
513
514.3
509.6
514.7
510.5
507.2
507.7
510.6
514.9
521.1
521.8
520.9
526.1
521.4
519.2
514.1
512.8
517.1
516
511.5
508.1
511.3
512.4
521.5
525.3
521.6
525.1
517.5
517
512.7
513.2
509.4
516.2
515.6
515.1
508.7
517.9
517.9
516.6
522.2
527.2
519.7
517.2
515.2
517.2
515.1
511.7
511.8
512.6
512.2
514.4
522.1
516.2
519.9
530.5
521.1
518.4
514.5
520.4
514.5
511.5
505.8
516.7
511.5
514.6
514.2
516.9
516.1
514.8
522.8
522.6
519
520.3
518.2
515.9
514.2
512.1
517
515
520.1
517.2
517.2
518.6
517
521.1
523.6
519.9
527.9
515.5
510.3
516.9
518
514.7
510.2
506.6
508.6
519.2
518.7
517.7
519.2
522.4
517.4
517.2
511.1
516.8
505.3
508.9
512.5
507.3
509.4
512.3
515
518.3
519.2
525.6
522.2
521.7
518.2
517.1
515.6
511.9
519.2
515.5
514.3
514.2
507.4
514.9
512.8
523.3
522.1
522.6
520.4
519.4
516.6
508.2
503.8
512.7
509.6
512.7
512.1
508
515.7
522.7
524.8
523.2
520.3
522.2
510.4
517.1
512.7
514.1
514.1
498.1
513.7
512.3
515.5
517.8
521.2
523.8
523.3
523.4
520.9
522.2
516
518.5
515.2
515.7
509.8
513.6
519.9
515.8
523.1
519.6
521
527
522
525.1
517
519
513.3
504.6
517.2
515.6
511.3
513.9
518.8
520.4
520.7
522.7
520.2
520.8
522.5
522.6
514
516.1
514
514.1
511.7
517
514.3
517.2
517.6
519.6
525.1
525.7
526.1
520.4
520.1
523.8
511.6
511.3
513.1
511.8
512.3
511.4
523.8
520.4
520.3
521.6
523.4
518.8
525.7
521.2
520.3
516.3
510.2
513.5
515
508.9
518.2
510.2
517.2
526.3
523.6
525.3
519.4
518.7
521.2
512.1
515.4
512.8
512.2
510.1
517
513.5
511.6
512.8
518.2
524.4
524
525.2
520.1
515.5
517.4
514.3
521.3
511.6
516.5
513.8
507.6
508.7
520.9
521
531.4
524.6
524.1
523.7
526.1
517.9
513.3
510.9
514
512.6
509.4
508.5
517.3
517.3
525.1
520.6
525.3
526.3
521
518.9
515.6
515
514.3
513.6
510.7
512.7
515.2
516.6
519.4
517
523.9
525.6
520.6
524.5
521.6
509.5
514.5
515.8
509.2
511.3
518.8
517.5
513.9
513.1
519.4
519.2
518.9
517.7
520.3
517
511.4
509.7
511.6
513.6
515.5
517.4
527.5
511.2
515.5
520.6
521
522.2
522.6
518.6
521.1
517.4
515
511.5
516.2
506.9
514.5
514.5
518.2
521.3
519.1
522.4
526.3
526.6
519.9
517.8
513.8
511.8
515.7
512
512.1
519.5
513.3
510.6
515
522.4
522.9
521.2
527.2
511.4
522.8
516.8
516
514.5
513.2
515.2
516.8
505.8
512.5
514.2
524.3
522.8
521.7
520.7
522.2
520.6
519.1
514.6
515.5
514.6
513.4
512.1
513.9
518.4
522
521.2
525.5
523.6
523.3
522.4
519
513.1
516.6
511.5
510.4
515.5
513.5
510.9
513.7
521.7
517.9
520.9
526.5
525.3
515.4
520.2
517.7
513.4
511.6
513.2
509.5
507.1
513.5
508.6
517.1
522.1
513.3
522.9
520.4
518.7
513.2
519.5
517
512.5
511.9
510.7
511.4
511.4
519.7
521.9
518
525.8
529.3
524.3
523.6
516.6
512.3
512.8
516.6
512.7
512.4
519.4
509.8
520.3
521.8
523.6
522.9
524.1
516.5
518.7
517
518.8
508.9
514.8
511.6
512.6
507.8
514.5
514.8
520.2
521.3
525.2
520.1
523.9
522.4
521.4
521.3
511.3
514.2
514.4
509.2
511.9
510.1
510.5
522.4
520.9
519.5
516.3
527
520.2
513.2
514.2
505.9
508.9
510.9
513.3
509.2
510.4
513.4
519.9
517.7
526.1
524.8
524.5
520.1
516.1
513.5
507.8
515.3
511.5
510.5
516.9
513.1
517.5
520.6
519.2
523.1
517.8
518.9
515.1
518.4
503.4
504.1
513.8
514.8
516.5
508.4
513
522.2
518.2
517.5
529.1
514
522.1
513.1
511.7
517.8
507.7
507.6
504.8
506.4
516.8
512.8
507
515.3
519.1
513.3
519
519.3
518.2
518.7
526.8
515.3
506.5
510.2
514
510.8
508.5
516.1
519.7
519.6
520.5
526.1
519.9
515.5
520.1
516.5
514.6
510.3
509.6
513.3
517.3
526.5
517.5
527.2
519.1
528.5
520.3
516
519
511.1
513
512.1
510.7
514.3
513
514.6
514
525.9
516.7
523.8
521.9
522.5
517.5
517.7
520.4
516.6
517.6
508
519.9
515
509.9
516.5
513.3
516.3
519.4
525.7
523.6
523
523.3
527.8
518.2
525.8
515
511.9
505.4
510.4
514.6
515.5
519.7
519.9
523.1
524.5
522.1
526.8
517.5
515.5
519.1
508.2
510.6
509.6
516.8
513
512.1
514.8
521.2
521.5
515.6
519.4
523.3
517.9
519.7
520.9
510.1
511.6
512.9
512.7
516.8
519.8
517
515.7
515.7
520.6
522.7
524.8
521.9
522.4
519.9
510.6
511.5
509.7
517
510.6
507.6
515.5
520.4
522.1
522.5
522.6
520.8
528.9
523.1
514.2
518
511.2
510.1
507.5
515.2
511.7
512.2
515
523.6
522.1
518.9
531.8
522.8
519.6
523.1
509.9
520.6
517.4
515.7
512.1
517.7
513.2
525.3
520.1
522.4
526.9
520.6
520.2
521.2
524.1
520.1
516.6
510.5
511.7
512.6
509.5
521.3
524.6
522.9
527.7
519.4
523.7
519.7
515.5
513.9
505.3
511.3
516.7
506.2
511.4
517
520.1
517.5
521.4
515.5
524.9
529.7
521
516.5
522.3
515.7
510.4
511.6
513.6
514.9
518.6
508.7
515.7
516.8
521
520.3
515.4
519.6
521.4
511.3
514.2
507.4
515.1
515.2
516.5
512.1
521.5
510.1
518.8
518.6
523.8
520.2
515.3
519.7
523.8
515.7
509.9
515.2
509.4
509.2
517.3
513.1
523.8
519.9
525.7
518
520.9
521
517.4
522.2
513.3
520.2
509.1
515.3
509
513.8
518.5
516.9
521.3
520.2
521.9
522.9
528
518.8
517.7
511.8
512.1
513.9
513.8
516.1
518.4
518.7
523.1
524.7
525.6
527.1
525.3
519.7
525.2
519.3
517.7
513.8
505.5
516.9
521.5
522.1
519.3
517.1
517
525.7
522.2
526.1
521.9
522.4
513.5
516.3
518.2
509.5
512.6
512.9
513.1
521.4
520.2
525.5
527.9
518.9
524.5
522
520.6
511.4
518.9
518.7
512.7
513.8
512.9
512.6
518.4
521.4
515.7
526
521.5
524.9
522.4
522.9
519.3
512.8
517.6
517.2
517.9
515.3
513.9
514.5
522.2
524.1
518.4
527
530.2
522.6
521.6
518.4
514.5
515.7
516.9
512.1
512.1
513
518
519.6
525.6
522.9
524.7
520.6
521.2
517.2
523.1
516.8
513.4
522.3
516.4
512.7
517.7
522.8
527.1
527.3
526.2
527.1
522.9
519.9
524.6
520.8
520.5
519.7
520.6
513.5
519.2
528.5
523.6
526.5
528.5
525.8
528.8
524.4
528
511.3
521
513.2
517.7
519.9
514.4
525.2
515.3
520.8
534.3
525.1
532.7
525
525
526.1
520.2
515
518
516.6
512.4
520.9
514.9
513.5
518.9
520
524.1
523.6
527.8
524.4
523.6
524.8
517.9
512
514.5
510.9
509.9
515.9
528
513.2
518.7
516.4
526
517.1
517.5
523.2
517.9
514.8
517.3
512.6
515.3
512.3
514.6
521
514.7
521.6
523.5
524.6
522.8
520.9
526.3
522.6
520.3
513.8
520
515.6
508.4
511.5
518.6
511.9
519.6
518.9
517
531
520.9
522.1
518.8
518.1
515.4
514.5
512.8
513.1
511.1
513.1
512.7
517.5
520.8
520.7
518.3
519.6
526.8
522.6
518.4
515.9
514.3
516
514.5
512.1
518
513.8
520.5
521
523.3
525.8
520.6
523.1
517.3
517.3
514.5
517.2
511.1
510.8
514
515.1
509.6
515.1
512
526.3
523.8
517.5
523.3
524.3
524.2
518.6
513.7
518.9
514.2
508
515.2
511.6
516.6
514.5
523.6
519.7
525
521.9
518.2
519.5
515
507.9
509.9
508
512
514.4
517.1
516.5
518.7
517.2
516.8
525.3
520.2
521.6
517.5
514.3
520.4
510.6
513
520.4
513.8
515
516.5
519.7
522.4
521.1
518.6
520.9
522.6
518.4
514.2
517.5
508.1
510.9
516.5
516.7
512.2
515.3
520.1
518.9
523.5
526.3
526
523.4
517.6
511.4
513.1
508
518.2
508.1
508.5
519
518
523.8
516.7
523.9
521.6
530.8
522.5
521.4
518.5
513.6
513.8
507.7
504.7
508.6
514.7
516
517.5
532.5
535
520.5
524.8
522.4
520
516.5
513.8
518.4
514.3
512.5
506.7
517.2
517.7
522.3
522.4
521.9
523.8
523.9
520.2
515.3
513.7
516.9
507.7
511.8
515.7
511.7
522.4
526
519.3
522.5
519.3
524.5
525.3
519.3
516.7
515.4
513.7
518.8
511.3
513
519.1
519.4
518
515.9
521.8
524.9
517.5
522.9
518
511.5
511.8
514.4
512.5
515.1
507.7
514.5
516.1
515.9
518.7
521.2
526.4
524.8
518
514.8
519.1
515.3
517.9
514.3
518.7
512.7
511.5
519.5
520.6
511.6
522
520.1
522.1
525.3
523.6
517
529
514.7
510.2
513.5
514.8
510.8
513.3
514.5
521.5
521.9
519.4
522.6
518
524.8
516.6
511.8
511.5
516.7
515.2
516.1
518.6
517.7
520.4
516.1
517.2
516.3
523
518.9
516.5
516
512.6
514.5
517.6
506.8
509.2
507.9
518.9
510.8
516.5
522.4
511.9
522.7
523.5
513.3
510.9
510.9
516.3
507.7
513.8
514.3
504.3
516.6
516.8
519.9
518.4
516.7
519.9
518.4
516.3
516.1
508.7
502.4
512.3
507.4
507.1
512.8
518
517.7
527.1
520.6
520.6
518.3
518.7
510.7
508.6
512.9
514.9
509.3
509.9
508.7
514.1
518.2
508.9
520.8
519.3
524.6
517.2
524.1
521.7
510.8
516.2
509.4
514.3
511.3
514.5
512.1
519.9
521.2
518.1
522.1
523.1
521.6
518.9
519.4
519.2
512.6
512.7
517.1
515.7
510
512.1
513.5
511.5
518.5
521.4
521.6
522.8
521.9
524.2
513.3
507.9
510.9
515.7
507.9
509.3
510.6
513.8
516
515.4
519.1
522.6
523.8
519.5
521.8
522.1
516.5
514.4
513.5
513.2
506.3
510.9
510.1
518
523.5
530.9
521.5
520.5
521.9
522.2
516
516.9
513.4
513.1
518.6
509.6
512.6
516.2
515.9
518.8
523.7
515.1
521.5
528.6
516.2
518.2
515.2
514.2
510
510.4
510.1
509.4
512.6
512.1
514.3
514.7
517.2
527.1
517.9
520
514.8
523.7
507.9
519.1
515
507.8
511.8
513.5
510.1
516.2
516.8
519.1
523.3
527
516.6
521.9
524.2
518.9
510.4
514
516
512.7
511.1
512.9
518.8
520.2
521
520.1
518.9
518.7
519.5
521.1
514.3
514
518.2
510.1
511.5
510.4
512.1
524.8
517
522.4
521.9
526.3
518.3
521
514
517
517.2
514
515.3
516.1
512.3
513.5
515.6
516
516
517.7
518.2
521.2
521.5
526.7
513.1
521.9
512.8
503.9
508.9
509.9
508.7
508.2
518.2
508.2
522.6
520.1
519.6
518.9
516.3
515
511.3
513.3
507.9
511.7
502.7
509.4
512.2
522.3
509.5
526.2
517.4
521.1
521.4
514.5
515
508.1
518.1
515
509.9
506.6
514.1
510.2
514.6
523.1
516
519.9
521
516.5
526.3
520.5
518.6
509.7
511.6
508.9
506.5
514.9
518.4
515.7
519.6
519.7
530
520
522.8
519.7
520.1
516.7
510.2
513
512.9
501.1
512.9
515.7
513
517.3
517
524.3
520.4
520.4
522.3
513.3
513.3
510.9
509.9
510.1
508.9
509.1
509.3
506.7
514.6
514.5
516.5
524.8
514.9
520.1
515.6
517
512.3
509.2
504.3
507.6
506.6
509.4
507.9
515.2
517.5
529.1
523
516.7
515.1
513.8
507.2
511.8
507.5
511.3
509.6
507.7
510.4
514.8
528.5
515.1
524.4
521.6
522.6
523.5
507.5
511.3
511.7
509.4
513.4
503.1
508.8
516.5
512.4
510.6
517
514.5
524.6
520.1
519
519.6
511.7
512.8
512.5
507.5
503.4
510.6
510.3
517.1
514.1
514.5
524.5
516.2
516.7
505.4
515.5
508.2
506.1
513.2
509.3
506.3
509.2
513.3
516
513
518.9
522.9
517.4
520.8
515.9
505.8
512.6
513.6
506.4
508.2
510.7
510.1
519.5
515.2
519
519.5
521.4
534.2
513.3
511.4
517
517.4
513.8
511
510
509.9
509.2
511.1
526.1
517.4
518.7
524.3
518
516.6
513.8
509.6
514.8
514.1
504.6
522.7
511.7
510.4
507.9
518.4
518.8
524.3
524.5
514.3
519.6
515.7
516.8
512.8
506.7
511.1
509.9
507
510.4
513
522.2
521.4
518.9
524.3
518.1
513.8
518.2
516.1
513.2
508.4
511.3
509.5
512.6
515.6
513.8
514.1
518
516.8
517.6
520.1
517.1
515.5
512.7
520.1
510.6
505
516.7
510.1
513.6
511.8
516.9
520.4
518.6
525.3
518.6
512.9
512.9
515.4
514.8
507.9
507.7
505.5
517.2
509.2
515
524.3
518.4
520.8
521
516.6
509.8
512
508.3
505.6
511.1
506
508.9
508.1
511.2
513.5
523.3
512.1
518.3
522.9
514.3
511.9
510
510.6
513
511.9
507.4
503.6
514.7
515.5
514.5
515.3
510.7
514.3
516.2
515.1
512.6
512.1
509.2
510.3
507
512.3
506
513.2
514
514.1
515.4
517.9
517.5
518.2
519
512.8
511.3
511.1
510.5
508.7
508.4
508.2
502.6
515.6
517.2
520.9
519
521.4
516.7
518.9
517
511.1
503.9
503.4
505.8
498
505.4
513.3
512
518.9
512.1
515.6
520.1
512.3
511.1
510.9
508.4
505.2
509.3
506.1
507.8
506.5
508.8
520
514
519.3
514
519.9
519.5
512.3
508.3
508
508.8
509.4
502.4
506
509.6
511.5
514.7
512.5
514.6
517.6
515.9
514.6
507.5
508.3
513.7
507.6
510.3
503.9
507.2
510.7
514.8
513
519.6
519.4
518.4
516.9
520.2
516.4
512.3
509
513.4
506.6
509.9
509.1
508.5
510.9
507.8
509.3
515.4
515.8
514
512.5
506
510.8
508.9
502.8
506
508.3
514.3
503.3
512.8
506.9
515.2
514.6
519.1
521.8
514.9
509.3
507.7
513.1
507.2
503.2
507.9
504.2
508.9
511.1
515.9
521
515.8
521.3
512.4
515.5
510.7
509.4
507.2
508.9
500.5
504.4
513.3
507.5
512.3
512.6
512.1
515.7
516.5
518.1
508.7
511.6
508.2
500
495.2
506.4
505.2
510.4
505.6
511.7
509.7
517.6
509.4
511.1
516.2
513
516.7
511.3
511.3
510
505.1
504
505.3
510.1
512.4
513
513.6
514
514.5
513.2
509.5
505.8
507.9
503.3
508.5
503.5
503.3
506.7
510.6
506.8
519.9
514
511
519.1
510.1
511.8
509.4
508.8
505.8
504.9
504.1
506.8
513.3
512.3
513.3
515.5
522
523.1
512.3
512.8
516.8
506.5
502.2
508
508.2
504.1
498.4
507.8
512.3
508.1
510.9
521.4
511.8
516.7
509.1
509.7
517.7
508
504.9
506.6
504.1
505.3
508.2
507.6
506.6
509.9
517.5
514.7
517.5
506.7
511.6
502.4
499.8
503.4
500.2
508
505.5
508.4
513
517.7
508.7
514.3
518
518.2
513.6
512.9
507.7
505.9
500.8
506.5
511.9
507
506.7
504.4
514.9
512.6
517.6
510.2
517.5
515.8
510.3
509.6
504.8
506.4
502.6
500.4
504.6
502.6
512.2
508.4
517.4
509.7
518.7
513.5
516.5
509.7
509.6
508.8
509.9
501.4
502.8
502.9
506.4
509.3
509
517.2
514.5
518.1
513.7
511.7
505.5
504.2
501.4
497.4
503.6
507.7
507
501.4
512.6
513.7
517.8
511.1
517.2
512.6
510.6
507.3
512.4
506.3
503
505.8
506.3
503.2
512.3
506.2
510.4
518.7
509.5
512.4
511.5
511.1
503.1
508.4
513.2
506.5
506.1
499.8
495.2
513.3
511.3
516
507.7
517.4
511.2
514.8
513
502.7
500.2
505.1
501.9
502.7
496.9
503.4
505.3
516.7
514.8
515.7
518.7
512.5
512.8
507
512.6
506.2
502.4
501
508.4
503.1
504.3
511.2
511.8
508.8
513.3
519
512.3
511.3
505.5
502.3
507.8
502.4
498.5
500.2
501.4
508.9
512.2
504
510.9
514.1
512.1
515.2
510.8
509
501.4
502.9
497.1
504.1
502.6
507.5
506.4
508.1
509.8
514.4
516.2
514.5
514.4
506.7
506.5
501.1
506.7
498.1
497.3
495.7
497.9
505
507.8
503.9
513.9
511.1
517
508.2
512.7
510.2
504.6
511.6
510.9
504.1
503.7
500.4
504.4
506.8
510.6
511.6
513.3
511.7
514.8
514.3
516.6
506.5
502.9
503.4
504.5
499
497.2
505.4
507.3
510.5
512.6
521.1
511.5
514.2
509.6
509
506.3
506.3
503.6
507.2
502.2
501.3
498.8
508.4
505.9
510.6
509.2
511.2
512.6
510.9
506.1
506.8
496.9
502.9
497.2
501.7
505.3
503.8
500.9
511.1
505.2
508.2
518.2
509
509.4
513.2
510.7
505.3
494.3
503.4
497.5
505.7
501.7
509.4
502.6
511
509.7
513.4
511.7
506.5
505.3
503.2
502.2
503.7
500.8
500
499.5
501.4
503.1
508.5
505.3
515.6
513.1
517.6
513.6
512.3
503.6
502.4
503.4
503.3
497.1
502.2
509
508.4
503.5
511.1
514.8
504.1
507.4
506.3
505.5
512.3
508.9
506.5
496.2
502.4
504.3
505.8
507.6
503.4
506.8
509.5
508.1
515.5
518
513
507.5
504.7
502.8
499.8
500.4
498.8
492.1
505.3
506.4
508.6
507.5
508.2
511.3
509.9
511.9
502.8
502.2
499.1
497.8
500.9
503.3
503.8
503.6
502.9
511.2
512.2
508.7
507.7
513.5
500
500
497.6
498.6
497.3
494.4
499.6
498.1
504.1
508.4
515.5
504.9
508.9
508.2
508.8
508.2
506.1
503.1
500.5
503.9
504.8
491.7
499.2
505.3
508.9
506.7
508.2
505.1
505
505.8
506.5
503.9
503.3
500.4
499.9
497.7
493.2
505.8
493.8
507.7
502.5
508
506.9
510.8
509.1
509.4
509.5
499.8
499
495.5
493.9
495.3
503
499.5
507
508.2
504.2
501.4
503.9
503.1
506.9
501.7
495.8
501.8
497.3
496.9
493.7
492.4
499.5
504.5
508.7
505
509.7
507.4
505.3
508.2
504.9
500.7
502
501.7
495.3
498.8
498
504.8
518.2
509.7
506.5
511.3
518.9
509.1
508.2
506.3
499.2
496.8
498.6
504.6
500.5
498.3
503.5
500.4
505.4
513.3
503.1
511.9
504.8
502.5
503.6
496.7
495.6
496.4
494.2
496.3
496.7
500
507.6
509.9
501.1
508.2
500.5
504.8
501.7
498.3
497.9
497.8
499
495
500.2
497.5
494.2
499.5
504.2
507.5
509.6
506.5
509.9
503.4
496.7
500.3
498.2
493.1
492.9
493.2
496.1
497.9
506.3
510.9
507.5
506.8
509.4
508.4
502.8
499.5
501
500
499.7
493.7
497.6
496
497.1
501.2
506
507
509.7
510.7
507.8
503.9
498.9
493.5
491.2
494.5
497.6
494.7
499.8
502.2
507.1
506.9
503.8
501.6
503.7
502.8
498.3
495.2
497.9
491.9
496.7
492.1
499.5
500.2
493.1
505
507.5
508.9
511.6
506.7
503.1
503.1
502
492.4
494.1
497.4
494.1
499.3
497.2
503.1
506
503.2
503.8
499.3
504.6
502.3
497.5
494.3
497.7
493.8
505.7
493.5
496.9
508.3
501.8
502.9
504.5
504.7
507.6
502.6
501.8
497.4
492.4
498
496.2
494
495.4
495.8
495.2
503.9
501.9
514.2
508.1
509.2
505
499.5
491.8
503.4
494.2
495.7
494.1
494.5
495
501
502.9
501.2
504
509.7
506.9
500.5
504.9
505.1
492.6
495.7
490.2
486.3
491.2
493.3
496.8
500.3
507.7
505.5
501.9
509.1
500.4
499.6
495.5
497.8
495.6
493.3
494.3
491.9
490.4
494.8
502.4
502.5
502.1
501.1
503.7
504.8
505.5
499.7
496.3
494.4
497.6
493.7
497.4
497.4
520.4
494.3
504.3
499.8
500.6
510.5
504.4
504.3
499.1
490.6
493.6
494.4
493.5
492.9
500.5
495.2
497.8
506.7
504.8
503.9
508.9
492.6
501.9
500.6
493.9
502.1
491.4
495
488.5
497.9
500.2
503.1
502.2
504.6
508.9
503.9
504.4
500
498.9
497.4
493.4
493.9
495.7
495.5
500.5
502.2
498.9
507.5
508.7
502.3
508.3
502.7
501.3
496.2
496
498
499
495
499.5
499.3
504.8
504.7
500.6
504.6
504.4
508.4
503.2
500.1
499.7
496.7
498.6
496.4
492.6
493.8
504.6
504.7
507.9
509.5
506.7
506.2
502.1
497.5
497.7
496.8
497.9
498
494.3
499.8
497.1
504.6
507
503.3
501.7
507.1
509.2
501.6
492.9
498.6
498.4
498.8
499.7
495.7
495.5
502.9
504.7
504.8
500.4
503.7
500.7
504.4
502.8
503.1
501.5
495.9
489.8
498.8
496.4
496.9
498.8
503.4
498.5
496.8
505.9
500.6
506.8
496.9
489.1
497.1
494.4
488.6
496.8
494.8
498.2
488.3
495
505.7
502.3
502.7
508.7
500.2
506.8
490.8
492.4
493.6
497
491.2
490.5
495.3
501.3
492.4
505.8
502.9
502.3
498.9
495.5
492.8
490.8
499.9
492
495.8
493.1
495.2
500.8
499.7
502.6
506.5
503.4
504.4
504.3
506.4
502.4
497.8
500.7
498
494.3
497.4
496.4
497.5
504.1
503.4
500.9
503.6
506.8
505.6
500.9
500.3
499.5
502.3
492.4
497.9
493.4
495.2
499.3
501.4
499
502.6
507.1
502.9
494
497.4
498.8
492.9
495.8
493.7
495.9
500.1
493.5
497.1
501.9
503.1
503.9
505.8
505.3
500.2
500.6
495.6
496.9
498.8
490.9
496.2
491.9
495.4
500
501.7
500.5
501.7
505.5
509.9
501.2
495.5
491.8
494.9
501
496.3
492.9
491.7
494.5
496.6
501.5
503.5
504.7
503.3
503.4
500.5
500.7
493.8
493.6
491.8
496.2
495.4
494.8
498.8
494.8
499.2
503.1
505.9
510.4
507.2
503.4
503.8
499
500.5
494.8
494.7
496.1
497.4
493.4
498.8
507.2
501.7
508.4
506.3
504.3
504.2
498.8
501
499.5
493.1
502.2
494.8
497.2
495
504.3
499.7
506.9
503.1
506.5
502.8
501.5
497.2
501.2
502.9
495.5
497.7
498.8
494.5
503.1
500.9
507.4
509.2
508.8
509.9
506.8
503.9
500.7
502.2
496.5
495.2
495.3
493.3
493.1
493.5
498.6
505.3
503.6
513.5
507.5
507.2
506.1
491.7
492.6
492.5
488.1
495.7
490.1
489.1
490
494.6
497.2
499.4
502.4
502.4
499.1
503.9
497.2
493.8
496.4
491.3
493.1
492.8
494.5
496.1
498.8
499.4
496.4
498.1
501.7
497.4
500
494.3
496.4
493.8
496.7
495.2
496
486.3
494.2
495.1
508.5
505.5
499.8
507.2
506.1
507.7
496.7
498.5
502.6
500.1
492
488.3
498.8
502.1
502.4
499.2
500.7
509.2
499.3
501.6
504.7
493.9
498.8
497.1
494.1
496.1
497.1
498.1
494.5
497.9
507.3
507
504.6
504.8
508.3
501.9
500.8
496.7
497.4
492.9
496.5
494
496.4
496.2
496.7
503.1
503.3
500
505.6
506.1
508.4
498.7
500.1
495.7
491
491.1
498.3
494.3
494.5
500
502.7
501.4
506.6
505.4
507.2
504.8
504.4
503.3
496.7
496.3
503.3
494.5
491.3
496.9
501.4
502.8
504.5
512.2
505.4
505.9
505.9
494.1
497.5
502.5
502.6
497.7
500.2
502
505.9
506.3
505.1
501.9
508.1
509.9
504
502.3
504.9
497.9
497.7
501.6
494.4
494.3
498.6
500.2
500.5
500.1
509.1
506.6
503.1
503.3
497.7
501.6
496.8
493.6
494.9
496.1
492.5
498.2
498.5
502.8
500.9
507.4
505.4
506.2
501.8
503.2
498.6
495.2
499.7
494.4
486.4
499.7
497
501.6
501.3
504.3
509.4
509.6
503.1
501.2
504.3
495.1
507
505.5
501.1
505.1
505.9
498
505.2
507.4
504.9
513.1
511.9
515.8
505.6
503.9
503.3
502.8
495
505.8
494.5
502.2
500.4
502.1
503.5
506.4
501.2
509.5
504.2
511.4
504.1
503.4
500
496.8
497.4
503.1
498.6
499.8
508.4
504.5
505.4
510.3
515
509.9
506.8
501.1
502.1
503.6
505.5
497.1
503.5
500.7
511.8
513.5
509.2
514.6
511.4
511.9
503.1
505.7
504
501.6
501.9
500.9
499.3
496.6
500
504.1
507.2
511
508.4
508.7
507.3
502
509
505.8
505.1
496.5
505.2
506.6
503.5
501
501.8
510.2
506.3
509.7
508.9
501.5
510.6
511.5
497.5
504.5
499.8
505.7
489.3
499.1
497.8
497.8
513.2
507.3
512.6
509.7
508.4
512.2
514.4
507.3
499.9
500.2
500.3
492.6
498.8
499.6
503.9
507.4
498.4
509.9
512.5
512.9
512.7
505.9
508.9
500.7
500.3
501.7
500.9
516.5
496.2
502.4
511.6
507.1
504.3
501.1
506.3
506.8
507.9
507.4
501.4
503.9
504.4
502.2
495.2
498.9
496.8
506.5
499.8
507.4
507.5
509.3
505.4
511.8
501.9
499.1
500.5
496.9
500.1
497.1
503.6
498.7
502.5
504.2
506
508.9
506.4
513.4
512.8
506.4
506.1
500.4
498.6
497.2
502.6
504.2
504.6
505.4
505
506.7
509.3
513.8
510.2
511.3
509.1
503.4
497.6
497.3
493.6
496.9
501.4
501.1
498.1
505.6
506.5
505.1
502.9
509.7
506.9
506.3
504.7
502.9
502.6
502.3
495.6
499.3
495
503.6
506.1
504.7
502.8
512.1
519.6
513.2
506.1
506
503.5
502.2
497.4
501
500.9
495.2
501.4
507
504.3
507.7
506.6
509.2
508
500.5
494.3
504.8
501.6
494.5
496.9
501
503.3
506.7
509.7
512.9
506.3
512.3
511.8
514.3
502.9
500.3
498.3
499.5
507.5
499.8
500.1
505.8
502.6
511.6
508
508.2
514.6
509
508.6
499.5
503.1
501
499.7
495.3
500.6
510.6
504.3
501.6
506
512.4
510
508.6
509.3
502.1
504.4
506.3
504.1
495.4
504.4
500.5
500.8
507.5
506.4
509.7
508.1
510.1
510.1
511.6
502.6
501.7
501
499
500.6
495.9
501.6
502
493.9
505.5
505.8
505.8
518
511.4
512.3
505.8
507.4
498.4
503.4
505.1
507.8
495.3
503.1
492.7
507.5
504.5
508.9
508
518.5
509.8
510.2
504.4
504
503.4
505.5
501.3
500.7
497.6
498.4
496.7
504.3
506.7
512.1
507
507.1
507.6
505.2
502.7
498
501
495.2
494.2
493.7
489.9
500.4
504.3
504.6
509.3
508.5
515.3
508.3
498.5
503.6
499.8
507.7
494.7
496.4
498.9
500.7
504.5
507.2
509.6
511.4
506
509.7
508.8
502
508.2
497.7
498.1
498.7
493.6
503.6
494.5
501.4
499.8
503.9
510.1
510.6
510.9
503.8
506.4
507.2
502.5
498.6
497.8
497.6
496.6
503.5
500.7
504.1
501.3
513.6
516.8
513.5
508.5
504.6
495.4
495
494.4
498.2
488.7
500.5
502.5
498.1
503.9
503.4
507.2
504.6
511.1
498.6
508
502.5
496.4
501.9
491.4
503.4
499.5
497.1
507
501
504.3
507.8
507.5
498.9
503.4
503.2
495.9
498.3
497.6
497.1
496.2
502.5
493.8
500.1
507.4
505.8
512.1
509.9
510.4
508.9
506.3
508.2
502.6
497.6
501.6
496.7
498.6
505.5
502.4
499.6
505.3
506.7
510.9
512.3
507.3
503.1
511
502.1
495.3
500.5
505.6
494
498.3
501.8
501.7
507.1
511.7
504.5
509.2
511.8
505.7
502.8
501
499.5
503.1
500
501.3
502.1
506.3
502.4
507
507.1
509.9
508.6
507.2
504.8
501.6
501.1
495.4
496.2
500.4
508.2
500.2
501.7
503.7
510.4
507.7
505.1
503.1
508.4
498.2
501.9
503.1
497.4
496.1
499.1
502
495.4
506.2
504.9
507.3
510.1
512.8
507.8
507.8
502.6
499.5
504.9
501
500.8
494.4
501.8
500.5
498.5
499.8
510.7
506
511.1
507.2
502.9
503.9
499.8
503.7
502.9
500.4
498.5
497.8
506.3
499.5
510.8
509.5
512.5
508.2
516.3
504.5
501.5
505.8
503
500
499.8
503.4
505.9
497.6
499.5
509.2
514.9
514.8
512.6
501.4
506
503.1
509.4
517.9
504.7
503.1
509.6
504.7
503.2
509.4
514.3
514
508.4
510.1
509.2
508.3
501.9
501.2
500
510.1
502
505.1
509.4
508.3
504.3
507.2
508.9
513.6
507.7
510.6
501.6
504.9
496
505.1
498.8
504.8
499.7
506.4
502.6
505.5
510
508.1
510.9
516.5
510.3
508.7
504.7
503
499.1
507.8
498.3
505.7
504.1
508.1
508.9
508.6
509.9
508.4
514.7
512.8
510.8
512.4
503.6
502.6
498.4
496.1
499.9
511.9
511.5
506.2
514.5
511.6
513.2
509.8
505.9
508.9
507.7
507.3
502.9
503.6
504.8
505
510.1
522.2
506.7
514.3
518.9
519
509.4
507.1
509.7
499.7
509.6
509.7
507.6
505
513.1
516.1
513.1
517.5
515.2
520
510.9
518
507.8
505.8
510.7
514.2
507.7
512.1
512.1
513.3
512.1
521.4
517
515.5
514.4
508.4
520.3
506.3
511.8
510.1
503.8
507
513.5
509.8
513
520
521
520
527.2
521.3
516.6
512.3
515.2
515.8
506.6
503.1
514.1
505.2
509.1
504.3
513.4
521.7
520.4
518.7
521.6
516.9
520.1
513.2
508
515.5
514
514.1
500.7
508.6
509
511.6
518
516.2
517.9
518.2
510.8
512.1
515.9
510.4
506.8
509.9
506.9
504.3
499.3
511.6
515.5
514.5
519.2
519
523.3
516.5
513.3
509.9
510.6
511.4
508
505.3
508.4
509
508.7
512.2
516.3
515.1
520.2
522
511.1
517.2
513.8
515.8
507.1
502.7
509.4
506.8
507.5
510.9
507.7
521.2
524.3
516
518.5
515.3
523.2
521.4
509.3
511.8
519.9
508.6
507.9
513.9
514.3
509.9
507.7
517
519
521.3
518.2
514.7
522.9
512.1
513.7
506.8
514.6
505.8
512.8
513.4
515.3
517
525
521.9
515.5
515.5
517.7
518.7
517.2
516.5
508.9
508.7
515.5
512.6
514.6
513.7
525.2
518.2
527.2
522.1
528
519.6
517.6
513.5
509.6
511.2
518.7
519.9
510.6
518.6
519.1
521.8
527.4
532.5
522.6
519.4
520.6
522.5
515
516
522.2
512.8
514.1
522.2
512.6
516.7
525.5
523.4
534.9
523.9
522.4
515.8
524.1
516
520.9
513.7
519.9
513
515.9
522.1
519.1
521.4
528.2
530.9
528.1
527
523.9
518.5
516.2
511.9
510.4
517.8
508.2
525.3
511.7
519.5
527.8
521.7
524.6
524.4
530.1
518.1
519.6
523.4
513.2
517.2
520
513.9
516.7
523.9
523.1
525.4
534.4
525.1
523.5
531.4
514.8
516.9
516.3
521
517
512.2
518
516.7
518.3
523.6
526.6
524.8
520.1
527.4
521.7
518.7
519.8
520.3
518
522.4
526.5
518.2
520.8
526.5
523
524.2
528.1
526.4
530.9
518.5
526
524.6
522
509.5
518.6
522.9
526.2
518.6
522.9
526.7
527.7
532.3
527.5
525.6
527
528.4
516.1
518.9
512.5
509.7
510.6
523.4
530.6
517.5
516.5
526.7
524.4
528.9
537.9
529
527.1
529.7
525.4
515.3
515.6
517.9
514.7
517.7
521.2
525.5
523.1
531.6
533.1
527.4
530.5
535.9
526
522.2
522.4
516.8
527.9
514.2
522.6
522.9
528.7
524.9
528.2
528.1
531
530.4
530.8
523.5
521
527.9
520.9
520.7
513.8
522.2
517.8
526.1
533.4
529.6
536.9
534.2
527.9
531.4
533.9
528.3
521.3
522.6
519.7
515.3
521
529.3
522.5
530.8
529.8
528.1
527.9
532.2
537.7
527.6
523.5
521.2
517.1
519.4
520.3
520.8
522.9
519
523.5
531.6
532.8
535.6
531.6
533
527.1
529.9
524.3
522.3
524.8
522.2
515.3
527.2
528.8
526.3
529
530.3
529
535.7
534.2
527.1
532.5
530.4
522.4
530.2
521.7
529.4
520
530.4
533.8
538.4
540.3
534.6
532.1
527.1
528.8
524.8
527.8
522.2
529.9
522.5
520.1
521.2
528.4
522
527.2
526.8
530.4
529.6
530.8
524.6
529.3
530.7
523.8
522.5
520.7
520.4
522.6
526.3
528.6
529.5
530.1
535.2
533.6
533.9
527.1
531.3
525.9
527.1
527.1
523.7
525.1
530.7
527
527.3
541.8
531.3
537.1
535.7
532.6
534.6
530.3
521.9
523.9
522.1
523.6
525.8
523.1
529.7
531.1
534.9
528.7
535.5
527.1
526.4
528.2
520.4
526.9
526.6
525.2
528.5
523.2
529.9
529.4
533.8
531.8
543.2
536.2
534.1
536.3
529
528.4
517.7
525.7
529
530.1
530.6
520.7
531.7
529.2
534.1
534.8
536.4
534.6
532.1
528.6
525.6
534.9
533.8
534.1
533.2
532.1
526.9
532.6
524
531.2
540.2
534.9
542.4
537.3
530.3
525
526.5
536.1
529.1
525.1
529.7
524.2
531.4
526.7
530.4
539.1
526.2
539.1
534.2
534.8
529.5
524.7
526.1
533.8
525.6
530.6
527.9
536.9
532.5
536.1
536
534.3
537
527.6
535.3
531
522.2
526
529.8
527.7
527.5
525
529.9
528.8
538.9
537.6
537.3
532.1
539.3
533.8
525.1
524.6
521.7
519.1
523.3
524.9
528
527.9
525
531.4
532.7
536.9
537.4
537.6
536.3
528.9
524.4
526.1
530.6
528.6
526.1
521.8
525.6
525.7
532.6
536.1
528
537.1
545.5
537.7
527.9
528.2
524.5
527.7
524.6
526.7
525.3
527.6
526.4
526.4
537.9
543.1
538
534.7
531.6
530.1
528.3
521.2
527.8
523.1
522.5
523
521.5
532.6
532.4
528.8
532.3
540.5
542.7
538.8
529.3
531.3
536.9
529.3
531.6
528.4
520.5
522.8
531.6
529.1
531.9
531.4
544
536.5
530.7
534.6
536.7
527.7
533.3
527.6
525.8
523.6
526.4
530.4
532.5
542.7
535.9
541.4
540.9
541.6
531
531.5
528.6
529.5
528.6
526.1
530
533.4
521.7
532.7
533.9
535.5
533.2
544
541
533.3
536.6
527.5
529
525.8
525.2
527.7
533.1
530.5
531.8
535.4
538.1
538.6
539
533.7
538.7
532.1
528.9
530.9
525.3
525.6
527.9
529
531.6
527.6
535.7
535.9
543.6
544.4
535.6
540.4
527.3
528.6
538.6
529.6
528.9
526.3
523.3
534
535.6
537.6
536.4
538.4
534.8
543.5
532.9
528.7
531.8
521.9
535.5
534.5
525
530.3
528.6
534.1
537
536.1
537
536.4
541.6
543.7
534.7
522.9
526.8
524.3
529.1
531.1
528.4
528.7
537.4
534.8
533.5
539.9
541.9
537.8
540.4
533
541.2
529.8
532.6
533.9
528.4
529.8
536.8
528.2
539.9
541.6
536
539.8
541.5
535.8
533.4
528.9
532.5
528.7
520.1
528.4
528.8
531
534.6
537.9
540.7
538.4
541
540
532.2
536.1
536.1
533.1
526.4
528.3
526.9
528.8
531.1
530.3
531.4
539.8
539.2
539.2
537.4
534.3
538
535.5
533.6
528.1
528.6
531.1
536.9
529.1
526.4
538.9
537.8
539
539
538.4
537.6
533.8
532.6
534.6
536.2
525.8
527.4
530.4
536.2
537.1
540
540.3
535.5
541.3
538.3
539.6
537.9
537.6
533.5
534.9
536.6
534.1
526.2
532.5
535.6
530.9
532.3
542.9
542.5
536.1
541
541.7
530.3
529.8
539
530.1
525.1
526
525.5
532.1
534.6
538
539.4
548.7
541.7
537.7
531.9
530.5
530.1
529.7
534
528.5
530.6
536.1
534.9
536.7
536.4
539.3
540
537.2
541.7
540.6
527.1
529.6
523.2
532.4
533.4
533.8
539.4
538.6
534.1
536.8
537.8
541.9
542.5
540.8
535.8
540.5
531.1
534.4
533.3
522.8
531.1
533.4
536.5
536.4
538.2
540.8
543.8
540.1
539.8
537.1
537
537.3
537.4
532.7
532.3
531.1
534.9
538.4
542.2
536.4
543.7
544.3
544.1
545.5
534.7
538.3
526.1
535.6
534.6
532
538.3
533.6
531.6
535.8
543.4
544.5
542.4
541.4
540.4
533.6
532.9
535.3
530.7
533.6
529.9
524.8
529.1
536.9
540.4
539.4
540
544.8
544.1
537.7
541.4
538.4
534.9
534.6
538.5
529.4
529.3
532.8
531.4
536.4
538.6
543.4
536.9
545.2
540.1
538.4
538.7
540.9
535.2
533.9
535
533.6
535.9
548.2
535.7
538.6
541.3
537.5
549.7
544
535.1
536
536.7
532.8
534
537
529.1
531.8
534.9
535.2
540.3
539.6
536.5
537.5
540.7
545.9
538.5
532.9
536.3
538
534.1
534.3
527.6
532.6
539.7
540.3
539.9
544.1
541.9
544
538.2
533.9
534.2
537.3
527.1
535.2
531.2
532.8
538.8
540.8
537.7
552.8
542.6
542.6
539.9
544.7
546
530.2
526.6
537.6
533.1
533.8
532.2
539.5
545.3
542.3
547.2
549.8
544.5
542.7
542.3
537.1
533.4
540.4
533.6
532.2
536.8
536.4
539.5
538.4
542.4
545
548.8
541.6
544.9
541.2
541.7
544.4
540.3
539.3
534.4
527.6
537.4
538.7
542.2
541.3
544.3
541.9
545.1
546.4
543.9
543
540.1
529
539.8
537.9
535.9
538.2
537.9
540.9
539
543.6
545.1
547.9
548
555.4
545.5
537.6
545
539.7
539.2
536.4
536.9
539.4
543.5
535.6
549.3
549
548.9
545.3
545.8
547
536.7
548.3
532.7
531.9
536.1
533
538.5
537.6
540.5
546.8
549.7
539.8
551.4
547.5
542.7
541.8
536.4
534.8
542.4
535.5
537.8
533.9
548.7
539.6
547.9
545.3
546.2
546.2
548.4
540.6
538.2
535
535.5
536.8
534.1
540.4
537.4
542.8
551.4
545.5
550
547
544.5
547.2
548.3
540.3
541.2
534.4
538.2
534.4
535.5
544.2
540.8
538.3
542.6
545.1
546
549.4
548.2
539.3
542.4
546.7
546.5
536.9
540.2
545.2
545.5
539.6
545
549.5
545.2
553.6
547.4
544.8
540.1
538.9
538.9
540.4
535.3
538.4
541.2
542.9
537.1
544.1
543.6
546.4
548.6
550.4
546.1
542.6
540.4
535.2
546.9
540.6
546.9
539.9
537.5
542.4
553.8
547.2
547.4
547.5
549.5
546.3
542.3
542.6
536.4
538
542.4
540.9
537.9
550.1
543.4
553.1
554.4
547.2
552.4
550.6
548.4
550.2
538.4
544.3
541.6
545.9
539.2
547
545.8
553.6
549.2
550
553.4
554.5
551.4
545.1
543.4
544.7
538.1
543.7
542.2
540.2
538.1
537.9
552.5
542.7
548.3
554.9
549.2
543
542.9
541.4
537.3
544.4
544.8
538.6
544.4
541.6
544.7
541.9
544.7
553.4
552.4
553.3
552.6
546.3
544.3
544.3
540.1
541.6
541.2
546.8
540.5
551.4
542.8
547.6
552.2
548.5
553
548.8
542
545
543.7
544.8
541.5
539.5
538.2
537.4
540.8
546.4
547.3
552.3
554.6
552.1
547
549.4
543.3
541.2
538.9
542.6
543.1
541.7
542.3
544.1
545.7
554.7
556.9
560.1
547.2
554.7
552
547
549.5
540.4
541.1
550.1
543.2
542
542.4
553.5
556.3
548.7
553.2
549.6
550.6
546.4
546.3
547.3
543.9
547.1
538.9
543.7
542
550.9
548.3
553.7
559.7
552.8
555.7
555.4
553.1
544.3
544.5
548
541.7
551
545.2
546.7
557
553.8
549.8
557.3
557.8
559.6
550.8
548.3
550.9
542.4
547.2
544.5
541.9
544
548.5
552.4
552.9
558.3
560.5
557.6
550.4
553.2
552.9
549.8
540.8
553.6
542.4
549.5
541.6
550.4
553.9
553.9
552.5
552.6
558.9
559.2
551.2
549.1
552.6
551.3
548.5
542.3
545.5
545.1
550.9
551.6
557.2
548.5
555.4
561.5
555.7
556.3
553.1
547.2
548.9
543.3
550.5
546
548.2
548.8
553.8
557.8
550.8
560.4
556.2
561.9
556.5
554.2
553.4
551.3
544
546.9
548.6
549.8
551.4
557.9
554.7
560.9
557
556.1
553.2
558.6
554.8
550.1
550.6
546.9
545.3
544.8
550.1
551.9
552.8
556
556.2
558.9
560.1
560.4
559.1
553.1
555.2
550.8
550.8
548.1
549
545.4
544.7
551
558.9
557.5
553.2
556.3
558.3
558.6
557.8
555.2
549.8
548.5
544.9
552.5
551
550.9
553.4
555.4
560.4
561.9
561.6
561.7
562.1
550.3
555
553.1
548.1
545
552.1
549.4
547.8
551.5
552.4
561.7
563.6
557.8
563.8
556
553.4
552.8
550.6
557.7
556.4
550.1
550.9
553.2
555.4
558.1
565.7
559.6
561.1
558.6
559.1
557.3
561.4
555.9
551.4
552.9
552.1
551.4
555.2
544
554.5
556.9
558.9
560.1
564.3
560.9
557.4
556.7
553.1
551.9
549.9
553.4
547.3
553.8
552.9
556.3
555.1
556
559.6
557.3
563.7
562.7
556
558.6
556.6
547.5
554.2
553.2
550.1
562.9
561.4
566.9
563.6
560.3
565.2
565.9
555.9
555.3
559
551.4
556.1
556.8
555.5
554.7
553.5
556.5
561.2
549.6
568.5
567.1
565.1
556.7
559.1
556.2
558.2
554.3
555.3
551.4
549.4
556.7
554.6
562.1
561
561
563.8
565.7
566.8
556.2
554.3
553.4
561.9
554.4
550.4
557.3
555
558.7
561.5
566.1
567.5
569.9
564.4
559.8
556.6
558.3
554.8
557.5
556.3
556.5
554.4
558.1
556.1
551.4
562.8
558.5
566.4
562.3
559.1
558.8
556.9
554.9
553.7
552.2
556.9
555.3
553.7
557.2
561
564.8
570.4
567.2
558.5
558.3
553.5
555
557
558.6
553.7
551
555.5
559.9
562.6
565.6
570.7
565.7
563.7
566.8
555.4
562.8
557.1
557.3
560.1
552.6
553.2
557.2
556.1
565.1
562.4
564.6
563
570.2
564.4
565.4
566.4
559.1
555
558.2
554.3
554.1
553.7
559.6
561.4
560.4
565.9
565.2
568.4
563.5
568.3
560.7
564.2
561.4
556.5
557.9
557.3
557.9
557.6
562.8
562.6
562.5
570.1
566.1
566.7
568.5
565.4
560.9
557.6
557.1
556.3
557.7
556.3
553.3
565.6
562.7
566.6
570.7
563.5
567.2
572
566.4
558.1
566.8
562.8
559
557.4
560.9
559.4
557.2
556
572.4
569.3
572.6
567.8
569.9
568.2
558.8
562.7
553.3
558.4
557
554.8
564.4
562.8
570.2
564.9
572.2
570.8
571.4
571.1
570.5
565.9
566.4
557.6
561.4
557.6
557.7
566
562.5
564.8
570.4
570.5
573.9
566.1
563
565.1
562.4
562.3
564.3
560.9
559.9
564.9
555.3
561.1
566
565.9
571.6
571.8
562
574.8
567.4
563.9
570.2
556.7
557.4
560.7
563.7
558.6
560.5
566.4
571.4
570.3
571.5
571.1
569.8
574.4
569.5
566.4
563.1
562.9
561.7
561.5
568.4
570.1
568.5
568.3
574.9
575.3
576.1
576
566.8
561.4
575.1
560.8
569.2
563.8
567.7
568.5
568.8
569.4
572.1
580.6
579.4
574.1
570.1
566.9
564.2
570.1
563.5
561.4
563
565.1
554
565.1
572.5
569.3
577.7
573.9
570.6
574.3
569.6
569.2
565.6
573
566
564.1
560.7
567.2
569
570.9
576
575.1
579.3
576.8
578.8
571
574.6
571.2
567.3
568
565.9
565.7
564.5
576.1
572.3
575.7
582.5
573.5
578.4
571.3
568.9
569
571.6
570.2
566
568.4
568.3
571.4
577.9
575.1
575.9
580.3
575.9
574.6
578.4
572.6
579.1
571.3
568.2
575.9
571.1
566.7
566.5
569.2
576.2
575.6
568.5
579.2
579.1
574.5
573.5
571.2
575.7
573.2
571.3
569.1
575.3
572.9
567.1
571.1
573.4
574.6
576.3
574.7
579.9
574.6
575.1
573.7
567.3
568.8
569.6
569.6
571.7
576.3
578.3
584.5
577.7
584.6
580.7
580.2
578.4
569.3
571.2
577.1
566.1
567.6
571.5
569.6
574.1
574.6
579
575.6
582.3
574.4
573.7
571.1
566
567.6
567.8
567.8
569.1
574.6
571.7
576.5
580.9
585.4
585.7
583
576.9
577.2
583.3
575.9
577.7
575.3
569.4
571.9
571
573
576.7
583.1
577.9
577.5
581
581.4
577.2
572.9
567.7
570.1
566
566.2
568.8
569.5
570.3
575.6
578.8
576.5
578
582.2
582.5
580.5
576.2
575.2
568.8
576.3
568.4
571.4
567
574.2
579
580.3
582.5
582.5
581.8
586.5
578.7
577.4
574.3
579.4
567
570.7
571.9
577.5
585.1
580.9
574.8
582.5
582.3
584
577.2
581.4
566.4
580.7
583.3
576.4
573
571.5
577.2
576.4
573.8
577
578.9
580.7
577.3
582.8
588
572.2
570.9
573.8
570.7
571.6
571.3
572
576
580.5
578.1
578.2
585.8
584.4
584.1
585.3
574.6
574.4
575.6
571.6
571.8
572.8
570.8
569.1
572.8
579.7
582
579.7
585.5
577.3
579.6
577.4
579.4
577.8
570.2
575.6
575.7
579.6
578.2
581
578.4
579.3
579.1
582
584.7
580.4
582.5
580.9
572.3
575.8
568.2
577.8
566.7
574.3
579.1
586.8
581.7
585.3
584.3
580
580.3
578.4
576.3
572.5
576.7
569.8
569.4
578.8
578
579.6
583.4
582.7
584.7
589.2
585
586.8
580.8
578.7
579.2
577.9
580.2
576.2
574.8
577
582.6
586.4
591.2
585
589
585.7
588.6
582.6
581.2
581.7
579.5
576.8
573.5
575
573.4
573.3
580.5
583.3
582.3
579.5
582.6
586
577.5
575.7
575.4
577
574.8
580.3
578.3
584.6
588.8
585.4
583.8
586.8
585.9
589.3
581.5
582.3
580.4
572.2
575
576
578
574.2
575.3
581.2
580.4
579.4
586
591.1
588
584.6
576.7
577.5
577.5
580.1
578.1
577.3
577.8
577.9
582.7
582.3
588.4
591.4
585.4
584.1
585.4
583.9
579.2
577.3
569.1
579.9
572.1
576.6
576.2
581.3
579.9
582.9
584.5
583.9
587.1
574.8
584.9
578.6
576.5
574.3
576.1
573
585
585
581.9
586.3
579.9
583.1
588.6
580.4
579.6
576.7
575.2
583.2
575.1
575.4
590.1
579.4
577.3
587.9
587.4
584.3
588.1
588.7
587.7
583.9
585.5
580
579.9
578
575.8
579
585.7
582.8
585.8
588.8
594.6
590
586.4
592.1
588.3
580.5
580.7
568.6
579.4
574.3
578.1
578.6
583.6
581
584.6
592.7
591
591.2
590.5
582.8
574.4
581.5
582.2
577.8
573.8
578.7
580.3
585.9
585
583.6
585.8
590.7
591.8
584.1
584.7
582.8
579.9
576.7
576.7
579.2
580.1
579.6
585.5
587.9
592.1
589.1
589.5
589
584.5
582.1
577.3
580.6
576.8
579.1
590.8
578.4
581.3
580.1
591.3
589
584.3
584.4
590.9
590.1
580.2
568
578.8
575.7
576.4
579
574.1
577.9
577.5
589
587.9
587
589
590.5
583
579.8
581.7
582.4
576.7
582.5
577.4
579.8
580.7
577
587.8
592.3
581.6
586.6
588.8
569.5
587.1
586.8
588.5
582.4
581.8
575.4
584.1
576.1
581.5
587.9
584.5
590.4
590.1
590.2
592
584.3
584.1
578.7
576.7
577.2
575.7
581.8
580
583.2
588.4
589.6
589.3
592.5
594.7
585.7
589.9
581.8
580.1
577.3
575.2
577
584.8
584
578.8
590.2
589.6
583.9
591.4
588.4
589.6
590.7
577.7
574.9
577
579.2
579
581.6
580.3
582.5
585.5
582.1
584.7
590.9
591.1
585
582
583.4
583.4
580.7
579.9
582.3
579.8
584.9
580.8
587.2
585.4
586.3
579
589.9
585
581
585.6
581.7
582.9
581.6
572.8
580.4
579.4
582.6
584.7
586.6
580.9
587.9
581.3
584.8
589.5
581.7
582
583.5
573
581.5
577.8
582.1
580.9
592.4
590.8
593.9
589.2
582.4
585.3
582.7
583.3
582.3
571.1
578.7
572.8
580.4
583.9
582.9
589.1
588.5
592.2
593.6
586.1
588.1
582.3
587.2
582.2
582.4
590.3
581
583
583.9
584.7
590
590.9
591.9
589
584.5
586.3
583.6
576.7
582.9
577.7
586.6
581.5
580.5
578.6
588.7
581.9
593.7
598.2
589.8
583.8
583.4
582
585.5
577.2
578.6
579.4
582.6
580.6
579.1
581.3
590.1
589
595.1
587.4
584.8
586
581.2
581.4
579.5
580.7
578.1
584.5
588.2
584
591.9
598.1
597.5
592.7
593.8
591.7
582.1
586
586.8
582.1
582.3
583.7
578.2
586.7
591.8
596.1
595.3
595.5
595.8
593.6
588.8
589
582.9
579.4
581.3
577.4
580.6
591.4
582.4
594.2
591.2
598.2
592.5
594.4
587
590.9
584.7
593.3
581.5
582.8
586.3
583
590.6
