562.5
563.3
563.8
560.4
563.8
561.9
558.7
561.3
561.5
563.7
563.4
570.9
575.2
572.5
576
561
566.4
564.4
570.1
560.7
559.3
559.4
558.5
561
566.3
567.7
568.2
569.7
577.2
573.2
564.9
569.7
559.9
566.7
562.1
560.9
564
563.9
562.7
569.8
573.2
571.2
567.4
572.6
574.1
569.4
563.4
565.1
561.5
564.2
563
566.7
562.8
564.8
568.4
572.6
575.8
570.7
577.4
573.9
567.3
565
567.4
564.6
560.7
560.5
567.6
561.4
567.6
564.4
575.5
572.8
572.5
570.1
569.8
570.5
567.7
565.6
569.8
559.6
564.8
568.2
568.7
567.7
570.2
567.8
570.4
572.7
575.6
573.9
563.8
565.9
563.8
564.5
560.8
562.1
560.3
568.5
570.6
571.6
573.9
574.2
579.4
573.4
572.9
562.2
566.9
566.4
565.7
560
564.7
561.9
564.2
569.5
571.2
566.5
570.3
573.6
573
565.9
568.1
570.3
560.7
565.7
567.7
565.6
563.5
565.4
566.6
574.5
567.2
574.3
574.7
571.2
575.3
567.2
568.7
563.9
565.8
561.9
565.5
563.9
563.4
571.9
570.2
571.3
573.5
573.5
574.4
568.5
569
560.8
567.2
567.9
557.6
563.3
562.9
566.8
566.7
565.9
573.1
573.3
574.8
574.2
571.4
573.4
564.2
570.9
560.7
562.9
566.9
573.9
567.5
568.5
572
575.4
580.3
575.4
575.7
570.4
567.1
569.7
567.3
565.9
562.7
563.7
565.4
562.9
566
569
568
576.5
579.2
574.3
574.8
571.2
568.7
564.5
570.6
566.5
567.5
566.1
567.7
570.1
575.8
573.4
574.4
579.2
574.2
571.2
570.3
565.3
568
563.2
567.7
564.4
566.1
562.1
574.5
574.6
576
576.8
574.6
571.9
574
568.3
566.9
565
569
566.4
566.2
569
566.8
572.6
576.3
577.3
580.2
577.6
573.9
571.7
569.8
567.7
563.2
565
564.2
565.2
561.9
566.7
566
573.6
570.3
578.7
578.2
574.9
572.9
569.8
570.6
561.1
565.1
570.4
569
566.6
567.9
574.4
573.6
573
577.3
576
575.2
570.4
569.8
567.4
562.8
566
563.9
562.6
570.3
568.1
564.5
574.6
578.7
574.4
569.4
573.3
571.5
564.8
570
562.6
561.4
566.1
562.1
568.5
560.8
570.4
570.4
571.9
578.2
574.8
578.7
565.5
567.5
569.1
569.3
566.9
567.3
562.5
569.1
565.5
577.4
578.4
572.2
577.3
575.4
573.8
571.8
566.4
563.4
566
567.3
559.4
562.9
571.6
568.6
570.8
576
569.6
575.5
574.1
565.5
570.4
565
562.4
563.7
565.4
563.4
568.5
565.4
567
576.5
575.7
578
570.1
569
568.2
564.5
563.7
560.5
565.7
562
566.5
566.3
567.2
570.4
573.4
575.2
576.9
569.9
568.8
570.7
570.6
572.2
567.6
561.3
566.3
564.1
562.8
572.4
574.8
571.4
573
576.5
576
573
569
567
566.3
561.3
563.3
563.1
568.3
570.5
574.9
576.6
574.9
579.1
572.9
574.5
568.4
566.2
567.7
565.5
556
568.8
559.9
560.3
567.1
567.4
574.4
571.4
579.5
571.7
574.9
570.1
567.3
569.3
560.8
567.1
561
564.2
562.9
564.4
568.6
585
568.1
573.8
574.9
572.9
563.4
570.7
562.7
563
561.3
569.4
561.6
561.6
570.6
569.3
571.7
571.8
571.4
571.4
570.1
569.4
563
567.3
565
561.7
562.5
561.3
560.2
568.8
567.4
572.9
571.1
571.7
574.6
573.4
570.4
571.3
568.9
565.3
569.7
564.5
561.3
562.1
565.1
569
569.2
575.5
578.4
574.1
574.4
569.9
567.3
564.4
563.7
562.1
566
566
565.4
564.8
569.3
571.6
573.8
567.2
580.3
574.2
566.1
571.7
566.1
565.6
567.3
564.3
569.6
565.8
571.2
563.1
573.6
572.1
578.6
575.7
576.6
570.7
569.4
567.7
571.3
560
564.9
564.8
559.8
565.6
569.4
571.1
571.1
573.8
572.6
571.9
566.2
572.5
565.9
564.4
563
569.3
560.4
563.9
567.4
570.2
569.1
575.6
574
573.6
573.7
572.6
572.8
581.4
560.3
565.1
565.2
562.4
560.8
563.7
568.5
572.8
573
575.8
576.8
573.9
570
566.8
568
563.2
566.1
565.7
563.7
565.7
562.9
564.5
570.6
573.4
576.6
572.8
575.6
571.9
568
572.8
570.6
565
564.8
563.5
559.5
569.2
560.9
565.1
569.3
580.5
569.8
572.4
571.8
566.6
569.7
562.4
562.4
564.2
562.8
563.2
566.4
570.1
569.1
573.9
573.1
582.5
563.9
575.4
569.7
571.8
564.5
561.9
563.1
559.4
560.3
567.1
564.9
567.4
570.5
573.9
575.3
571.6
567.1
569.7
566.4
563.9
562.3
567.2
565.8
560.2
562.9
563.5
565
563.7
570.5
571.4
573.6
573.8
566.4
568.2
566.2
566
559.5
566.2
561.1
561.3
570.3
566.3
569.3
581.1
573
574.9
571.7
573.2
564.7
567.3
560.8
560.8
560
562.6
562.9
563.4
568.2
568.6
573.4
569.6
573
575.8
573
567.2
560.6
566.4
561.3
564.4
560.5
566.1
569.8
564.8
569.3
570.5
578.4
573.4
570.1
565.5
567.6
564.8
566
562.8
562.1
568.5
568.4
567.5
565.8
572.5
572.8
572.6
574.4
569.2
573.2
570
562.3
558.7
556.3
560.4
561.9
564.5
566.6
571.8
568.5
563.9
573.8
575.2
573.7
567.7
563.8
561.5
566.1
561.5
563.7
560.6
562.5
563.8
564.2
568.4
573.6
571.4
573.8
572.4
569.6
562.4
564.2
560.7
554.6
566.6
563.6
565.7
568.4
568.6
571.7
576.2
571.5
577.3
565.1
565.7
564.5
568.8
559.3
561.5
564.5
559.5
566
565.3
567.4
572.3
576.2
570.9
574
565.7
567.9
566.8
565
563.7
560.3
560.1
570.6
564.8
564.2
571.8
571.8
571.2
571
569.2
573
569.8
567.7
565.9
567.7
558.9
565.1
558.8
559.7
564.3
571.8
570.5
573.7
576.7
576
568.8
561.6
566.6
561.4
565.3
559.2
560.2
560.5
561.9
564.7
565.3
575.5
573.1
573.6
573.8
571.4
566.3
566.6
564
561.8
559.2
563.7
562.5
560.8
563.2
573.8
575.9
574
573.7
575
570.1
565.9
561.1
560.5
561.5
565.6
563.4
557.1
565
565.7
568.5
575.5
571.9
570.6
569.2
563.7
569
561.4
560.2
562.5
557.8
562.9
563
564
564.7
568.1
574.1
574.5
569.5
562.3
562
564
569.6
564
566.7
567.7
555.4
568.2
568.7
570.8
578
577.1
572.2
575.3
571.5
572.3
574.1
568.1
567.1
570.5
557.1
567.1
568.4
563.4
569.3
574.6
576.2
572.5
582.9
577.9
569.8
568.2
566.4
562.8
565.1
566.1
559.2
564.2
569.7
568
577.4
570.4
576
566.1
571.2
567.3
572.1
566.7
563.7
569.6
564
568
564.3
569.4
572.7
574.9
574.5
573.1
570.6
571.7
571.5
567.6
564.2
561.4
555.9
561.6
570.6
556.7
571
567.5
567
572.4
570.1
573
575.2
570.4
566.6
570.2
566.6
574.4
561
566.1
559.1
572
568.5
566.1
564.2
569.1
572.3
565
573.7
564
570.3
558.4
563.5
567.6
559.7
567.7
566.6
573
565.6
572.1
576.6
567.4
572.5
565.1
560.5
565.7
559
559.8
561.3
559.5
564.2
566.6
568.3
569.6
574.7
569.8
567.2
566.7
567.4
568.2
561.7
552.4
559.7
564.8
568.4
560.6
567.9
572.2
567.1
573.3
575.7
566.8
571.3
568.7
559.8
563.7
559
560
558.5
557.1
557.9
564.5
567.1
565.3
576.9
578
570.9
571.7
570.6
564.2
559
560.8
562.7
560.5
558.7
556.5
561.8
566.1
564.1
573.9
566.6
569.3
569.4
567.5
557.4
561.3
558.7
560.8
558.6
567.2
557.5
562.2
566
575.2
569.8
572.3
568.3
569.3
562.1
563.8
559
558.6
558.6
558.9
562
559.4
565
564.8
568.2
569.8
568.6
569.1
573
566.7
566.5
566.9
562
563.8
562.3
565.3
560.8
573
566.6
571.1
574
579
576.3
574.1
567.9
568.4
566
565.2
562.5
556.5
567.1
564.8
568.1
568.6
566.7
571.4
575.2
576.8
568.9
570.9
564.5
566.6
561.5
564
563.3
567.9
561.6
568
568.6
577.6
581.3
574.5
574.1
566.8
567.2
567
566
562.7
566.2
563.1
558.7
560.5
569
565.9
564.3
575.3
572.4
574.8
577.6
568.2
563.5
568.4
567.6
562.7
553.9
570.9
557.6
565.1
565.1
564.3
565.8
568.8
567.6
564.6
561.4
559.5
557.4
558.4
559.6
555.3
557.2
557.9
561.7
572.3
567.7
571.8
581.5
571.4
563.3
563.2
558.5
560
557.4
551.7
557.1
560.7
564.2
558.8
569.9
567.1
568.9
569.1
567.1
565.8
564.7
564.1
556.9
558.2
551.9
559.5
561.2
565.6
560.6
569.9
570.8
571.6
565.3
563.4
566.9
561.6
563.5
556.6
558.3
560.1
561.2
556.5
562.7
560.8
577.9
567.3
570.4
567.3
564.2
568
563.9
558.4
557.9
558.6
562.2
562.9
550.8
557.6
562.6
564.2
566.4
565.2
572
561.3
563.7
565.8
562.4
561.4
564
556.9
564.8
561.5
570.1
572.8
574.1
571.2
571.3
572.4
571.2
564.1
565.5
565.7
565.1
561.9
567.2
560.2
565.4
568.7
566.5
571.2
571.1
576.6
572
561.5
567.5
552
556
554.3
561.3
554.7
556.9
560.5
562
566.9
567.4
570.2
564.1
568.5
561.4
566.2
561.8
561.8
552.7
553.3
558.5
556.5
560.5
560.3
560.6
564
569.6
566.4
567.2
564.4
558.7
554.5
557.9
557.7
559.1
556.7
555.3
556
563.5
560.8
564.4
573.5
563.4
564.9
559.5
558
555.8
554.5
558.7
558.2
556.6
553.7
560.5
562.4
563.7
568
566.2
565.9
562.8
560.3
558.7
557.3
559
557.1
557.5
551.6
555.9
556.5
559
566.3
566.5
569.5
561.6
564.4
569.3
563.4
553.2
558
556.5
558
556.7
566.1
561
567.7
570.1
563
568.2
565.2
566.8
565
561.1
567.7
559.7
560.9
561.4
556.3
559.9
560
561
563.2
567.9
566.3
563.3
566.1
562.2
562
559.1
563.2
561.2
561.3
565
553.2
560.8
569.1
567.6
570.4
567.8
565.3
573.1
571.2
561.9
564.8
554
557.2
556
560
562.7
568.9
564.2
571.9
569.6
575
575.8
568.5
569.7
560.5
559.7
561.2
558.1
564.2
560.2
560.5
563.2
566.6
571.2
574.6
579.2
570.6
572
577.9
567.1
563.7
563.4
561.9
558.9
555.2
561.8
558.4
560
575.1
570.7
562.2
562.2
573.6
557.9
553.6
557.9
551.3
561.8
562.2
536.8
559.9
560.8
563.3
562.7
568.5
566.6
573.6
564.8
562.1
555.9
561.6
560.2
561.1
559.8
558.4
561.9
565.8
562.2
563.2
566
572
563.2
563.2
562.3
559
559.7
553.9
559.5
562.5
562.6
554.1
565
563.2
570.4
571.2
576
573.6
565.6
563
557.7
562.5
570.1
564.8
554.7
563.2
560.8
561.3
564
566.2
564.2
570.7
566.4
564
571.2
559.4
555
559.3
551
559.2
553.9
563.4
561.9
555.2
566
567.2
569.8
571.6
567.2
566.1
565.1
562.8
559.2
554.5
553.8
558.5
562.6
559.7
559
561.1
564.6
562.8
568.3
570.6
572.2
570.9
563.4
553.1
559.9
560.6
557.4
551.6
554.3
561.6
567
552.6
563
567.4
565.2
566.7
559.9
559.8
560.3
560.3
558.7
563.9
555.1
556.7
549.3
563.5
562.2
566.6
564.5
566.4
565.8
560.9
554.3
556.9
554.2
551.4
553.3
553.2
553.3
560.6
559.3
558.8
564.8
568.2
568
560.3
560.7
556.8
554.6
552.7
555
557.4
549.7
561.6
559.8
561.1
561.4
561.6
568.3
567.6
562.8
563.8
556.6
557.5
553.2
553.7
551.2
555.3
552.5
562.2
559.8
562.5
563
562.7
562.7
560.5
558.2
556.7
553.2
550.8
547.7
549.1
549.6
558.2
558.6
558.4
563
561.4
565.3
561.7
560.5
559.5
558.7
555
550
545.1
550.3
545.1
552.8
557.7
565.9
568.2
560.3
571.5
562.9
566.8
564
559.7
555.5
555.4
556.3
556.7
553.6
558.7
562.6
563.5
562.6
564.5
566.1
567.4
563.9
558.6
561.1
552.6
555.2
556.9
557.8
558.9
558.5
562.6
565.6
561.4
567.4
559.2
567.4
566.8
567.6
553.2
563.7
557.5
555.5
557.7
559.7
558.9
568
562.7
560.4
563.8
568.5
563.5
555
556.6
556.1
557.5
550.8
551.3
556
555.7
555.7
558.6
564.6
562.7
563.3
560.3
564.9
561.2
554.6
550.9
554.5
557.4
551.7
555.9
556.7
556.9
563.2
559.6
562.8
562.7
566.9
562.7
561.8
555.7
557.7
561.3
553.9
556.5
556.6
555.3
557.4
559.4
561.5
563.5
565.7
565.7
560.6
561.6
558.4
556
554.1
557.1
556.4
550.5
552.1
558.2
554.9
557.8
567
556.7
558.4
563.3
563.3
559.8
556.4
551.9
547.8
545.2
549.1
559.1
561.4
555.9
549.8
552.3
559.8
561.7
560.5
558.3
559.4
554.3
551
547.3
546.5
547.8
551.1
551.5
553.7
554.7
554.8
564.5
563.8
559.8
560.6
556.5
561.9
554.5
551.4
556.6
554.5
554.8
556.9
560.5
563.7
563.1
556.1
566.6
561.7
565.3
560.1
550.3
554.8
552.7
555.2
559.9
554.5
557.9
556.9
554
563.7
567.1
567.2
560.4
564.1
550.5
553.4
551.7
554.7
560.9
555.3
557.1
553.4
558.5
556.1
558.2
562.3
555
556.6
555
556.2
554
562.5
549.7
546.7
548.2
555.6
563.2
557.8
552.7
562.5
558.9
556.7
560.9
554.3
557.7
552.8
548.7
552.8
551.9
550.9
549.5
553.7
553.1
557.5
559.8
557.7
562.2
556.4
562
559.8
553.2
546.5
548.5
548.8
552
546.7
549.2
554
556.9
561
561.4
560.3
557.9
559.6
555.6
552.6
554.5
551.2
550.9
558
555.9
552.3
558.7
557.4
562.7
566.7
561.8
557.8
565.4
558.8
554.8
548.5
554.3
555.8
550
554.4
563.7
564.3
563.1
566.1
559.2
555.6
562.9
552.9
552
557.7
554.9
551.8
548
556.8
557.7
552.6
551.5
559.7
558.8
562.5
560.1
566.7
556.8
558.6
554.1
555.1
557.7
556.1
551.3
556.2
556.7
558.2
561.7
561.5
564.1
566.7
559.4
564.5
561.7
560.2
546.3
556.4
547.5
552.2
558
557.1
557
557.8
559.5
559.8
560.1
560.5
555.1
549.4
552.1
547.4
543.8
550.2
546.2
549.5
554
554.9
554.8
564.4
561.5
554.7
564.9
557.2
555.5
549.4
550
555.3
549.1
551.2
549.7
552.5
553.7
559.7
558.8
560.2
561.7
559.9
556.8
550.5
551.1
548.9
547.3
555.1
547.8
545.4
556.2
550.8
553
557
553.8
557
557.7
552.8
555.1
552
545.4
550.4
549.7
554.3
553.5
552.5
553.3
550.6
559.7
560.5
562.2
556.5
554.8
555.5
550
549.3
549.6
545.5
545.9
551.7
551.9
557.7
560
557.5
563.3
558
559.5
552.6
554.6
552.5
555.4
555.3
553.8
555.3
555.4
550.7
556.2
560.9
563.8
568.7
559.8
556.5
554
550.7
551.8
556.1
546.5
552.9
553.5
554.6
558.9
553
562.4
562.6
559.6
566.8
562.2
560.8
558.4
558
539.3
558.4
540.9
543.5
558.9
549.6
560.4
559.8
558.9
556.1
566.1
557.3
552.2
553
553
550.4
556.1
545.8
552.5
552.9
551.1
567.9
556.1
558
562.4
554.6
560.6
556.7
556.6
558.2
556.8
549.9
554.8
552.7
552.9
546.1
562.5
556.7
563.3
557.2
561.6
557.5
554.6
554.3
549
550.4
549.9
548.9
551.5
548.8
551.4
552.2
561.9
563.5
557.8
556.2
550.9
556.4
555.9
547.8
548.3
547.2
547.2
561.4
547.7
557.4
557
561.1
557.2
561.4
553.5
555.9
554.3
555.6
546.4
542.8
548.3
545.1
549.6
550.6
551.5
558
560.8
559
553.8
559.4
559.7
549.5
554.8
556.7
543.7
550.7
548.1
552.4
551.2
552.3
553.4
553.2
557.2
555.9
560.4
554.9
548.8
550.5
549.9
552.8
550.4
548.6
551.1
550.8
556.1
556
550.3
562
555.2
558.6
555.1
554.1
553
548.6
550.2
546.1
549.7
546
545.1
548.2
544.1
555.3
562.4
559.2
561.7
554.8
553.3
553.7
551.3
549.1
549.9
553.1
553.6
554.7
557.2
556.9
563.4
566.2
564.6
567.2
561.4
564.3
559.1
554.9
553.8
558.2
554.8
556.6
557.6
548.7
560.9
557.5
558
562.3
556.1
560.5
553
550.1
547.8
558.3
550.2
554
555.2
553.5
550.1
554.5
555.8
554.7
564.8
564.6
563.1
553.6
555.4
555.8
552.7
552.6
549.9
550.4
555.2
560.6
561.7
561.1
559
564.6
557.9
561.3
557.5
558.6
553.5
554.9
552.6
556.5
550.7
564.3
556.4
567.3
553.2
562.2
557.9
560.5
560.8
553.4
550.5
547.3
543.5
556.6
557.9
556
555.5
550.3
564.8
558.7
566.9
563.2
549
559.6
558.5
547.3
550.7
555.5
554.2
556.9
551.2
551.6
559.5
554.1
568.6
556.9
566.7
556.6
556.3
551.8
553.7
540.4
552.5
554.6
551.7
553.5
554.9
553.8
557.7
553.9
555.2
562.6
559.6
553.2
557.1
553.8
556.3
553.3
555.3
554.8
550.8
548.5
550.7
555.3
556
563.4
558.2
559.4
553.4
543.3
552
553
556.6
549.3
555.2
553.7
556.9
558.7
559.8
561
557.7
560.9
552.4
549.1
549.2
559.5
555.5
553
555.1
558
553.9
556.8
559.2
560.2
565.1
561.4
564.8
561.7
558
559
550.9
551.9
550.6
548
549.3
552.4
554.6
555.8
557.5
561.9
558.5
563.7
557.2
563.6
555.7
548.8
552.1
552.5
552.8
554.3
555.1
558.8
563.8
561.8
560.2
562.1
560.6
561.5
556.9
554.6
554.8
546.3
550.8
550.3
552.7
557.8
560.8
559.2
566.3
562.8
562.7
561.7
554.3
553.9
551.1
559.4
553.2
555.8
555.7
554.8
555.3
554.5
553.8
562.5
560
561.7
556.1
554.7
559.6
555.8
552.9
554.8
555.8
551
555.5
559.9
560.9
558.9
560
566.9
567.4
556.2
561.2
561.7
550.6
547.7
549.1
546.4
555.7
550.9
548.3
557.5
554.8
554.9
560.1
559.2
557.6
559.3
553.2
549.6
551
544.7
549.9
547.3
549.8
551.9
561.6
559
555.8
560.1
565.2
560
555.9
559.5
555.6
551.8
554.5
554.9
554.5
556.4
550.2
560.1
560.4
563.1
560.6
565.9
557.5
553.8
548.4
548.6
553.2
547.3
544.9
547.8
549.3
551.6
554.1
566.1
557.6
562.3
563.3
557.1
555.3
548.7
547.7
545.8
548.8
551.7
546.6
553.8
552.2
551.8
525.2
558.2
556.9
561.5
555.2
553.5
552.5
551.6
547.2
549.3
550.6
547.3
550.6
559
559.3
554
559.2
557.4
551.6
554.5
546.9
551.8
545.1
558
547.3
546.4
548.7
554.8
556.4
557.8
560
562.9
556.2
556.2
551
547.3
550.6
545.8
549.9
543.5
551.8
552.2
559
560.3
556
555.1
556.8
564.5
556.4
552.8
558.9
548.4
558.3
546.4
551.6
550.2
555.3
554.5
561.4
550.3
565.8
564
557.5
562.2
558.6
557.4
558.8
553.5
550.4
552.7
553.3
554.9
554.9
562.5
559
565.4
560
563.5
566.8
556.1
559.3
553
554.8
551.1
543.6
555.1
553.3
550.9
557.5
564.6
558.6
554.6
561.5
555
558.3
549.7
550.5
553.1
553
554
554.4
550.3
551
552.3
553.6
558.6
560.3
554
554.8
560.1
558.6
547.6
549.4
540.5
544
545.2
548.3
550.6
556.2
557.5
557.8
558.8
557.6
553.7
555.9
550.1
548.3
545.9
555.4
550.8
548.6
553.5
552.2
556.2
554.8
558.9
563.5
565.3
561.6
556.9
556.8
559.5
552.6
546.4
541.8
554.5
552.7
554.4
558.8
556.2
563.8
562.8
560.3
558
559.2
550.9
549.8
565.3
543.8
553.1
553.8
551.8
547.5
558.4
555.6
554.4
566.3
563.8
553.1
561.1
553.5
555
548.7
551.6
555
553.5
549.9
551.4
552
556.5
553.7
557.9
560.1
550.7
549.9
552.3
549.9
546
548.8
547.2
549.5
553.5
548.6
554.6
555
567.6
564.3
558.8
567.8
551.3
555.2
553.4
554.5
548.7
550.3
552.2
550
552.5
554.9
553.5
557.9
556.7
565.4
558.9
560.4
550.4
542.9
547.8
542.5
549.3
549.7
551.7
550.4
550.8
561
552.6
564.1
569.6
559.1
554.2
564.3
554.1
555.2
552.5
554
554.3
550.5
556.7
556.9
557.4
554.7
565.1
561.9
566.4
563
551.9
560.4
553
546.3
550.6
546.1
542.8
553
552.5
556.1
560.5
558
559.7
556.2
558.4
552.2
551.9
548.4
554.3
552.8
548
546.5
549.2
553.6
562.1
555.1
553.7
556.7
556.7
557.3
554.7
549.5
551.4
548.7
549.9
542.3
546.2
550.2
551.9
556.5
557.2
556.4
560.5
560.8
552.2
551.7
555.5
551.7
546.5
547.1
553.2
547.9
553.2
555.8
560.7
556.4
556.4
554.9
561.4
556
550.8
552.5
547.7
546.5
551.2
546.4
555.1
559.5
550.9
565.1
556.1
560.3
559.2
557
559.8
549.7
556.4
557.7
555.2
559.1
553
554.5
549.1
552.7
557.6
556.3
562
560.8
554.8
558.4
545.7
554.3
549.1
548.7
544.3
550.1
554.3
550.1
555.5
552.5
563.8
563.6
559
560.8
551.2
551.2
552.3
551.2
549.9
547.4
546.5
545.7
549.2
558.8
555.3
558.9
559.9
552.3
551.2
551.5
549.9
547.9
551.3
540.1
551.2
550.5
552.2
553.2
561.2
553.7
556.4
562.3
552.3
557.6
556.4
546.5
549.5
549.4
550.7
547
549.5
550.7
552.6
556.5
551.8
559.8
558.1
557.2
555.9
553
552.7
550.4
543.4
539.5
550.3
551.4
551.8
550.9
554.9
559.4
556.9
560.1
556.6
555.4
557.8
550.2
551.1
555.6
546
549.9
548.3
561.9
552.6
549.5
558.3
558.4
558.4
553.7
552.4
556.4
550.7
550.8
552
550.5
542.4
548
548.8
556
553
560.6
559.8
560.3
559
557.1
557.3
549.6
550
545.3
548.6
547.2
553.4
546.2
550.8
555.4
556.3
557.8
555.2
557.8
554
555.6
552
548.1
550.1
549.4
547.4
551.2
553.1
560.6
552.7
556.2
556.6
557.9
562.1
556.9
553.8
549.9
552.4
552.7
554
542.8
543.7
553.9
553.1
559.1
552.5
557.7
560.4
558.9
555.9
549.5
557
549
547
548.1
551.7
544.8
550.2
553
559.5
558.9
557.2
559.1
559.3
555.9
557.9
553.1
549.4
550.3
550.9
548.6
548.8
551.6
560.2
560.1
559.6
559.3
555.9
556.4
557.7
551.8
550.9
552.1
547.4
547
550.6
556.6
559.5
557.9
558.3
556.4
557.5
562.8
559.6
556.4
554
550
556.6
548.8
544.4
558.3
556.1
554.5
562.6
553.8
560.7
561.9
568.3
554.9
557.4
552.5
549.2
548
544.9
552.9
554.5
556.4
554.9
563.3
563.9
560.9
562.6
556.9
562.1
552.3
553.3
556.6
547
555.8
554
558.9
560.4
562.9
557.9
569.3
566.2
564.6
557.8
557.9
559.5
559.7
557.9
550.4
554
555.7
558.2
554.7
559.1
559.8
565.4
563.5
567.2
557.7
558.5
557.9
556.7
554.7
553.3
552.2
556.4
557
557.4
565.5
568.4
562.7
566.6
559.1
567.6
565.5
558.5
560.8
554.3
550.3
550.3
552.7
558.3
552.2
566.7
554.3
564.5
562.2
565.9
564.6
554.6
551.2
559
551.8
550.1
553.5
555.2
550.9
553.7
550.3
556.7
562.5
563
556.2
559.5
554.7
551.9
555.5
552.9
551.2
548.4
552.4
546.3
553.9
558.7
556.9
560.9
570.4
563.3
561.9
554.7
558
560.5
554.1
546.9
551.1
552.7
550.9
548
561.3
556.1
562.8
562.5
564.3
555
561.5
556.7
549.4
548.6
547.2
557
552.6
547
551.6
554.6
558.2
555.4
561.2
561.6
557.9
565.4
555.9
557
553
551.4
545.2
552.7
554
549.2
558.4
554.9
554.7
560.9
564.5
560.7
556.4
559
547.8
551.2
550.9
548.6
547.5
553.5
560
555.9
558.1
559.3
562.5
562.5
556.5
560.8
557.2
555.3
556.6
550.5
551.3
552.8
549.2
556.1
551.7
550.6
562.1
562.9
556.9
559.1
562.4
561.3
559.1
556
549.2
549.8
553.5
553.4
556.5
550.4
561.5
555
560.1
564.9
559.5
560.6
556.4
558.7
555.1
553
552.9
549.1
551.2
555.5
554.1
562.4
561.5
560.8
562.4
558.4
560.9
556
559
552.8
552.6
551.9
549.6
552.1
552.7
558.1
557.9
563.6
560.9
562.4
562.3
557.8
559.1
554.6
552.2
547.3
552.2
551.5
546.3
556.2
555.6
562.2
559.8
561.7
564.2
561.3
563.1
555.3
555.6
552.9
552.4
553
547.5
549.7
555
555
554.5
562.1
558.9
563.1
564.6
561.6
558.5
559
556.7
552.3
551.1
551.7
552.3
550.3
552.7
553.8
560
561.9
562.7
559.1
559.7
562.2
560.4
553.5
553
556.8
553.6
552.5
559
548.8
564.3
562.2
560.6
562.2
563.7
560.4
559.4
553
552.4
553.7
555.4
550.9
551.4
551.4
557.2
553.9
555.8
558.5
560.7
559.8
566.4
557.6
558
549.4
549.1
552.5
553.2
550.2
553
553.1
556.2
555.9
560.2
555.6
559.6
560.3
562.9
555.1
549.9
556
554
551.4
553.2
559.5
549.3
556.2
565.1
560
565.6
563.3
565.7
558.1
556.7
557.5
551.4
556.1
550.9
550.9
560.2
548.3
561.4
559
561.2
561
560.9
559
555.9
556.2
559.6
549.6
551.9
548.4
552.5
557.4
551.2
558.2
560.6
564
565.8
564.3
556.1
557.7
559.5
554.1
549.8
553.4
550.2
545.1
553.5
548.2
558.5
556.6
563.2
562.7
562.7
565.1
557.2
559
558.5
552.3
553.9
554.6
553
552.2
550.7
559.5
562.5
563.4
562.7
556.9
562.2
561.7
560.9
550.6
554.8
555.9
549.6
550.2
555.9
557.5
557.7
575.2
563.8
565.4
563.8
563.5
561.7
556.4
547.2
555.7
556.2
556.3
556.3
555
556.5
559.5
560.3
564
561.7
561.7
561.7
561.4
557.4
552.8
550.7
556.7
550.5
553.8
550.9
553.5
557.3
556.6
569.6
564.5
561
563.8
555.6
552.3
550.7
552.8
548.9
550
553.5
554.6
557.1
559.4
564.2
560.7
563.6
561.4
555.8
556.6
554.6
551.4
552.9
548.7
554.8
553.4
556.8
555.9
563
560.4
569.5
560.8
563.6
562.7
558.5
554.2
549.7
549.5
549.6
554.6
553.5
558
559.8
563.6
566.3
560
564.5
558.4
554.1
556.4
553.3
551.5
549.3
554.6
554.6
549.1
555.3
558.5
560.7
561.2
562.8
561.6
560.4
564.7
554.2
551.3
555.3
551.8
553
548.5
548.5
551.1
555.6
559.5
560.6
565.6
565.1
556.6
560.4
563.2
557.1
552
553.1
556.5
550.1
554.7
555.9
551.1
563.6
563
557
560.6
560.7
559.6
560.6
555.6
557.8
555
552.1
548.6
550.8
553.4
553.5
560.9
564.3
565.4
563.2
563.3
563.8
554.6
559.4
555.4
551.3
551.7
552.2
556.6
554.6
554.6
558.9
563
561.2
558.4
563.3
566.3
554.3
555.9
547
552.4
550
552.5
547
552.7
555.5
557.2
559.6
563.7
563.2
564.5
559.5
553.1
559.6
556.7
555.1
553.4
546.2
551.2
554.6
558
556.4
559.2
561.1
559.9
558.2
558
558
557.1
558
550.2
554.7
552.5
552.2
553.3
555.1
560.8
559.2
568.6
560
563.9
562.1
550.2
552.8
553
553.8
549.9
552.9
549.1
553.5
555.1
555.6
561.9
561.9
560.9
559.4
558.5
554
554.6
553.7
554.8
556.2
555.1
547.5
552
560.3
556.4
557
559.1
563.2
563.1
562.1
549.7
555.4
549.7
550.6
553.1
551.9
549.9
557.8
561.2
558.4
561.8
564.1
559.8
557.7
555.2
559
556.4
547.8
544.1
551.2
549.9
548.5
554
556.7
558.6
561.4
561.2
561.7
559.7
563.3
553.2
551.7
551.7
555.1
548.9
555.9
552.7
551.5
558.3
554.4
562.7
563.5
564.6
558.5
563.4
557.2
549.9
551.9
551.5
549.4
548.5
549.9
553.5
555.1
556.5
558.3
559.6
560.6
562.5
563.4
557.5
554.2
557.6
554.4
546.5
552.7
550.6
548.6
548.3
556.4
558.6
557.5
564.6
568.2
560.6
561.2
557.4
551.2
556.6
552.7
550.7
551.5
555.1
557.7
556.3
556.8
567.3
560
558.9
559.8
560.7
553.9
551.7
552.5
549.7
547.8
554.9
551.7
554.6
561.9
560.3
564.6
561.2
561.7
556.4
555.2
556
552.7
553.7
548.2
549
548.3
554.1
555.2
561.7
562.2
566
565.4
560
555.8
555.6
551
546.7
555.6
554.9
554.6
557.2
551.4
557.7
557.6
560.2
564.1
562
556.4
556
555.8
551.2
550.5
554.8
549.4
548.8
553.3
551.2
556
556.9
563.2
556.5
557.2
554.8
557.2
550.4
556.7
552.9
550.3
557.2
547.7
549.7
557
555.6
555.6
561.8
564.7
561.1
559
556.2
553.9
553.3
544.8
550.4
554.8
547.4
559.1
557.5
551.4
559.7
560.4
558.3
555.6
562.6
551.9
549.7
554
542.2
548.7
551.1
548.8
555.9
560.1
542.1
562
563.3
559.2
556.7
554.1
553.6
551.1
548.4
550.4
552.5
549.4
554.6
552.2
555.4
562.7
557.8
559.2
560.6
560.5
555.6
536.8
554.1
545.4
553.7
554.9
552.2
551.4
557.6
555.2
557.9
556.2
562.7
564.1
553.8
552
554.4
551.6
548.6
546.1
549.4
553.2
544.9
556.2
552.8
560.4
562
562.7
555.9
554.6
550.1
548.8
547
547.8
546.9
558.5
553.5
552.9
560.4
550.6
558.8
555.8
559.3
555.3
556.1
555.2
553.8
551.1
548.1
549.4
550
555.6
551
555.6
553.7
559.5
561.3
559.6
556.1
560.1
544.6
550.1
550.7
550.7
546.7
550
550.3
552
558.4
552.2
555.4
560.6
558.4
561.6
559.3
550.2
545.8
549.6
549.2
544.4
548.7
548.1
553.4
554.1
555.4
557.3
561.4
557.8
552.7
557.5
556.4
549.2
550.4
549.4
547
548.4
553.9
552
555.1
557.5
557.7
560.9
562.2
559.3
555
558
549.2
551.3
549
544.7
552.3
549.3
551.6
552.7
556.9
559.5
555.1
560.4
555.1
554.6
551.5
547.3
547.3
552
546.5
546.5
545.7
550.9
554.5
555.7
555.9
557.7
558.9
562.5
553.4
555.3
551.2
554
552.1
553
546.7
550.1
548.5
555.9
561.7
563
564.9
560.3
561.4
549.4
556.3
550.7
550.1
547.4
544.1
546.9
549.5
555.4
562.8
561.2
555.3
559.6
563.9
558.8
551
553.2
548.8
550.4
549.1
538.5
548.2
545.9
554.3
558.2
559.5
562.4
561.9
554.6
559.3
551.7
546.2
547
547.3
547.3
552.6
552.2
553.1
552.6
554
553.2
559.9
556.5
558.8
557
548.8
552.5
546
548.9
549.1
551.6
549.2
546.3
558
555.3
560
557.2
561.7
561
559.5
550.7
553.6
553.3
551.7
551.1
547.2
548.3
555.1
548
556.7
554.6
558.4
559.8
559.4
557.5
554.7
549.3
551.3
548.3
549.9
547.7
546.8
550.2
551.2
556.4
561.6
558.3
560.4
559.7
556.3
556.2
549.5
549.8
542.1
550.6
547.3
551
548.2
550.9
555.3
559
563.6
555.9
561.8
558.1
557.5
555.3
545.2
548.1
552.8
550.7
549.2
552.2
548.2
553.1
555.1
557
558.7
555.7
551.4
564.3
552.3
552.1
553
551.6
549.6
549.6
550.5
549.1
559.3
551.2
556.1
560.1
558.3
561.6
561.5
558.7
550.1
554
548.4
555.6
545.1
553.6
548.1
553.3
555.4
553.7
563.1
554.2
555
552.9
554
552.5
551.2
554.3
551.8
564.4
543.1
550.4
555.1
555
558.3
563.7
557.5
563
555.5
555.1
551.7
553.3
553.7
549.5
543.1
551.7
543.6
551.4
557.4
561.9
571.2
558.9
558.5
555.9
562.1
551
553.6
552.7
550.4
549
548.8
542.9
551
553.3
556.7
561.9
558.6
561.1
551.5
550.6
551.6
540.2
552.7
548.6
551.7
541.5
548.6
549.3
558.5
556.9
553.9
558.5
547.3
553.4
554.9
542.7
548.3
551.7
548.8
550.9
552.6
554.3
559.1
558.5
551.2
563.8
560.6
557.2
554.2
552.3
554.1
547.7
550.9
542.1
552.2
541.9
550.4
550.5
555.1
552.1
558.3
562
550
549.6
546.9
546.8
548.8
548.3
547.9
542
538.1
552.1
549.4
553.6
554.4
553
557
556.2
553.9
551.1
549.6
545.2
550.3
551.3
547.9
549.2
547.5
550.4
554.8
550.8
559.3
564.2
563.8
561.1
551.9
554.3
547.1
549.9
551.7
545.9
551.3
548.1
550.3
551.5
555.9
557.4
557.5
562
558.2
551.5
555.1
553.6
546.9
545.8
546.6
551.9
550.8
543.1
550.3
554.4
551.4
551.6
558.3
551.7
549.2
547.2
547.8
546.4
547.1
544.4
546
543.4
546.8
549.3
549.3
551.7
551.2
552.5
552.5
550.5
544.6
545.9
544.8
549.2
543.3
548.2
546.4
540.7
548.9
558.7
555.3
547
553.1
549.9
548.8
546.6
545.2
546.5
549.6
548.1
549.9
540.3
552.6
550.5
557.6
558
554.2
554.2
558.2
556.3
549.9
548.3
549.2
543.7
548
548
552.3
547.3
535.4
554
559.3
560.3
558.9
555.2
554.6
545.9
548.4
547.6
548
549.8
548.6
550.9
546.2
552
547
557.2
558
552.1
557
544.4
553
548.8
549.9
542.8
544.7
547.6
548.6
549.1
552.3
552.7
555.2
556.2
553.8
552.7
550
551.4
547
551.2
544.7
546
552.5
546
548.1
551
559.3
554.6
558
557.7
550.7
553.5
553.1
549
546.6
541.9
543.4
550.2
544.7
550.3
553.8
547.8
557.1
561.5
557.2
555.7
549
551.7
544.3
547.8
544.9
547
544.5
549
555
549.9
553.6
558.2
556.9
562.1
553.6
549.8
550.5
551.5
543.4
544.7
546
547.3
549.9
543.4
548.1
557
555.7
558.4
556.2
556.4
553.9
549.6
554.7
548.6
548
545.2
548.1
548.3
550.7
543.9
558.5
558.2
558.8
550.4
557.7
557.2
554.1
548.3
547.7
551.4
549.6
548
545
549.1
550.7
556.9
559.1
557
562.2
555.9
548
546.8
549.4
554.2
544.7
546.6
548.8
544.9
551.9
550.9
558
554.2
554.2
551
555.4
550.8
550.3
545.2
546.8
544.9
548.1
546.5
544.8
557.1
553.9
561.1
553.9
555.3
560.1
553.9
555.3
547.4
542.9
545.1
543.4
546.4
542.6
551.5
546.5
549.6
554.9
559.4
553.2
551.8
548.3
552
545.4
543.3
548.6
543.8
548.1
541.3
552.4
556.2
548.3
552.5
549.6
551.5
551.6
550.4
552.9
546.8
540.1
546.5
548
547.7
546.7
549.6
552.5
557
557.8
557.1
552
549.1
559.8
547.6
552.2
547.9
549.2
542.2
548
547.6
548.8
555.6
551.9
550.2
553.4
559.8
560.9
549.5
547.2
548.5
549.3
546.2
544.4
543.8
548.6
550.8
552.6
555.9
549.3
555.1
557
559.5
561.2
549.6
553
553.1
545.9
545.9
546.3
544.1
552.4
554.3
549.3
554.3
552.2
559.5
559.3
558.3
551.7
548.6
545.6
548.1
544.4
548.3
547.5
550.7
555
547.3
558.1
558.5
559.3
553.6
552
553.6
552.1
551.5
546.8
551
547.8
549.1
545.3
547.6
550.6
554.1
557.9
555.3
554.2
554.5
549.4
550.3
552
546.7
543.2
547.9
544.7
550.5
555.3
555.9
555.9
559.2
558.9
562.3
556.7
554.6
555.2
549.1
542.1
545.8
543.1
552.2
546.8
544.1
552.1
555.1
562
557.8
560.4
554.7
548.6
550.8
545.8
548.2
549.6
547.5
545.3
546.7
548.3
547.5
552.5
557.7
558.6
558
559.8
559.8
556.2
550.9
545.8
549.2
550.4
543.8
556.6
550.9
553.5
553.9
551.7
555.4
559.8
559.2
555.7
545.9
553.4
543.2
554.3
547.8
551.7
550.7
548
555.2
555.9
558
557.5
556.7
560.4
555.3
554
548.4
550.7
548.6
545.6
545.7
549.8
549.9
555.7
553.3
553.8
554.1
558.9
555
550.4
550.7
547.7
545.4
545.9
549
545.9
551.1
550.3
553.5
557.8
563.8
558.3
558.7
556.7
555.2
551.8
548.8
549.7
543.5
545.9
547.8
552.6
555.5
556.6
555.2
554
554.6
558.4
555.3
552.4
544.8
548
551.5
548
546.6
549.1
551.8
556
552.4
551.1
559.8
554.6
553.3
555.3
547
548.5
549.2
547
545.9
550.4
552.4
551.5
540.5
556
556.2
554.9
563
557.7
553.1
549.4
547.4
546.2
544.9
546.9
545.2
545.8
551
551.2
555.3
560
560.7
555.9
561.8
552.8
550.3
550.4
552.6
546
547.7
544.9
548.3
550.3
550.7
554.5
559.2
558.6
557.2
551.7
552.5
549.3
544.4
548.4
545.9
547.8
550.4
553.7
551.8
558.7
557.7
558.2
557.6
559.8
555.9
552.8
553.6
547.8
547.3
551
547
551.6
550.3
556.7
548.7
560.8
560.4
563.8
561.7
554.9
550.7
550.6
549.9
546.3
549.5
546
543
546.9
549.3
552.6
555
552.5
556.9
555.5
551.4
554.9
555
547.8
546.2
550.5
545.3
551.2
554
551.2
560.8
557
555.8
557.1
559.6
556.7
554.9
550.1
543.7
548.8
545
547.9
548.9
552.4
552
558.5
555.6
561.2
554.7
556.2
552.3
549.3
552.8
544.9
545.7
542.5
548.8
548.6
554.2
553.8
553.2
562.9
550.6
557.7
551.1
557.8
550.5
548.5
552.3
550.1
549.5
552.9
548.3
547.3
554.8
555.3
558.3
558.2
559
559.7
560.5
557.2
545.5
549.9
546.7
548.2
542.5
550.8
546.2
551.5
556.6
555.6
556.2
564.4
556.9
557.4
546.4
548.6
553.8
545.2
552.5
554
547.2
553.6
557.5
560.2
561
560.6
559.5
558.6
548.5
554.6
539.3
550.3
539.3
541.9
541.9
544.9
544.2
552.5
551.4
556.4
554.3
559.3
553.5
552.2
548.7
546
545.2
545.3
545.1
540.3
544.8
550.4
546.9
556.6
558.2
555.3
557.7
554.3
550.4
554.5
544.7
545
546.5
542.1
544.2
544.5
542.9
555.1
553.5
551.7
554.9
557.5
554.8
553.9
559.6
551.7
550.4
552.6
548.2
545.5
550.9
550.1
548.7
557.2
552
552.6
549.4
553.8
550.2
556.5
547.7
546.7
542.3
546.6
544.2
552.4
544.2
544.1
551.9
553.9
553.4
552.9
557.9
556.6
554.8
550
544.6
544
541.6
546.5
544.1
547
542.9
553.9
554.8
556.8
557.2
554.7
542.8
550.7
545.2
544.4
541.9
546.7
544.7
553.5
551.2
551
555.6
559
566
561.4
558.2
553.8
559
545.2
553
546.7
552.5
550.5
545.9
551.7
553.4
553.5
555.4
551.5
559.7
560.8
557.5
552.8
552.4
551.5
543.6
547.2
549.1
546
547.3
544.9
554.4
554.1
554.5
554.8
558.2
558.1
555.2
556.5
556.7
548.6
548.6
543.1
550
549
552.5
559.6
547.3
552.1
555.1
560.6
559.3
551.4
550.1
549.5
548
549.6
551.4
546.4
548.9
549.2
552.7
557.7
557
560
559.5
555.8
551.8
555.9
552.2
548.2
548
544.8
550.5
552.1
549.9
547.9
554.3
561.4
562.5
555.9
555
556.8
553.9
549.9
550.2
555
552.5
550.5
552.8
553.8
549.6
547.4
549.9
557.1
554.7
558.2
554.6
552.2
548
548.1
549.9
552.2
547.5
552
554.3
553
554.3
550.1
555.6
555.4
551.9
556.4
547.3
548.6
542.9
544.2
545.4
541.9
547
543.1
546.4
547.7
551.8
555.8
554.9
554.5
555.5
550.6
543.2
544.2
545.4
540.9
546.5
544.1
554.8
552.7
546.3
557.1
556.5
555.9
551.1
550.2
552
550.5
549.8
542.8
544
548.1
543
543.8
554.2
545.8
557
556.4
564.6
558.7
552.6
553.3
551
552.1
547.8
549.6
545.8
548.4
553.7
557.4
555.2
553.7
556.6
563.7
561.7
558.4
551.1
554.1
555.9
551.7
549
551.4
551.1
551.3
549.4
556.1
557.2
561
554.8
557.4
555.9
551.2
550.2
546.9
551
550.8
547.8
551.9
550.9
553.2
553.8
556.2
557.6
561.6
562
558.1
553.8
552.4
546.7
550.7
549.6
550.5
549.1
549.2
551.8
554.2
553.5
558
559.8
561.2
560.6
554.1
556.8
553.8
546.6
549.4
543.5
553.8
555.6
551.1
556.4
554
562.2
549.5
555.1
561
558.8
553.5
542.8
549.1
551.5
548.6
551.7
554
547.3
555.4
552.9
557.5
558.7
556.4
551.5
553.4
550.1
544.2
543.5
543.4
554.9
544.5
545.5
546.2
559.8
553.7
556.3
555.7
565
557.4
554.3
551.8
553.6
547.1
546
545.8
550.7
547.4
554
556.2
559.3
562
563
557.5
553.7
545.2
545.2
550.7
548.8
550.8
554.2
552.4
554.7
554
555.8
555.3
560.4
562
556.9
558.6
556.4
554
552
549.8
550.2
549.6
550.7
552.6
553.8
556.9
556.4
560.9
558.2
560.8
563.8
558.8
549.7
554.8
548.8
548.5
552.7
555.8
552.1
553
552
557.3
563.6
561.2
553
554.5
552.1
548.2
551
548.3
548.4
555.1
545.9
551.4
550.1
555.1
553.4
559.6
554.5
561.1
556
553.3
552.4
550
548
548.2
552.8
550.9
549.1
553
552.5
556.8
561.2
560.3
554.6
560.2
557.3
550.9
557.7
550.8
551.7
548.3
551.8
555.1
551
557
557.9
559
563.5
564.5
560.6
557.8
555.4
553.7
553.6
550.8
550.7
547.4
549.4
553.1
549.1
557.5
561.4
560.1
564.2
552.1
553
554
548.8
547
555.2
548.5
552.2
544.5
553.3
560.5
560.3
559
563.2
562
565.7
550.3
556.6
557
552.4
551.1
545.4
545.1
547.8
551.4
553.9
555.6
557.3
555.6
557.4
557.6
557
546.9
556.4
552.7
548.3
543.9
546.9
552.4
553.4
559.7
554.7
563.1
560.8
559.6
557.7
552.8
555.7
547.4
553.1
553.3
543.9
555.6
551.3
549.3
551.1
560.6
559.9
565.5
566.2
557.9
554.1
559.9
556.9
555.2
548.8
554
550.5
553.5
551.4
556.9
559.8
560.4
550.4
565.4
561.4
558.9
554.1
554.1
551.9
552.5
548.3
549.1
553.2
560.7
560.2
563.2
563.4
562.7
564.1
561.7
558.1
559.6
556.7
552.8
544.9
551.2
554.6
552.7
553.2
559.3
563.1
566.4
545.9
565.3
556.2
555.2
556.4
551.9
551
550.6
548.3
551.1
557.7
554
557.5
560.1
573.9
557.5
559.6
565.7
554
556.4
553.4
549.7
553.4
553.5
552.6
550.3
560.9
558.6
559.1
560.4
566.6
558.9
558.6
554.8
562.4
545.2
552.4
549.9
550
553.1
552.5
557.2
555.8
559.8
554
568.8
550.9
552.5
546
560.2
552.5
552.4
550.7
557.6
558
557.5
555.9
559.2
557.9
565.3
564.9
565.8
556.4
552.8
552.1
552.8
551.1
554.8
550.8
555.1
555.2
561.2
563.8
565
562.1
560.6
567.8
556.9
555.6
553.5
551.5
549.5
546.3
553.1
553.1
560.7
552.7
563.2
565.9
559.7
565.1
563.2
562
556.8
555.2
551.5
551.3
556.5
552.9
552.7
559.8
561.2
560
560.5
566.6
561
558.3
556.9
557.9
557
554.8
554.8
554.2
552.8
556.2
556.9
558.5
557.5
567.5
564
564.5
562.7
561.2
564.1
556.5
552
555.2
554.5
554.9
556.6
562.4
560.9
562.1
562.9
560.2
560.1
549.6
557.9
558.3
551.2
552.3
556.3
550.9
553.7
552.9
557.9
565.6
562.3
560.4
565.9
565.9
564.3
560.7
555.7
558.8
556.3
551.6
555.3
554.3
553.8
556.4
562.9
561.9
565.2
562.6
564.6
562.5
559.5
559.7
554.4
553
555.1
550.4
555.6
549.6
562.6
567.2
567.7
559.2
567
565.4
562.5
562.6
556.2
554.1
552
551.5
553.5
556.4
557.7
559.8
560.5
560.9
561.8
562.4
559.5
563.2
557.9
553.5
550.8
552
551.1
549.6
553.5
559.8
559.5
560.8
561.2
561.1
564.3
561.7
559.8
554.7
555.9
551.9
552.5
548.6
555.6
552.3
558
557.7
558.7
559.6
561.1
556.5
560.7
553.8
555.1
554.8
556.7
555.6
551.5
554.6
554.3
555.3
559.4
556.6
563.9
569.3
564.3
555.9
558.4
560.1
556.9
555.3
551.7
552.6
548
560.6
559.7
561.7
564.4
564.3
566.3
562.3
560.6
557.3
559.4
554.4
551.5
552.3
556.5
549
554.5
554
562.2
562.7
561.9
565.9
561.4
569.8
563.2
556.9
553.9
554.3
553.5
556.8
548.6
552.9
553
564.3
568.5
563.6
569.8
570.4
562.5
561.3
554.4
557.1
551.9
548.8
552.1
553.8
557.1
554.9
557
559.9
566.7
567.5
560.4
565.7
557
560.2
554.9
555.3
559
551.4
551.6
550.9
555.3
559.6
565.6
560.5
563.2
564.1
559.3
562
557.8
561.2
553.5
554.6
559
555.6
554
558.4
558.6
563.4
561.4
560.5
564.3
560.4
561.9
559.4
558.7
549.7
549.4
553
557.3
558.1
561.4
561
563.4
563.4
564.6
563.2
568.5
559.5
556.1
553.4
555
553.9
551.5
556.3
553.9
561.5
560.4
563.8
564.2
563.4
559
560.3
563
554.5
554.8
559.5
553.3
554.4
553.4
550.3
556.4
560.8
558.2
565.9
565.9
563.6
563.8
562
559.6
555.6
551.9
560.2
553.9
552.2
553.6
557.2
558.2
562.4
560.4
564.4
561.2
558.9
564.8
554.3
555.1
553.1
552.4
553.4
557.3
552.5
557
564.6
563
566.4
564
561.6
565
568.6
561.2
558.1
555
555.3
551.9
555.1
560.6
559.1
563.5
564.8
562.5
564.2
567.5
566.7
562.5
561.3
557.2
558.5
556.8
554.5
560.4
556.4
563.5
559.5
566.3
562.7
571.3
565.2
561.7
564.9
558.8
558.2
559.5
561.5
557.6
551.5
554.9
559.4
564.3
563.8
569.5
567.1
563
563.3
561.9
556.7
557.7
556.2
563.5
555.5
556.9
555.6
561.6
567.3
569.1
565.6
571.6
568.5
565.9
561.5
560
554.6
551.7
553.6
557.1
556.2
557.1
560.1
560.4
562.4
561.1
569.3
561.3
561.4
560.2
556.3
553.5
564.3
557.9
556.7
556.4
560.9
557.4
564.6
563.4
571.5
568.8
568.9
560.8
561.4
557
557.5
560
561.8
554.3
560
558.6
561.2
570.7
565.2
566.7
566.4
568.4
568.5
556.6
561.4
555.3
552.4
555.9
555.5
560.1
558.7
560.4
560.1
564.6
566.7
564
567.1
562.7
562.7
555.9
558.8
555.3
554.6
558.4
553
559.8
564.6
561.5
570.4
568.4
563.4
568.3
566.2
562.7
559.1
558.7
554.2
552.2
556.8
556.9
561
561.9
565.4
565.8
570
566
567.1
562.3
563.4
561
556.4
560.9
557.7
558
559.5
560.2
565.2
568.2
565.7
574.2
566.7
568.4
556.8
559.7
554.9
556
555.9
560
561.6
556.1
558.5
562.2
565.5
562.8
565.1
567.5
564.3
564.9
553
556.7
552.5
556.6
553.2
556.1
558.8
555.1
567.3
565.5
569.6
573.8
564.4
564.8
560.4
557.7
557.1
555.6
554
555.8
559.4
562.4
562.2
564.8
563.5
568.8
568.4
567.3
567.5
563
562.5
556.7
565.1
562.9
558
558.6
559
561.1
566.4
567.7
568.9
570.4
567.1
566.3
565.9
565.3
561.5
558.2
557.7
556.3
554.9
561.7
567
565.5
567.9
571.5
565.5
569.5
568.9
567.8
562.2
560.9
558
561.7
556.5
557.8
557.9
558.6
563.6
566.2
564.5
565.9
565.6
564.4
566.4
560.4
560.8
560.4
560.6
563
554.3
556.2
556.6
560.9
565.1
571.7
566.4
560.6
565.6
571.2
559.5
562.9
558
563.3
554
550.5
561.5
563.6
567.8
566.8
564
570.9
568
570.4
561.4
562
561.9
563
560.4
557.9
555.6
556.2
561.1
561.7
565.9
567.5
570.1
570.7
567.2
564.3
563
559.8
558.4
558.2
559.5
553
556
556.6
561.9
562.3
573.4
576
569.1
568.8
565.6
563.8
562.4
554.4
556.3
557.6
556.9
554.4
562.4
564.2
568.2
564.6
575
564.1
564.9
561.9
558.2
560.8
557.5
557.5
560.1
554.3
562.4
559.6
566.7
570.9
567.2
569.9
565.1
567.2
571.7
567.3
560.1
562.2
556.7
561.7
558.7
559.6
564.1
566.1
563.5
565.3
566.3
569.7
567.5
565.1
562.7
563.3
553.6
554
555.9
560
560.9
559.8
562.9
569.7
566.9
569.5
567
567.2
561.9
563.8
559.2
558.7
557.7
560.1
558.6
565.9
565.1
563.7
565.8
561.6
571.5
567.5
563.6
563.7
566.9
558.8
557.2
560.6
557.2
556.4
558.2
557.1
564.5
563.3
564.3
572.4
571.4
565.2
566.5
560.1
562.4
559.3
558.2
558.7
558.7
562.7
564.1
562.6
563.8
566.8
570.1
565.9
560.6
565.4
557.8
558.3
557
559
551.5
566.9
563.5
567.4
565.1
569.8
569.9
568.8
573.5
567.5
568.3
567
563.5
558.4
560.2
561.6
557.7
554.6
557.7
561.8
562.4
566.6
570.1
559.2
562.4
566.7
553.8
558.1
557.7
548.9
559.3
560.9
564.3
560.8
566.7
571.8
571
565.1
568
566.7
565.1
560.9
555.2
559
557.4
554.4
559.3
560.3
565.9
563.2
566.1
566.9
568.5
567.5
564.8
563.5
560.8
560.7
561.1
559.6
555.4
560.2
558.4
560.5
570.7
567.4
564.8
575.6
571.7
571.4
563.6
564
560.1
560.5
562
553.8
562.7
560.9
556.9
558.3
563.8
568.3
566.4
570.8
567.3
563.9
560
561.4
560.5
558.7
560.2
557.1
555.4
562.5
561.6
570.7
569
568.8
566.2
568
566.9
560.4
555.2
559.6
562.5
558.1
560
563.4
564.2
566.2
570.9
560.9
571.5
566.2
571.3
571.9
561.2
554.3
558.8
555.3
558.5
557.2
562.7
562.5
568.3
570.3
569.3
567.4
566.8
565.3
563
554.8
559.9
554.5
556.5
559.9
558.3
564.2
568.9
566.1
560.7
569.9
567.7
569.3
569.7
558.6
559.8
557.9
559
559.6
554.3
557.7
560.8
565.9
566.7
565.8
567.2
572.3
564.7
565.1
562.1
561.8
558.7
561.2
557.8
558.1
564.2
564.5
564.3
565.7
565.9
568.5
569.4
567.5
563.4
558.9
556.7
556.4
559.3
560.2
554.1
559
561.4
566.7
566.9
568
564.6
569.7
564.6
567.6
556
557.7
563.5
556.4
559
557.2
556.9
562.6
566.4
564.6
569.3
569.9
570.2
576.8
566.1
568.4
562.5
565.1
559.5
558.8
558.6
563.1
561.6
566.1
568.8
567.4
569.7
565.8
565.5
563.5
564.6
560.1
566.7
560.3
560.3
564.6
558.7
563.6
559.8
568.5
569.8
567.1
567.1
562.4
567.1
565.6
560.5
557.6
558.2
556.4
553
557.3
561
564.9
565.6
570.2
566.4
566.4
568.5
563.4
561.1
556.2
556.6
556.4
557.4
554.6
559.3
564.3
565.1
565.6
575.5
572.3
565
571.9
567
562.9
567
559.3
557.4
562.7
561.8
561.1
561.6
565.9
568.2
564.8
567.2
568.8
568.4
566.9
556.6
559.8
557.8
565.1
559.2
561.1
561.5
557.6
560
564.2
570.8
570.4
565.9
562.1
561.8
558.6
562.4
560
561
561.9
563
563.4
561.6
560.4
561.5
573
564.5
573.6
564.5
562.7
557.5
564.6
561.7
556.5
561.8
560.3
559.7
564.5
565.6
566.7
571.8
576.2
568.4
566.4
559.3
558.5
558.8
557
563.5
561.7
556.9
557
558
567.5
565.1
563.7
563.8
567.4
564.7
563.1
556.9
556
559
561.8
558
559.6
563
564.2
560.8
566
569.1
568.3
572.8
568.4
567.2
563.8
560.1
559.1
557.4
557.7
561.4
554.2
562.8
561.3
565.6
563.9
566.4
570.9
567.2
564.7
562.1
556.6
557.2
557.9
555.7
557.2
562.1
563.4
571.4
568.5
568.2
565.7
563.4
568.4
562.1
564.8
556.7
556.6
558.4
558.1
561
563.2
564
566
567.2
567.7
570.7
567.7
565.4
566.2
558.7
558.5
559.5
558.2
555.5
560.6
562.3
563.1
567.5
567.5
570.8
568.9
574.7
569.3
564.6
558.7
559.4
559.6
560
559
554.5
555.1
560.9
569.1
570.1
570.1
572.6
572
563.3
563.3
565.5
568
558.9
555.1
560.3
559.3
562.4
567
564
569
571.1
571.6
565.3
568.2
560.9
561.5
553.7
558.7
554.8
562.9
559.2
559.8
566.9
567.5
568.2
571.5
570.3
569.1
568.2
563
560.6
560.3
559
557.4
552.9
563.1
564.4
567.2
568
569.5
574.1
568.8
566.8
558.8
564.9
555.1
558.1
560.5
560.3
556.6
564.7
569.3
567.2
567.2
567
568.5
573.7
568.8
561.8
560.6
559.1
560.8
554.2
554.3
557.1
556.9
560.6
567.6
562.9
572.3
565.4
563
565.8
562
563
558.7
558.8
559.5
559.7
560.6
562.7
561.9
566.3
564.3
565.4
570.6
570.6
563.8
563.2
557.8
555.9
563.9
558.1
551.5
557.2
559.6
564
563.2
568.3
574.7
570.2
575.9
572
570.1
565.9
558.5
562.2
569.9
561.1
563.4
565.8
565
570.1
576.6
572.3
573.8
572.4
573.9
567.5
563.2
558.2
562.4
561.6
562.3
560.5
559.2
563.5
572.2
571.4
570.9
578.4
573.1
574.1
572.7
565.8
562.6
560.4
558.2
562.6
561.5
562.4
567.4
567.8
570.3
577.3
574.6
572.8
575.5
566.7
569.7
562.1
564
565.4
560.8
558.5
559.3
567.4
561.4
566.1
565.2
564.6
566.2
566.7
565.2
559.7
561.2
567.9
555.1
568.3
563
563.5
564.7
567.9
572.8
577.1
576.1
575
568.7
568.3
565.4
565.6
563.4
562.5
558.7
565.4
565.3
563.5
569.2
569
563
578
569.9
568.3
565.2
560.6
559.5
564.3
563.3
558.2
556.2
564.6
561.7
568.8
565.8
571.5
570.5
567
566.7
566.5
565.4
556.9
556.6
558.6
557
556.3
564
562
562.6
568.6
564
570.5
566.9
569.6
560.4
559.7
557.4
562.8
557.1
559.3
559.9
559.3
564.2
565.7
572.5
571.2
572.9
569.9
566.9
558.1
560.6
558.2
561.8
566
558
562.9
563.5
565
572.2
570.9
580.4
568.1
570.8
574.6
569.4
568
563.9
560.3
562.1
563.4
559.8
564
567.1
567.4
572.7
575.2
571.9
573.6
570.4
568
571.7
564.2
564.2
565
560.3
561.8
570.1
569.7
568.1
573.5
575.9
571.5
573.6
567.9
572.6
574.1
561.7
563.1
563.7
566.2
568
561.5
568.4
564.1
570.1
574
565.6
573.7
568.5
569.3
555.6
557.6
569.3
558.4
561.9
561.3
560.7
557.6
564
562.6
565.2
569.5
568.5
569.6
561.9
563.5
560.7
561.3
563
559.5
558.2
556.5
561.6
559.8
566.2
570.1
565.9
566.5
571.7
572.5
563.3
556.7
560.6
562.5
558.9
560.9
558.8
565
571
568.2
569.6
564
570.6
567.4
569.6
565.8
554.9
566.9
561.6
567.4
563.3
567.7
572.6
570.9
576.6
573.4
574.1
571.7
569.3
567.2
562.6
564.3
561.6
564.8
557.5
564.8
568.2
571.9
563.6
576.4
577.5
572.7
573
565.2
568
567.4
566.1
560.3
562.4
559.3
563.5
566.9
563.7
563.5
561.4
565.8
573.1
567.5
569.8
562.4
560.9
556.9
557.7
554.7
559
557.6
560.6
560.6
561.2
568.5
569.2
568.4
572
568.3
571.7
569.9
562.2
563.2
562.9
562.9
564.3
568.3
559.7
570.5
567.2
570.5
580.5
572.5
575.4
571
563.2
566.9
565.3
561.8
563.5
566.9
562.4
562.7
560.6
565.1
566.7
572
568.8
568.4
571.5
568.3
559.9
563
558.2
559
562.5
564
567.3
565.4
564.3
567.4
566.1
568.5
566.2
566
569.9
564
564.4
560.9
564
563.7
562.6
562.1
567.2
572.7
578.6
581
574.1
573.4
566.5
568.8
567.7
566.4
564.4
565.8
561.5
562.6
568.4
574.2
573.9
581.4
572.5
570.1
576
570.4
568.8
568.8
566.2
563.3
562.5
565.1
565.8
565
565.3
566.3
570.6
573
571.2
578.7
568.3
562.5
558.5
562.3
562.8
562.2
560.1
559
568.6
573.3
570.4
570.2
570.1
569.7
566.2
566.1
560.2
568.4
564.4
567.9
561.5
566.1
568
564.4
571.5
571.1
574
579.9
563.2
566.2
567.3
567.4
566.8
562.8
563.3
565
566.6
565.9
565.5
560.9
572.6
566.6
569.9
569.9
572.3
570.9
563.9
559.7
566.2
552
562.4
562.1
559.7
566.5
564.6
572.4
576.7
567.5
569.7
567.2
568.3
557.4
565.4
555.8
560.6
557.6
570.2
554.6
565
567.1
567.6
563.8
569.8
571.6
566.3
563.5
556.3
558
564
556.4
556.3
564.3
567.7
569.8
567.9
571.9
565.4
567.8
569.4
571.2
565.5
570.1
557.9
565.5
550.8
565
563.1
566.1
565.7
569.1
569.4
577.3
571.4
575.2
566.7
564.6
566.6
557.7
562.2
565.9
556.6
563.9
546.6
567.4
567.3
571.4
570.4
569.2
569.1
571.7
565.6
561.7
563.8
565
558.3
552.4
556.1
564.4
561.1
570.3
568.1
568
569.9
568.2
559.7
564
560.5
561
554.3
557.6
558.1
557.7
560.7
568.3
564.9
567.5
568.7
569.4
565.6
568.3
561.8
558.9
557.3
556.3
555.6
558.3
560.8
560.9
562.1
566.6
567.8
571.4
565.8
569.6
565.3
560.1
561.7
557.1
558.3
559.3
558.5
560.8
560.3
566.1
570.7
569.8
570.2
568
562.4
565.1
559.1
558.8
558.8
558.8
553.3
557.7
561
565.9
562.8
564.2
569.3
568.2
564
564.6
562
560.2
554.8
555.8
560.6
557
556.7
556.4
559.5
556.9
569.3
570.2
567
562.6
565.3
564.5
562.2
555.6
559.3
554.8
553.1
558
557.1
545.6
562.6
563.2
567.6
567.2
568.5
564.6
557.5
556.7
559.8
565.2
560.9
560.7
560.1
561.7
564.9
562.7
571.1
567.4
570.7
572.2
569.5
565.1
561.8
557.1
565.2
558.5
559.4
550.8
564.3
566.7
563.5
567.7
563.5
571.8
571.9
569.6
571.7
562.2
559.4
559.2
561.9
552.4
562.4
561.4
564.8
564.3
571.6
569
571.1
573.2
569.8
568.2
563.5
562
558.7
559.8
560.2
560.4
563.6
564.3
565.4
569.9
573.1
575.2
572.6
569.4
566.4
561.8
561.2
554.7
564
561.7
556.1
560.2
564.3
567.5
571.2
568
569.9
566.2
572.6
568.5
569.3
560.6
559.3
556.9
557.5
561.1
562
562.4
568.6
570.2
569.8
571.8
569
569.3
572
561.7
555.9
567.1
559.5
560.7
564.2
563.7
564.6
562.6
570
567.9
571.6
566.4
571.2
560.7
565.5
562.1
561.9
558.6
556.7
559.7
564.7
561.5
563.4
567.5
569.9
566.7
565
564
559
563.8
559
559.4
557.8
559
563.1
564.2
564.5
565.5
566.1
572
568.3
569.2
566.5
567.6
566.3
558
559.5
562.6
562.2
563.8
566.7
560
568.4
572
568.6
568.3
572.2
567.4
558.1
557.8
559.7
557.6
556.1
561.7
553.7
558.2
570.2
563.4
563
563.2
575.3
560.9
565
562
561.1
568.7
556.2
560.1
558.2
561.3
564.6
573.6
570.5
570.4
572.3
569.8
571.9
569.6
566.1
561.7
552.5
562.7
565.6
559
560.6
565.8
567.5
562.2
569
570.5
565.9
567.4
565.9
560.1
563.4
560.9
562.5
558.5
562.6
562.6
565.3
563.2
565.1
571
569.5
567.7
570.4
567.8
561.5
555.9
557.7
564.4
560.1
558.1
559.9
555.5
559.8
568.7
565.4
573.1
571.1
565.4
559.9
567.4
562.2
561.7
551
557.7
557
560.7
562.5
563.9
568.2
571.6
571.9
567.2
568.3
566.1
562.1
558.2
563.5
561.8
561.5
552.4
563
562.9
555.2
571.8
569.9
564.9
562.6
571.1
571
563.7
566.6
561.3
556.7
562.5
555.4
564.4
562.5
563.2
566.2
563.5
559
567.1
567.7
565.1
567.7
562.4
557.9
560.1
555.8
559.2
557
560.8
562.8
562.5
565
570.1
570.1
567.9
565.1
561.2
562.6
555.5
557.2
559.7
559.4
550.8
560.5
558.7
564.1
564
565.3
569.2
565
568.6
563
557.2
555.4
555
558.8
556.1
557.9
566.1
560.4
569.1
566.6
569.8
571.2
571.2
568.3
559.8
558.9
558.9
554.8
558.9
561.8
561.8
564.6
563.5
569.5
568
571.5
574.2
564.9
565.8
561.7
557.2
558.8
554.1
559.3
558.5
559
563
563.3
569
564.8
571.4
570.3
567.2
560.4
562.7
565.9
557.7
554.8
556.4
556.9
561.9
560.5
564
567.8
566.8
571.1
569.9
564.1
561.1
555.6
555.3
556.4
558.5
560.6
558.9
560.3
564.1
566.4
570.6
568.9
557.7
560.6
556.7
558.6
555
551
551.4
560.6
551.7
557.4
556.1
566
561.8
564.6
565.1
566.4
566
559.8
566.2
566.6
561.9
556.1
557.7
559.1
553.2
557.2
565.5
559.5
565.3
567.8
569.3
566.1
565
558.1
561.7
556.4
561.5
553.7
558.5
555.1
557.9
562.9
558.2
569.6
565.8
569.1
566.4
568
560.6
556.1
554.9
557.9
555.8
556.4
552.1
560.7
560.3
561.6
565.6
567.6
573.2
572.3
566.9
564.2
559.3
557.7
557
556.4
556.7
560.7
563.2
560.6
564
568.1
570.7
565.6
566.5
560
562.2
563.5
561.1
560.6
552.4
558.4
556.9
558.5
562
561.9
563.2
567.2
571.4
566.9
557
559.3
556.6
556.6
560.4
557.7
556
559.2
564.3
564.9
568.2
566.8
571.1
570.3
565.2
562.5
554.2
563.1
556.9
559.5
553.2
555
559
558.4
560.3
565.8
567.4
572.6
569
562.8
557.7
568
556.3
556.5
553.9
556.9
557.3
554.8
556.9
561.4
560.7
563.6
567.8
570.7
563.1
560.5
561
561.1
556.6
552.2
551.5
556.9
554.9
559.4
562.7
558.7
565.5
560.3
567.8
559.8
557.1
557.2
552.9
557.2
552.2
553.9
556.6
553.8
566.5
570.5
568.3
563.7
563.8
560.6
565.7
558.3
557.7
553.2
554
551.1
553.5
553.3
553.2
555.5
555
564.3
573.1
560.8
569.6
562.3
562.8
551.9
554.3
552.3
556.9
557
552.3
558.2
561
561.8
568.2
570.7
560.8
570.7
564.1
558.4
553.5
558.7
558
548
548.8
555.1
559.7
560.7
561.5
566.4
567.8
564.8
567.9
565.8
558.7
553.8
554.8
552.8
553.9
554
553.7
558.9
558.2
560.2
563.1
567
561.9
568.4
555.8
565.8
556
555.2
551.7
557.3
551.4
554
556.6
555.9
557.1
566.1
564.8
561.7
567.3
555.5
555.9
554.8
551.8
551.4
557
550.3
557.5
551
559.5
560.6
561.6
561.1
563.8
562.5
559.8
558.2
555.9
560
558.5
556.4
555
554
555.5
564
562.3
562.5
563.9
564.8
564.1
559.7
560.3
562.6
553.6
557.8
557.7
555.7
554.1
552.8
556.4
566.7
566.7
570.8
566.6
567.1
563.3
557.9
563.2
554.5
557.9
557.1
555.5
552.8
554.3
556.4
558.5
565.3
566.7
563.2
567.2
561.7
564.2
557.9
554.1
558.5
554.2
549.1
551.4
552.8
558.8
557
558.5
557.6
564.3
571.3
562.1
566.7
557.8
552.5
557.8
555
553.5
552.2
556.4
564.7
559.7
564
566.4
567.7
564.2
561
560.1
560
553.4
557.4
555.1
556
554.1
552
556.1
557.7
561.4
560.5
566.1
567.1
560.1
556.1
559.3
556.4
551.9
552.4
553.2
551.8
551.3
551.8
556.9
558.2
562.4
561.9
565.9
566.1
563
561.8
553.6
558
555.6
561.2
550.9
554.3
560.2
556
559.3
565.5
564.2
565.6
565.4
561.5
558.5
558.4
555.7
552.7
553.8
556.9
560.3
555.9
559.8
565.2
559
563.5
569.9
562.6
561.4
559.3
558.5
557.4
551.9
555.8
555.7
555.3
553
557.7
559.7
561.6
559.8
566.1
562.8
563.8
557.4
559.5
553.4
558.7
551.6
547.8
553.2
556.7
554
562.2
562.8
565.6
567.1
566.2
562.9
561.1
552.2
555.1
553.3
551.5
549.7
554.6
556.4
559.5
560.6
563.3
564.9
562.8
558.4
562.5
556.5
557.4
553.9
555.1
552.2
549.4
551.2
559.7
553.4
562.4
558.7
560.8
564.3
566.3
561.1
559
562.5
554.3
553.5
546.7
553
549.8
557.7
555.5
559.5
562.7
559.8
559.4
560.4
560.7
554.9
549.3
557.3
554.3
552.6
555
555.1
555.9
560.8
558.1
560.5
566.6
564.7
566.6
564.1
556.9
550.9
552.4
551.1
552.1
551.1
555
552.8
557.7
561.3
565
564.9
564.8
565.6
564.5
561.9
557.9
559.7
556.1
555.4
558.1
553.4
557.9
560.1
559.9
558.3
564.5
564.1
563.6
558.9
557.1
557.2
556.4
556.1
557
556.9
554.8
556.3
561.4
564.3
562.1
568.1
565.6
564.6
559.1
554.2
553.2
556.7
553.8
557.6
554.8
553.8
555.1
553.3
554.9
554.8
558.8
567.3
559.1
553.2
556.8
557.3
558.3
557.4
554
550.4
548.1
552.2
552
554.6
558.5
565.4
566.5
561.3
557.4
554.5
554.1
555.5
554.3
555.9
553.7
553.6
558.4
572.7
567.5
565.5
565
557.7
558.5
560.6
555.4
557.8
555.8
556.5
553.8
554
550.6
553.5
549.8
559.9
561.4
565.1
559.8
563
559.3
559.6
556.1
557.7
549.3
550.4
550.9
558.1
560.2
561.4
560
559.7
563.6
561.8
561.7
560
559.3
559
551.5
553
551.4
550.5
555.9
558
556.7
560.3
555.3
560.3
556.6
555.5
552.6
556.6
550.1
548.9
549.4
549.5
552.6
562.6
