2017-01-01 00:00:00.000---2017-01-01 23:59:59.999
593.2
592.5
592.1
593
597.5
592.7
605
594.4
600.6
606.2
594.9
597.7
602.2
597.6
597.4
588.7
591.6
590.9
589
593.1
601.9
600.6
599.3
600.6
598.7
604.2
595.2
595.5
593.9
597.6
586.7
595.8
587.8
585.6
592.4
589.4
597.5
602.3
602.4
596
590.9
592.6
597.5
588.4
592.8
593.6
585.9
589.8
583.8
597.9
598.1
594.7
599.3
599.7
597.9
599.9
593.2
591.2
588
592.8
588.3
588.9
589.5
590.3
585.5
600
596.8
598.4
601.5
595.6
593.8
590.5
592.3
591.1
592.8
583.2
592.8
597.4
592.2
599.4
595.4
592.9
600.4
599.5
590.6
593.5
589.1
591.6
588.8
583.7
593.9
589.5
586.1
591.7
600.7
599.2
593
594.2
595.9
595.8
594.3
589
587.4
588.3
584.9
588.1
581.7
586.7
591.1
593.7
595.8
593.1
597.8
598.2
591.5
589.2
585.5
586.6
589.6
589.9
588.8
584.3
590.7
594.4
590
596
596.6
596.8
595.2
594.5
592.3
585.7
585.3
584.5
583.5
586
580
583.8
590.6
597.1
596
592.4
585.9
593.9
595.6
589.5
581.1
586.1
585.5
584.1
580.1
581.3
580.1
584
588.6
590.8
592.8
595.7
595.4
585.8
595
589.5
585.8
586.6
578.7
577.9
582.6
585.2
583.8
597.1
591.7
592.1
593
596.7
590.6
592
581.4
584.1
582
585.1
584.7
579.7
589.8
596
588.1
592.3
593.8
592.2
590.3
585.3
587.2
581.8
584.2
582.3
577.7
584.3
579.9
585.2
583.8
590.3
588.1
592.9
591.9
588.2
592.8
584.8
581.5
585.3
588.9
584.2
581
587.5
585.5
588.5
586.4
590.9
588.4
590
587.5
585.2
588.3
583.1
578.9
580.9
584.1
578.3
581.7
582
587
587.7
588.5
594.2
591.1
594.4
587.3
585.3
581.4
581.4
580.3
579.5
572.9
585.7
586.3
584.3
586.2
593.3
593.3
596.6
590.1
580.9
581.4
583.8
580.3
581.8
582.9
579
591.1
583.7
588.6
576.7
593.7
588.1
584
590.1
578.3
584.4
577.4
581
577.5
579.8
575.9
573.9
580.9
583.5
587.9
592.1
598.1
585.5
593.7
587.9
585.9
580.3
580.5
583.5
580.6
581.8
579.4
577.2
583.6
589.5
593.9
588.5
593.8
582.4
588.4
585.1
586.3
575
576.6
579.9
575.6
583.1
581.4
579
586.2
590.1
599.2
588.1
588
579.5
581.4
581.4
580.5
583.9
575.8
581
576.8
574.1
588.1
587.1
576.3
588.8
591.3
579
584.8
586.1
585.9
582.1
577.6
572.2
583.1
580.7
574.5
582.8
579.3
584.3
586.8
586.5
584
582.1
579
578.7
582.6
575.9
579.8
571.8
576.8
580.5
580.5
581.4
582.8
584.8
591.3
583.1
583.2
582.8
581.2
576
572.9
570.7
575
572.1
578.4
574.5
581.9
581.8
584.5
588.2
585.8
575.4
577.9
582.7
574.8
583.8
572.8
579.3
577.5
581.1
584
583.8
586.2
583.8
587.7
584.2
583.9
583.7
584.5
585.5
576.8
579.9
579.2
572
576.2
578.3
579.9
587.1
579.1
582.3
589.4
586.6
575.3
575.9
578.4
573
571.8
582.2
576
574.9
576.3
579.4
585
580.7
582.7
581.4
586
579.2
568.4
578.9
578.1
574.2
581.9
578.5
574.4
575.8
583.3
579.9
580.5
582.7
586.3
578.8
578.3
583
573.9
578.3
572.3
572.7
570.9
568.3
579.8
577.1
580.3
580.5
584.5
580.4
583.6
583.4
576
577.7
571.3
573.6
573.8
572.9
578.5
575.5
577.4
582.6
590.1
576.2
582.7
576
576.6
575.5
578.5
573.2
581.7
572.1
570.7
573.4
571.7
574.6
577.6
581.4
580.5
578.7
579.5
574.4
571.2
571.8
567.9
575.2
573
577.5
574.4
577.1
581.8
595.9
584.6
577.1
580.8
580.4
583.6
573.5
571.1
577.7
573.6
574.5
568.1
581.4
571.6
578.1
576
582.6
579
580.3
584.1
579.6
573.4
581.9
576.2
577.3
569.5
568.6
571.1
577.7
570.3
571.3
574.6
580.5
581.5
581.7
577.7
572.8
569
574.8
568.5
574.3
572.6
567.3
574.5
575.9
581.2
574.6
576.4
577.9
583.9
585.7
575.9
570.9
572.5
565.5
571.8
573.9
574.3
573.2
577.1
576.9
578.8
577.7
581.7
579.9
575.9
577.2
571.1
573.1
575.4
566.8
572.1
568.4
562.9
573.1
578.2
580.6
580.8
575.3
581.4
575
568.9
562.4
571.1
569.3
576.4
569.5
573.8
575.5
579.4
573.3
577.4
578.1
582.2
575.5
572.1
576.3
566.6
568.1
571.1
566.5
566.8
568.5
571.6
577.2
578.3
581.9
573.2
581
577
570.4
574.9
571
570.4
567
569
561.1
570
573.9
570.9
578.3
579
579
576.6
565.5
573.3
570.2
571
565.6
568.1
568.5
565.7
568.8
566.9
573.5
575
575.3
574.1
577.3
576.5
577.5
569.8
565
566.1
566.7
566.3
565.5
564.1
565.1
567.2
570.7
571.6
578.4
578.6
578.2
572.6
574
574.1
569.7
566.9
559.5
564.1
563.8
568.4
566.9
572.4
571.6
574.8
577.2
576.4
571.6
576.7
575.6
571.5
566.6
569.1
568.9
566.1
563.2
570.6
575.1
572.1
581
576.6
576
573.7
566.8
570.2
572.9
558.6
562.4
562
567.8
572.7
570.5
567.9
570.6
572.2
579.3
574.4
575.6
569.8
570.5
569.6
566.7
563.8
565.6
568.1
572.1
567
572.2
566.8
575.2
580.9
579.3
572.1
569.7
565.2
564.6
566.4
562
567.7
564.4
570.6
571
573.1
575.2
578.6
572.8
576.8
568
567.9
569.7
564.9
571.5
561.4
566.9
560.2
571.7
571.2
573.4
569.5
577.3
576.9
570.9
574.2
566.3
558.6
561.7
563
563.5
564.2
569.1
564.8
576.6
572.9
573.5
572.8
571.8
572.6
565.2
563.8
565.6
565.5
572.3
569.3
561.7
563.1
568.4
567.3
569.7
577.4
576.4
569.7
577.6
574.4
570.5
564.3
563.7
565.5
564.8
557.5
564.2
573.9
572.3
569.1
583.3
576.9
570.5
569
571.2
566.5
554.1
565.4
568
562.7
562.6
561.9
563.7
568.3
573.6
569.7
568.9
561.8
571.4
587.7
568.8
565.5
566.5
564.2
565.1
554.8
566.2
566.8
562.3
574.7
572.1
575.2
571.6
573.6
569.2
570.8
569.1
567.1
566.8
565.4
575.1
572.9
561.3
567.3
575.2
569.8
575
574.6
575.3
572.6
570.7
566.5
563.1
562.8
563.5
561.3
566.6
570.5
566.1
568.1
571.6
569.3
575.7
572.7
568.2
568.3
556.8
564.6
562.9
562.3
563.6
559.2
565.8
567.8
575.2
568.1
567.6
578
568.3
571.2
557.7
564.9
567.3
560
562
559
561.7
560.6
558.9
567.2
569.7
566.1
570.1
568.9
566.8
573.1
558.9
562.1
568.2
557.1
559
559.9
563
568.4
566.6
576.6
567.9
572.7
572.1
574.5
566.2
566.1
565.5
561.2
559.1
558.8
564.2
567.3
569.5
570.1
568.6
573.5
573.9
571.9
567.6
573.2
563.7
562
566.1
562.5
560.5
566
561.1
566.9
566.8
573.5
564.9
570.4
574.2
565.6
560.6
556.4
561.5
558.6
565.2
562.4
564.8
565.3
564.6
568.4
571.1
564.6
570.9
572.1
567.9
571.3
561.1
558
559.2
554.9
563.7
559.5
559.1
564.3
566.3
568.7
573.5
570.9
570.6
569.6
563.9
559.5
559.3
554.1
559.3
557.8
559.3
569.3
563.1
564.2
572.4
573.4
569.3
568.5
574.1
566
565.3
564.1
559.8
558
563.1
565
569.1
559.5
568
570.1
564.1
573.4
568.9
561.7
561.7
567.4
565.6
564.1
564.1
560.5
556
564.7
570.4
567.2
570
576.5
570.4
567.9
564.6
557
561.1
558.3
559.8
555.9
551.9
558.5
561.8
560.7
566.6
569.6
568.1
569.9
566.3
568.8
564.8
564.5
554.5
555
558.7
562.6
552.5
556.4
561.1
563.9
565.9
570.1
573.2
565.3
565.7
559.2
563
558.7
563.7
559.2
564.9
557.1
563
560.8
566.7
570.9
565.9
570.5
568.2
561.8
564.5
561.6
550.6
558.7
559.5
564.4
561.9
561.6
567.4
568.8
569.6
569.8
570.5
569.3
563.6
563.4
560.3
561.1
561.1
557.5
560.1
558
564
564.5
567.4
571.3
566.6
570.1
562.4
561.7
558
565.4
556.6
562.5
558.9
558.8
555.4
562
567.2
570.3
574.9
570
560
568.4
558.1
560.2
561.5
561
555.9
558.7
562.3
564.6
569
569.9
574.6
575.8
572.8
569.7
572.3
561.2
558.1
557.4
562.5
554.1
563.3
561.1
560.4
574.4
566.7
567
566.7
568.2
562.1
569.8
561.7
558.1
559.2
557
558.4
556.2
563.9
564.1
566.6
568.9
561.6
564.4
569
568.5
564.3
563.5
562.8
559.3
561.6
553.2
559.9
563.5
559.2
563
563.4
569.3
566.6
565.3
565.3
563.9
563.4
561.4
557.7
554.4
557.9
555.4
558.4
559.2
566
562.9
571.2
571.3
571.1
561.4
566.5
562.6
565.5
558.2
557
556.6
557.5
558.6
555.4
559.2
563.4
565.4
571.2
565.6
559.8
565.5
555.6
561.1
558.2
556.2
558
557.6
556.2
560.6
561.7
564.5
564
570.5
565.1
562.8
556.7
564.7
554.3
557.3
557.8
554.5
553.7
559.2
564.1
562
566
564.8
566.7
562.5
566.6
563.5
554.7
557.6
554.9
556
556.1
557.7
557.6
567.3
570.5
567.6
566.4
571.7
566.5
562.9
556.4
560.9
557.9
558.9
554.1
556.4
556.3
560.6
562.3
567.8
568.4
567.2
570.2
571.2
561.1
557.6
563.5
554.6
557.4
555.3
555.6
555.6
559.9
563.9
562.6
571.4
566.5
568.3
562
562.6
562.7
556.5
556.6
548.4
550.6
554.9
563.7
558.9
567.9
570.2
564.9
560.8
564.3
566.3
561.1
560.7
555.3
556.2
557
551.5
553.3
564.2
558.3
560.8
566.9
568.1
563.9
566.1
557.6
559.8
558.5
554.4
558.8
553.3
561.6
555.9
556.8
561.7
559.7
562.4
565.8
569
567.4
565.1
562
556.6
557.2
550
554.5
562.6
559
558.3
559.5
560.4
563
556.6
564.6
566.5
560.4
567
561
557.1
565
552.1
557.1
563.2
545.2
560
564.9
568.4
567.1
566.5
561.6
561.7
559.5
559.5
553.3
549.7
549.4
554.9
554.4
563.3
560.8
563.7
567.5
570.4
563.7
566.8
556.6
555.9
558.6
560.4
552.3
561.9
557.3
558.8
562.2
560.2
563.7
564.2
565.7
562.9
564
560.6
553.3
554.5
555.1
556.5
553.3
553.5
561
561
568.1
558.7
565.4
562.2
562.3
560.7
555.8
557.4
558.5
555.1
554.9
550.5
560.7
557.8
559.5
559.5
559.9
564.9
563
555.5
563.4
554.3
553
553.7
550.8
550.6
550.6
555.6
560.7
559.5
560.5
565.1
561.4
563.3
562.8
563.2
557.7
551.7
562.7
552
552.6
550.1
556.8
560.7
557.1
561.6
562.1
565.4
569.8
561.4
558
562.6
557.5
553.2
553.5
553.3
554.3
551.3
555.4
561.6
563.9
557.6
564.6
561.2
560.3
554.5
559
554.7
557.5
556
557.4
553.4
548.3
552.2
552.4
556.8
557.6
558.7
564.9
567.3
561.4
561.4
556.6
556.6
554.6
552.2
554.6
554.2
551.7
560.5
560.8
565.2
565.7
563.8
565
563.7
560.9
558.7
556.2
558
553.7
550.8
548.7
555.1
554.7
560.2
560.7
563.5
569.4
555.4
562.6
558.8
552.6
556.8
556.8
559.8
556.9
545.3
553.1
553.1
563.7
559.5
560.6
563
562.1
557.6
567.4
560.4
559.9
550.9
550.1
557.3
556
553
557.8
554.5
561.2
560.4
564.1
569.4
564.5
564.6
558.1
554.7
555.6
549
551.3
550.6
561
558.6
566.6
563.6
558.2
563
563.2
556.7
556.8
557.2
551.3
555
552.9
554.6
552.5
558.7
562.6
566.1
560.8
564.2
564.4
559.2
564.4
557.1
551.9
555.7
552.1
549.8
548
551.5
547.2
562.4
563.3
567.7
563
565.6
565.8
562.6
557
557.5
554.5
555.1
549.8
559.2
555.9
556.7
563.5
560.2
571.1
557.6
568.1
556.7
563.5
554
560.4
554.9
546.5
548.4
549.7
551.7
552.8
558.5
560.7
559.4
569.3
561.7
562.7
559.1
556.6
552.1
553.3
549.9
552.9
552.2
558.5
554.6
560.6
560.9
566.4
560
552.2
553.1
553.8
560.9
555.2
556.2
555.2
555.4
552.8
559.7
557.8
557.6
561.5
561.1
563.1
562.4
560.8
555.2
560.4
555.9
556.1
562.4
559.2
555.3
553
556.3
560.6
564.3
561.5
569.1
561.6
561.1
556.2
556.4
552.8
555
549.6
548.4
549.9
547
556
557.3
558.7
563.7
563.7
569.5
560.2
555.8
551.7
552.5
549.3
547
551.7
553.3
551.8
556
562.6
559.4
565.6
564.1
564.8
562.7
559.1
559.8
549.6
553
551.6
556.3
553.3
550.9
553.3
557.9
563.9
556.8
563.1
559.9
560.9
554.2
553.7
555.2
553.6
552.3
553
553.4
551.2
561.3
557
565.1
560.6
562.3
563.5
559.9
552.8
559.2
555.8
554.4
553.6
554.9
550.5
550.3
547.6
563.9
565.7
564.4
568.4
562.1
555.6
560
554.8
552.9
549.5
552.7
551.2
554.3
556.1
556.6
565.2
565
566.5
559.7
562.2
557.5
555.8
551
548.9
552.1
546.7
550.2
554.6
555.4
557.9
562.9
567.8
564.6
565.4
558.1
556.1
558.5
552.8
554.7
551.3
553.1
549.4
553.2
553.6
561.3
562.3
554.3
560.2
567
560.3
556.9
550.1
549.2
553.8
551.4
552.3
557.8
557.5
556.9
559.5
566
560.8
561.4
555.7
555.4
549.6
550.6
558.7
550.8
549.4
548.4
556.8
554.4
553.8
558.5
560.2
560.5
567.4
561.2
556
558.3
550.4
555.6
553.4
546.8
557.1
554.9
558
558
557.5
558.8
564.5
557.3
558.4
554.6
554.9
550.3
548.8
544.3
545.5
552.1
554.6
550.6
555.9
559.7
559.5
561.2
558
555.3
555.3
556.3
549.8
552
547.8
548.2
551.7
554.1
546.1
559.2
563.6
556.5
555.6
561.4
563.2
561.3
554.9
558
555.7
550.5
552.7
553.5
551.4
554.5
554.2
557.9
563.3
560
564.4
558.6
555.7
556.2
550.5
549.9
544.6
552.4
548.9
549.7
556.9
560
560.7
559.3
562
558.2
555
553.9
550.9
553.3
548.5
552.4
553
553.9
550.9
567.6
564
564.6
561.3
570.1
561.1
556.9
556.2
552.2
547
551.5
552.4
550.9
553
557.8
559.6
556.5
558
560.2
561.2
556.1
569.9
553.6
546.7
553.3
551.2
553
548.8
555
557
555
564.4
563.9
562.1
565.4
556.9
557.6
548.2
553.9
550.9
551.4
555.2
553
554
553.6
559.1
559.1
566.4
560
553.6
560.7
557.6
552.6
553.8
548.3
551.6
546
549
553.7
553.1
557.1
565
562.9
558.6
559
558.5
562.3
549.6
556.1
556.1
545.8
544.8
554.4
552.8
559
557.4
562.7
561.7
566.4
558.2
549.5
548.9
548.9
554.2
548.5
550.4
549.7
554.9
556.5
559.4
556.2
554.8
560.8
559.6
560.7
550.9
552.7
547.9
546.7
552.3
546
551.2
553.5
555.7
561.9
557.6
563.4
556.6
558.8
556.1
560.2
555.3
553.1
548.7
550.8
548.2
553.1
553.9
553
554.5
561.4
561.2
567.3
563.6
553.3
559.2
561.7
556.9
549
552.1
548.7
549.9
554.4
556.6
557.5
560
559.8
562
556.9
557.1
559
546.2
554.2
552.1
546.7
551.8
553.5
554.9
550.7
560
559.1
560.1
556.2
553.1
558
553.1
551.2
550.2
550.3
550.4
551.4
555.2
555.1
556.4
555.8
561
557.5
565.6
555
559.8
556.1
545.3
547.9
548.1
548.3
548.7
556.2
554.1
554.3
571.2
562.7
558.7
551.4
558.6
550.6
556.1
554.2
546.9
554.7
555
544.9
547.6
555.7
559.4
560.9
564.4
579.2
554.2
554.9
547.3
557.7
553.6
555
552.1
556.4
548.4
558.6
562
560
562.3
563.7
563.8
558
554.4
553.4
551.4
549.3
547.5
549.5
546.2
548.7
552.6
563.7
556.4
560.2
567.1
559.9
564
557
555.7
553.2
548
551.8
553.3
552
551.4
555.6
554.2
567.4
562.8
560.5
560.7
556.4
556.1
560.1
550.8
555
554.4
549.8
552.8
555.9
553.6
556.3
559.9
560.5
559.2
567.6
558.4
560
556.8
564.2
555.2
553.8
540.8
556.4
551.9
562
554.7
560.2
558.2
565.4
557.6
556.2
555.5
552.9
551.3
545.8
548
559.1
546.4
553.9
563.4
555.9
559.2
567.5
557.4
568.3
559.1
562.9
552.3
559.6
557.9
552.5
548.8
559.3
556.7
560.9
564.3
560.3
564.4
565.9
565.3
563
559.3
554.9
552.6
554.8
547.8
546.2
558.3
553.2
556.9
562.3
565.8
561.6
566.3
558.7
557.4
562.5
559.9
554.9
554.7
554
552.1
558.1
558.2
553.5
554.9
562.6
565.9
563.9
562.5
563.8
560.1
552.4
557
555
560.7
548.4
554.1
561.5
557.6
561.4
563.6
558.7
566.1
558.3
554.6
559.7
563.4
552.4
557.5
559.2
555.6
556.9
553.8
552.2
563
563.5
564.8
567
561.3
556.1
553.3
553.3
555.7
549.9
557.8
550.3
555
558.2
558.8
553.6
562.8
556.4
559.2
561.2
562.5
561.7
553.2
554.7
560
556.6
556.8
550.6
554.7
558.5
556.7
554.7
565.6
567.8
558.7
561.5
555.4
560.4
552.7
552.3
554.3
553.5
552.1
560
552
562.9
558.5
558.6
563.4
556.6
556.4
551.9
551.5
548.5
548.9
549
547.2
550.9
555.2
558.6
559.7
561
561.8
560
563.6
554
555.1
550.9
548.5
553.4
550.3
554.4
548.3
556.5
550.9
552.3
556.2
566.1
560.9
558
561.8
559.6
556.5
545.2
560.6
559.7
553.7
555.9
556.4
554.9
557.9
558.5
556.4
562
559.5
553.8
560.2
553
550.8
557.7
551.9
555.6
545.4
555.7
550.2
555.2
562.3
554.3
551.1
558.7
557.9
556.6
548.4
551.3
552.9
556.2
552.8
553.4
548.3
564.2
560.5
559.2
564.6
566.3
560.6
563.7
553.6
564.2
556.1
553.1
552.4
548.5
555.2
559.7
565.7
563
558.7
565.5
569.5
566.1
555.8
542.4
555
551.8
555.7
552.3
548.6
553.2
557.7
560.7
562.6
566.8
564.3
563.5
558.9
554.6
554.7
553.7
553.7
560.4
555.7
556
548.3
550.6
558.6
559.9
561.2
563.4
560.6
555.6
554.9
555.7
555.7
552.6
554.3
558.5
552.6
559.7
553.8
559.2
568.3
565.5
568.8
563.4
565.9
558.4
558
551.2
550
552.1
557.3
552.2
553.7
558.7
564.8
558.4
560.4
559.2
564.5
559.6
556.3
557.6
550.3
553.4
550.9
555.2
543.1
561.1
555
561.7
563.9
565.9
561.1
559.3
566.2
557.5
559.1
558.7
554.9
552.5
553.2
556.8
561.8
560.2
560.5
560.2
557.6
556.2
560.1
559.9
559.1
556.2
553.9
553.2
556.4
548.7
559.4
556.9
563.1
561.7
562.8
566.3
561.4
568.4
563.1
557.2
549.3
550.9
551.7
553.2
556.5
546.7
553.6
558.8
561.3
567.2
560.7
571.1
564.4
560.6
551.1
555
551.1
554.2
555
562.8
554.7
561.5
563.7
559.1
563.2
560.6
568.6
559.7
558.5
555.2
557.1
549.3
551.7
553.9
555
553.4
554.9
560.4
571.5
560.2
563.9
568.3
561.5
562.8
562.5
553.4
553.2
556.3
556.4
556.1
557
557.9
565.8
556.4
565.4
566.7
566.4
558.6
566.7
558
551.6
555
557.3
561.3
552.8
553
559.8
558.4
562.7
566.1
566.2
567
563.4
559.4
558.3
555.9
558.3
548.1
551.3
559.2
550.8
560.2
564.4
562.7
565.1
560.7
564.1
564.2
562.5
557.6
558.1
552.5
556.9
553.8
551.3
562
564.4
561.4
570.5
562.8
557
560.7
560.1
554.7
555.6
558.6
560.2
557.8
556.2
554.9
554.8
553
555.6
559.1
572.2
568.2
562.3
562.2
556.9
559.1
562.8
559.2
558.6
552.1
551.8
556.7
558.4
569.4
566.4
564.2
569.1
569.5
554.4
554.8
561.5
545.8
555.2
557.1
553.7
552.8
556.4
562
564.9
563.1
568.8
568.1
561.4
564.2
553.8
560.7
556.9
553.5
553.2
556.9
555.3
563.4
558.5
563.5
560.9
564.1
566.6
565
564.4
558.2
556.1
556.3
549.8
557.3
556.4
558
554.2
562.6
562
564.2
558
563.7
562.1
559
556.5
550.3
558.3
548.9
555.4
557
563.4
563.7
559.1
560.3
562.7
567.7
565.4
564.8
549.6
556.1
555.7
547
555.6
550.7
556.6
553.8
557.1
561.2
564.8
569.5
564.5
566.8
561.2
563.5
563.4
550.3
557.3
551.5
552.5
557.6
558.5
556.5
563.5
560.7
562.5
559.5
559.3
567.4
563.5
560.8
559
558.8
561.6
553.7
554.6
564.3
558
558.8
567.8
563.9
566.3
565
570.2
563.9
560.4
562
550.7
556.4
555.9
548.6
554.9
556.4
560.4
564.8
564.4
575.7
563.7
562.2
567.4
556.2
561.1
560.8
548.5
556
557
556.7
558.1
560.9
560.8
564.7
567.5
561.8
565.3
558.8
549.9
550.1
549.3
554.8
550.4
556.9
551
559.6
566.3
567.9
567.9
567.1
565.3
561.5
563.5
558.3
554.3
553.6
553.3
552.5
556.1
566.2
561.7
565
563.5
563.4
564.8
563
564.2
560.6
561.1
558.5
554.2
553.9
553.3
557.5
564.3
562.3
557.3
566.5
558.1
567.4
562
568.9
554.2
565.1
547.5
552.4
551
557
558.5
559.5
558.7
561.1
566.9
568.4
567.7
568.3
563.3
563.8
555.6
549.2
550.1
553
554.6
555.4
556
556.7
557.3
568.6
568.9
567.7
565.1
558.5
558.9
557.1
557.4
551.4
558.7
556.2
565.1
560
567.1
562.2
567.9
564
565.5
569.8
564.3
559.5
557.3
555.9
555.3
558
559.5
558.4
558.6
561.2
559.9
565.6
566.3
565
559.9
560.4
554.7
557.3
564.9
558.5
558
556.8
556.1
558.6
564.8
561.8
564.7
571.9
567.2
559.9
559.8
560.9
558.3
557.3
553
554.2
560.5
560
558.8
564.4
566.4
567.3
565.6
564.5
562.3
566.5
558.9
555.7
561.6
555.6
553.9
555.7
559.2
558.5
563.8
568.1
570.1
561.1
566.8
558
558.2
557.5
559.9
557.5
556.8
552.2
559.6
556.5
558.5
566.7
566.9
565.8
567.5
564.7
561
556.6
559.9
553.5
560.4
558.4
554.8
548.5
559.9
560.6
566.1
561.1
568.3
570.5
564.2
559.2
553.9
556.5
560
552.3
553.5
553.9
555.7
556.9
556.4
566.6
566.8
567
566.2
566
565.9
558.1
554.3
558
556.2
553.9
555
558.3
561
560.4
568.6
557.3
573
561.2
566.5
558.5
556.3
563.3
555.4
564.2
548
552.6
555.1
561.5
559.9
560.6
566.8
561
567.2
564.9
555.7
553.8
559.2
561.3
555.3
553.1
552.7
556.8
558.7
567
554.8
569.5
566.4
564.8
562.4
557.1
558
558.6
554.6
551.8
554
554.6
555.3
563.2
568.1
569.8
564.5
563.4
564.4
567.9
564
556.1
552.6
552.9
556.8
559
552.3
565.7
561.4
567.2
573.9
564.1
560.9
564.3
561.3
558
559
553.1
560.9
556.3
553.5
552.2
558.1
567.6
565.7
561.7
562.9
568
567.7
553.2
558
555.4
552
555
557.1
560.9
559
561.3
563.2
565
558.6
555.2
559.5
558.1
558.6
557.5
548.7
549.6
550.2
550.9
547.2
555.3
561.3
561.1
559.8
563.6
563.3
556.5
556.6
548.3
554
550.8
554
556.3
559.7
550.2
564.6
562.3
560.1
560.6
568.3
563.7
562.8
553
555.2
553
558.3
552.3
550.1
555.5
554.8
558.3
553.8
568.7
566.2
561.9
570
554.9
553
555
558.1
556.5
548.3
551.2
553
553
556.8
560.2
559.8
559.2
564.8
557.5
551.7
553.7
556.1
552.3
554.2
550.6
550.5
556.2
554.1
554.6
565.5
558.5
561.4
563
563
560.6
553.3
555.6
552.1
552.5
552.1
539.7
547
556.2
561.6
557.8
560.8
560.4
561
563.8
560.5
556.3
560.7
556.2
547.8
552.9
550.1
551.8
574.4
552.6
563.5
564.5
565.5
561.4
559.9
559.2
557.8
552.3
557.2
554.8
554.5
560
557.9
562
556.1
560.3
560.4
563.7
564.9
560
565.9
560
562.9
552.4
549
546.1
550.7
553.3
556.8
551.6
557.6
562.8
563.4
564.5
561.6
554.8
560.3
561.4
557.1
552.7
558.3
553.1
556.3
551.6
557.8
560.7
559.8
565.7
563.8
559
560.2
558
547.8
550.1
554.6
551.3
554
553.7
557.2
557.8
562.4
567
563
563.2
563.8
555.9
562.5
561.1
556.1
553.3
550.7
555.4
558.3
556.8
554.9
567.5
563.5
562.4
570.5
566
555.2
555.1
557.1
552.8
550.6
550.8
558.9
554.4
555.5
561.1
559.7
563.4
561
563.5
561.3
559.1
559.3
557.8
555.7
553
555.3
557.4
557.5
559.2
559.7
560.6
566.6
561.1
565.3
561.4
561.4
559.5
554.6
554.9
557.7
556.9
550.5
559.1
559.7
559.1
559.9
568.4
565.6
562.8
563.1
555.9
556.1
555.6
560
555.6
546.3
553.4
550.4
557.8
557.8
565.6
564.9
566.4
569.3
563.4
562.9
557.7
562.9
555.6
547.7
551.4
549
549.5
556.3
561.6
563.5
566.1
560.3
559.4
560.4
561.3
556.6
554
553.8
552.6
549.3
552.9
550.1
555.9
557.5
567
565.5
560.6
568.3
560
556.9
556.2
552.5
550.4
550.2
553.7
551.4
557.1
554.4
557
558.3
553.7
568.3
560.9
559.5
555.5
556.6
559.2
556.9
553.5
551.6
548.2
550.6
560.4
564.9
564.2
562.8
559.1
553.8
562.7
557.5
551.5
552
555.7
550.9
561.5
552.8
557.6
553.1
563.5
561.8
562.9
563.6
561.9
555.9
556.5
553.2
552.6
549.6
549.1
553.3
550.6
559.3
559.2
562.7
561.4
559.7
553.9
556.5
551.5
547.7
551.1
552.5
554
556.1
555.2
552
559.3
564.2
560.8
563.5
559.3
556.6
558.8
558.1
546.5
556.6
553.4
554.6
546.6
555.1
562
557.3
552.8
563.8
562.7
559.2
560.2
554.1
555.7
552.9
555.9
549.9
549.1
552.6
549.4
561.8
557.9
561.2
566.3
565.9
563.1
558.7
556.1
560.2
555.1
558
554.1
550.8
552.3
554.4
548.2
555.8
563.5
556.2
564.4
559.9
563.5
555.9
554
556.4
553.4
551.4
550.8
552.8
554.8
552.9
555.7
562.8
562.3
559.2
561.3
558.3
557.8
563.7
556.2
554.2
551.7
551.8
551
557.7
557.5
556.7
561.4
551.1
566.3
562.1
553.5
554.7
556.1
561.6
550.9
552.4
550.7
555.7
558.1
557.9
559.9
568.4
559.1
559.3
562.1
558.1
559.6
550.8
549.7
555.2
553.3
556.5
557.3
556.1
563.1
562.4
559.4
563.6
561.1
555
558.6
557.5
552.5
552.1
556.5
552.8
547.6
549.5
553.2
563.3
560
561.2
562.3
561.9
564.3
560.4
552.6
554.2
546
545.8
546.5
548.6
552.5
558.7
557.5
562.3
564.9
566.6
563
564.1
556.5
554.7
552
555.9
555.2
555.8
551.2
558.3
565
559
570.4
576.6
563.2
565.1
552.1
552.2
547.6
553.7
550.3
548.1
549.2
541.4
555.4
555.7
558.1
560.6
564.4
564.5
562.3
567.2
554.4
554.5
551.5
555.2
545
550.6
551.8
548
558.1
554.1
557.4
559.3
563
559.5
563.4
554.1
551.4
552.1
549.2
548.4
543.2
549.4
549
553.5
556.3
556
565
562.9
563.3
561.3
552.9
553.6
555
554.3
552.3
553.7
554.7
548.7
546.3
555.8
566
563
561.4
560.5
556.9
557.2
550.8
553.8
555.6
554.7
553.3
557.9
553.8
554
553.5
563.9
564.4
555.6
569.8
558.2
557.6
556
557.1
549.2
551.2
550.8
551.4
549
559.4
559.4
561
562.1
564
566.3
555.4
558.6
550.4
547.5
552.3
543.1
542.5
549.5
553.1
552.3
560.2
554.6
577.7
558
563.1
553.7
550.7
549.2
551.3
552.3
547.1
554.5
550.8
555.1
560.6
562.1
565.3
558.6
564.8
561.1
558.1
562.8
549.2
555.7
556.5
552.7
549.2
551.4
556.8
560.9
553.8
559.7
556.1
562.7
558.2
558.1
560.1
554.5
552.5
554.7
556.5
555.9
556.2
553.8
561.8
552.2
563
563.3
562.7
554.7
549.6
552
552.8
547.9
551.4
556.4
554.8
547.9
557.2
556.3
563
563.5
565.8
561.1
563
555.5
554.4
557.9
549.9
554.5
551.2
548.8
548.8
549.2
558.3
552.3
560.8
558.2
561.5
561.3
558.2
552.3
554.3
556.5
549.8
549.9
551.9
549
553.3
559.6
567.1
563.2
559.4
558.5
563.2
555.4
553
552.6
556
555.5
547.8
554.9
548.4
557.4
565.3
553.5
559.6
562
565.1
562.4
560.4
552.6
555.9
552.6
556.8
552.8
552
554.3
555.4
560
556.7
563.8
562.3
565.4
558.3
551.4
555.1
552.4
556.1
552.4
553.6
541.2
554
559.9
557.4
567.5
560
567.2
560.8
562.2
557.6
554.2
553.4
553
546.4
551.8
544.9
560.4
549.3
553.1
557.3
553.4
553.4
561.8
560.3
550.9
549.8
547.4
549.8
542.7
548.8
553.4
559.5
554.5
557.5
553.1
564.7
566.1
557.9
566.5
556.3
555.2
545.8
552.6
551.8
547.3
553.2
550.4
553.2
554.3
558.7
564.1
557.6
558.3
555.4
555.2
557.4
554
548.5
554
546.5
553.7
550.1
562.8
548.4
559
564.4
558.7
561.6
558.2
551.3
558.3
561.3
548.3
547.2
544.8
538.9
547.3
548.7
548.1
551.7
556.7
559.5
557.7
557.6
552.6
548
547.3
553.4
554.3
553.3
544.9
549.2
553.2
557.3
550.6
564.2
564.5
550.4
558.2
556
550.3
546.7
548.2
549.7
545.5
547.3
547.8
549.4
550.7
556.3
552.5
558.3
557.4
555.5
551.5
554.6
547.8
551
545.5
549.3
546.9
545.9
557.2
556.4
557.7
559.5
564.2
553.6
552
553.6
546.4
556.1
545
542.5
543.2
543
548.5
554.2
550.6
558.9
556.5
553.9
552.4
555.2
555.5
549.5
547.3
551.8
543.9
546.3
552.9
551.1
551.6
554.7
555.4
554.8
558.4
552.9
552
551.8
554.3
553.7
544.4
542.4
541
552.8
553.8
550.6
552.1
554.2
554.3
553.4
554
550.7
553.7
549.5
550.2
551.9
542.1
554.2
550.9
549.9
550.3
553.8
553.1
563.2
549.5
555.1
553.6
549.1
540.7
541.2
544.2
547.5
550.9
546
549
552.2
558.4
552.1
552.9
551.4
553.7
547.8
550.4
552.2
543.1
544.5
553.6
551.1
551.7
553.7
557.2
560.2
561.7
557.9
559.4
553
551
548.4
546
546
544.1
543.5
549.8
546.7
555.3
558.1
556.7
555.7
555.7
553.2
555.1
550.5
546
545.8
545.3
543.5
546.7
549.2
550
551.5
563.5
553.6
556.5
553.1
552.7
554.5
546.3
546.9
552.1
548.4
545.4
546.6
550.9
546.1
554
554
552.1
558
560
552.9
556.2
551.4
547.6
547.5
546
544.6
541.2
537.9
543.1
548.7
555.1
554.7
557.3
560.5
561.4
558.1
549
550.6
548.4
540.5
544.4
546.8
545.3
546.2
546.3
552.3
558.7
557
552.6
552.3
555.1
555.2
550.1
549.2
539.5
549.9
540
545.3
550.5
551.5
553.6
551.1
549.3
555.1
552.9
551.7
554.4
544.4
543.9
544.5
542.1
546.1
547.8
546.3
550.6
552.8
553.4
551.8
554.9
556.5
555.9
554.3
550.4
557.1
543.8
539.9
544.6
544.1
546.7
545.3
551.5
558.2
557.7
560.5
562.1
547.5
549.5
552
550.1
544.8
549.2
542.9
546.2
547.6
547.3
552.9
554.9
549.6
558.3
553.4
551.2
549
547.4
540.2
555.7
541.9
544.4
538.8
542
549.2
556.5
552.3
552.8
552.4
554.7
555.7
546
550.3
544.3
546.5
547
546.9
545.9
547.3
551.7
552.5
557.8
560.2
551.4
550
554.7
548
550.8
547.6
536.3
547.2
545.9
548.1
549.8
555.8
551.2
558.1
556.2
553.8
553.3
551.7
551.1
548.5
543.9
546.8
540.4
545.9
549.9
550.2
553.2
536.5
556.9
554.1
559.2
553.1
553.4
548.8
554
545.3
543.9
550.1
546.2
547.7
547.3
546.5
552.2
555.4
553.3
556.7
554.3
545.2
548.6
549.1
545.3
545.2
550.7
548.7
542.1
549.3
545.7
557.1
555.2
554.2
552.6
558.6
552.5
553.1
549
544.3
542.8
548.4
537.4
542.5
548.6
543.2
553.9
556.8
550.4
549.9
552.8
552.7
550.4
547
545.1
549.2
546.9
546.8
552.2
550.2
553.8
551.8
557.7
551.8
546
549.7
550.4
546.2
544.3
548.9
548.7
547.6
545.6
546.7
551.4
548
559.3
557.7
558.5
554.4
553.1
549.3
549.3
546.7
545.2
545.3
548.9
550.4
546.8
544.1
549.6
553.8
556.8
560.5
555.3
553.6
548
553.6
546.5
544.2
547.1
544.9
542.9
551.6
552.9
556.5
554.2
558.5
553.7
555.7
548.8
548.7
551
546.1
545.6
545.7
546.6
550.6
546.8
551
549.3
558.6
556
557.1
554.9
550.4
548.8
548.3
553.6
546.4
546.8
545.5
554.4
546.6
555.7
548.9
556
556.8
553.7
552.8
550.2
546.7
545
546.1
546.9
553.5
550.7
546.3
540.4
552.9
558.8
561
554.9
549.8
545.5
552.8
545.8
545.1
543.6
540.3
537.8
542.5
544.8
545.5
544.8
554
550.8
555.8
554.4
553.8
548.5
550.3
553.2
547.2
546.6
542.6
543.4
546.4
549.5
549.9
553.5
556.5
549.2
554.9
553.7
555.8
553.8
549.9
549
547.7
546.3
544.9
549.7
548.2
551.7
549.5
558.9
554.1
551
551.1
555.8
542.7
544.4
552.3
540.7
548.2
544
542.9
550.6
551
552.9
547.1
551.9
553.3
551.6
542.9
545.7
546.6
547.1
546.7
543.8
547.3
541.5
548.1
549
553.6
555
554.4
554.5
550
553.1
547.7
545.6
545.5
549
544
549.2
542.2
546.3
549.7
552.6
559.6
556
558.5
551.5
548.7
542.9
544.2
546
547.5
543.2
546.4
537.1
546.7
547.7
549.8
558.1
560
554.9
554.5
548.8
548.3
543.7
549.2
538.9
545.8
543.6
543
547
550
554.3
559.1
556.4
552.5
545.3
548.2
542.2
547.8
548.9
543.1
545.8
549.3
546.9
545.5
549.7
558.9
546
555.8
546.4
551.9
548.5
544.2
546.2
549.8
545.6
551
546.6
547.1
546
552.6
553.5
561.1
557.7
561.6
557.5
552.5
545.3
548.8
548.5
543.1
543.6
541.9
543.4
552.5
551
550.6
550.3
555.2
556.9
552.1
546.8
549
543.8
541
537.1
542.9
544.4
541.9
549.8
549
559
551.9
553.6
549
552.4
549.2
543.6
545.1
543.8
544.3
544.9
540.6
548.2
547.5
552.4
551.6
558.5
558.4
551.6
551.4
548.8
545.6
539.8
547.8
540.1
544.3
540.4
542.4
548.1
550.8
553.6
549
555.8
559.5
553.3
549.2
548.7
550.4
541.1
547.3
538.8
542.1
542
546.6
550.7
555.1
556.6
554.2
560.4
557.7
545
544.7
547.4
546.8
550.8
553.3
543.1
550.9
552.8
553.1
559.8
551.2
557.7
556.8
554.1
546.8
544.6
545.1
550.1
547.1
543.7
543.5
549
547.6
553.4
559.3
556
563.6
554.5
553.2
548
559.4
544.6
545.6
541.5
547.1
549.8
549
550.9
552.1
548.6
554.9
552.3
552.4
553.6
548.8
543.5
544.5
546.1
544.4
545.5
541.9
542.6
551.8
550.5
553.7
558.4
560.5
546
553.1
550.9
546.2
546.9
543.7
541.8
538.9
540.1
554.6
554.4
549.4
554.3
552.2
556.5
551.4
554.1
552.6
548.5
550.4
542.8
546.7
542.4
536
539.5
545.9
552.2
551.6
550.3
551.4
545.2
544.3
549.9
549.4
544.2
538.5
550.5
541.4
542.6
545
546.4
544.6
550.4
558.8
558.3
550.2
551.4
544.5
546.1
543.4
546.4
546.1
541.9
540.4
544.3
544.9
554.7
559
554.3
556.4
548.7
549.6
546.3
546.2
538.1
543.3
538.7
549.5
545.8
551.1
552.8
546.7
560.3
556.7
552.6
548.3
547.7
546.5
532.2
547
544.5
544.3
543.2
544.3
548.2
547.1
555.1
550.2
549.2
548.6
557.1
544
546.3
543.6
546.3
544.4
541.4
542.7
547
550.6
554.1
555
549.2
552.1
549.8
550.9
543
544.2
543.2
544.6
545.6
545.8
534.1
552.6
552.3
550.4
553.3
549.7
551.1
553.2
549.5
551.4
542.4
543.4
544.8
545.6
542.6
536.8
548
551.2
549.9
551.7
557.3
560.8
557.2
549.6
544.2
546.1
542.4
544.3
543.7
540.9
543.4
545.8
554.3
559
560.3
551.9
554.1
556.7
549.4
551.9
549.1
542.4
545
541.5
539
543.8
549.5
549
551.7
551.6
545.5
546.7
550.1
550
546.9
545.4
547.5
545.1
539.7
542.5
544.6
547.4
538.3
551.7
555.7
557.7
557.6
546.5
550.8
546.1
543.9
542.3
542.9
544
548.7
542.8
545.3
549
553.9
558.8
547
556
552.6
552.4
549
544.5
549.3
549.8
545.2
540.2
544.7
538.1
554
550
556.7
547.5
557.7
556.6
548.9
546.3
541.4
539
540.6
546.3
542.8
541.1
548.2
549.4
553
557.9
556.4
550.9
553.3
550.7
540.7
544.3
545.8
544.4
545.9
537.4
548.5
546
551.6
555.3
558.9
555
552.3
551.2
549.9
546.3
541.4
544.6
545.4
543.8
538
545.3
543
549.8
558.4
553.4
549.9
553.2
555
555.5
541.4
541.3
543.9
547.1
542.9
543.1
544.5
548
548.5
552.2
555.8
547.3
556.4
549.1
545.2
544
543.5
541.2
544.3
540
552.5
544.4
547.8
549.1
554.1
557.9
553.2
554.7
547.8
551.6
551.5
548.9
548
543.9
544.5
545.6
541.6
548.5
543.2
554.7
554.6
557.9
552.3
549.7
549.8
534.3
542.6
543.1
541.6
545.8
544
546.6
549.7
554.8
556.7
558.1
544.3
552.1
550.7
543.8
541.3
551.2
543.5
541.6
539.4
548.3
547.8
550.6
554.7
556.6
551.4
559.6
553.1
548.4
538.9
544.5
545.6
540.8
541
544.1
542.5
547.3
541.3
553
552.9
556.5
550.3
554.2
550.9
542.3
548.1
548.7
539.5
540.5
536.5
549.5
545.8
542
551.1
551.1
555.1
549.9
540.4
548.5
548.6
543.9
550.7
539.5
547.3
541.7
546.3
538.4
548.9
554.8
548.6
556.1
550.4
544.2
536.7
536.8
542.5
541.1
540.3
539.9
535.1
547.9
540.7
547.7
552.7
554.7
552.3
542
546.8
541.6
534.9
546.3
544.9
536
536.6
540.2
543.3
554.7
550.1
551
548.8
546.3
552.6
553.3
546.9
552.5
538
548.5
544.3
538.7
542.5
540.1
541.7
552.2
545.7
550.1
546.7
552.4
541.7
543.4
549.9
540.1
534.8
545.9
541.9
537
540.7
543.5
550.5
556.9
547.4
553.6
551.6
554.1
549.8
542.9
544.5
540
541
539.8
541
547.4
549
552.9
550.9
552.5
548.3
552.7
552.6
546.7
546.2
544.4
541.2
542.3
540.8
545.2
545.6
555.8
554.8
547.3
553.7
554.7
549.3
550.6
543.4
547.1
547
545.1
543.2
545.8
543.7
543.9
551.1
554.6
551.8
549.2
552.4
550.6
542
535.8
546.1
551
546.9
540
543.6
545.3
539.1
548
549.6
547.8
550.4
555.2
555
553.3
551.1
538.1
547.8
541.5
543.9
548.9
549
541.2
544.2
549.6
548.4
555.5
555.8
554.5
550.3
546.1
545.4
551.2
543.2
543.8
537.2
536.3
541.4
542.7
542
546.8
550.4
557.6
551.1
552.3
540.2
549.3
543.9
534.5
539.1
532.4
542.7
540.8
546.9
549.6
551
549.9
550.6
550.6
543.1
541.8
540.4
531.1
531.8
538
535.1
538.6
539
549.6
542.1
544.4
548.1
546.4
545.5
543.8
545.1
548.1
538.6
545.5
541.1
534.5
538.9
548.2
551.8
555.4
544
554.5
553.5
548.8
551.9
546.4
539.5
535.7
541
539.5
548.6
532.7
540.4
547.8
548.9
548.9
551.2
551.7
551.6
547.2
543.1
542.2
540.1
540.8
535
542.5
544.7
544.3
545.5
545.2
547.2
551.4
554.2
549.8
540.1
542.5
541.2
538.6
538.9
543.5
554
541
547.8
546.7
547.1
548.4
544.6
551.3
552.8
547.9
541.3
545.5
541.6
540.8
539.1
546
548.9
552.9
546
555.6
558.4
554.9
551.9
548.5
548.9
540.8
540.8
545.7
537
541
541.8
541.9
549.4
542.4
545.2
555.3
558.5
544.7
548.6
547.6
547.1
537.6
539.9
544.4
545.6
536.8
539.9
547.4
550.7
546.7
551.7
550.5
550.6
544.5
546
536.8
537.9
534.7
538.7
535.5
540.1
545.6
545.4
543.4
547.2
548.6
548.8
543.3
537.3
547.7
543.7
532
536.3
534.9
539
542.5
544.1
551.3
548.1
544.9
547.3
552.5
543.4
543.6
536.8
540.4
534.1
538.2
537.9
541.9
549.1
544.2
552.6
546.2
552.3
547.1
544.2
542.9
543.3
539.7
540.2
534.4
540.7
537.5
540.2
545.6
548.4
552.5
548.8
547.1
545.9
548.8
543
536.6
541.4
543.2
538.7
540.5
541.5
535.4
535.4
547
549.1
547.5
552.3
548.5
548.6
539.7
545.3
536.8
539.5
535.2
538.8
543.4
538.3
538.1
542.5
543.8
550.7
546.3
552.3
539
548.5
544.4
548.7
537.2
529.7
540.2
539.5
538.9
543
550.5
549.9
545.4
552.3
553.4
545.2
539.9
543.8
532.7
532.4
545.2
535.8
537.1
537
535
540.5
538.3
550.4
545.5
548.6
543.3
549.1
539
539
543
537.3
537.7
533.4
538.8
533.5
544
544.5
554.8
544.3
548.3
546
543
545.2
537.6
532.4
538.4
536.3
531.7
538.8
541.7
540.4
547.6
549.8
550.9
552.7
548.9
547.7
538.7
539.1
538.6
536.4
539.4
536
539.2
536.9
546.9
545.6
551.1
546.9
548.6
549.1
548
537.3
539.8
536.3
538.4
538.9
535.3
533.9
541.4
538
545.9
553.7
546.2
542.2
538.4
540.1
540.1
537.4
535
540
540.4
532.6
545.5
537.4
539.8
554.2
546.6
551
547.4
549.6
539.7
540.9
537.7
535.2
538.7
537.5
537.5
534.6
537.7
541
546
547.5
544.2
545.2
549.1
540.3
529.1
541.6
536.6
536.2
534.3
540.6
538.6
538.7
547.3
545
548.4
551.2
543.8
545
547
538.8
535
543.6
542.5
539.3
540.2
532.4
542.7
544.9
549.1
557.3
548.1
550.1
544.9
544.3
541.3
536.3
529.4
539.8
543.2
534.9
539.8
545
540.6
543.3
551.1
546.6
537.7
541.7
545.9
538.7
540.5
538.4
538.6
530.8
535.8
539.2
545.9
539.9
548.5
541
544.5
540.5
541.2
542.8
537.4
540.2
532.6
540.1
535.8
543.2
543.2
540.7
545.9
546.9
545.1
540.1
551.5
535.6
539.7
535.9
533.5
534.7
535.4
534.9
531.2
538.3
543
543.9
545.6
545
548.2
541
537.8
534
530.8
536.9
534.7
534.7
545.4
540
546.5
548.5
545.5
540.1
549.9
545.4
540.5
537.8
533.4
537.8
531.5
538.9
539.9
540.5
538.4
544.8
548.7
554.2
551.2
552.2
544.5
542.2
539.8
543.7
534.7
539.1
542.1
538
535.8
544.6
547.8
552.3
542.1
542
542.9
547.8
541.7
536.8
535.5
543.9
529.2
550.7
535.5
539.2
538
547.5
535.6
543.5
548.1
549.7
537.8
542.8
535.2
541.8
536.3
536.1
537.4
535
532.1
535.8
541.4
543.3
546.1
542.1
545
538.7
549.6
540.9
532.5
536.6
542.5
539.7
539.1
543.9
545
546
548.4
548.3
546.5
539.9
542.3
540.8
545.8
541.8
533.9
532.3
534.9
533.3
538.6
535.2
542.4
540.7
552.3
548
548
544.3
539.2
543.5
540.7
538.8
530.7
536.5
538.8
540.6
548
549.9
547.2
550.7
546.4
545.4
543.3
537.1
538.7
537.6
532.9
534.9
536.9
535.9
540.3
538.1
548.1
547.4
550.6
552.8
542.8
536.6
536.1
545.4
536.6
536.6
533.6
533.5
540.3
541.6
543.7
548.5
552.3
554.8
545.9
545.6
537.8
531.7
530
538.5
536.8
533.3
538.3
542.1
541.9
546.6
548.2
550.4
549.1
542.9
538.4
542.9
537.5
543.2
535.3
536.2
533.5
536.8
540.1
539.1
542.9
549.1
551.9
544.6
543.3
544.3
538.6
535.9
532.1
537.4
527.2
537.6
541.6
539.5
538
537.7
541
546.7
543.5
546.3
539.3
541.9
544.1
537
537.4
533.3
538.3
537.9
542.8
551.6
552.9
537.7
548.1
553.7
550.3
547.7
543.2
539.3
535.6
537.6
526.7
543.8
531.6
551.3
536.5
536.5
548.4
546.3
542
547.5
536.9
537.1
535.7
530
536.4
534.9
536.3
534.2
538.8
541.6
541.5
540
539.4
546.8
542.6
542.9
540.9
537.6
533.7
534.4
536.3
543.6
544.1
533.8
540
541.4
542.4
542.4
542.7
540.3
538.5
538.8
541.6
548.4
543.9
538.9
530.9
535.5
547.8
543.1
540.2
544.5
541.4
549.2
542.4
539.8
539.8
539.9
525
535.1
534
532.7
540.7
540.5
540
542.3
545.8
539.8
542.7
539.8
539.8
538.9
533.3
529.4
534.5
537.6
532.2
535.2
537.8
536.6
548.5
541.8
551.1
545.3
540.8
534
541.7
539.4
542.1
532
529
536.9
540.4
537
540.6
545.3
544.3
538.9
539.3
533.4
535.8
541.3
541.5
531.6
527.6
536.8
534.6
532.9
541.5
544.1
550.4
545.6
547.9
548
535
542.8
541.4
534.3
533
530.3
534.3
523.8
547.9
537.7
545.2
541
543.5
542.5
538.1
538.1
542
538.1
536.1
531.7
531.7
532.7
539.8
532.3
536.1
542.9
547.6
540.8
543.8
544.2
534.1
539
536.1
535.2
534.2
537.5
534.8
535.2
541.8
538.5
548
548.3
547.8
537
549.5
537.6
537.4
539.3
534.3
535
532.6
532.2
533.4
537.1
545.1
548
547.5
544.8
546.3
539.7
538.4
538.9
537.7
532.8
535.9
542.6
523.5
538.6
540
548.3
549.3
545.1
548.9
545.4
544.5
550.5
533.8
537.1
539.2
534.1
537.8
538.1
543.4
543.3
541.5
545.6
546.6
544.9
550
545.9
533
535.6
536
535.1
539
536.1
540.1
536.6
542.2
543.1
538.6
549.1
543.4
548
545.7
532.5
529.1
538.1
533.2
537.8
535.9
533.3
542.6
539.6
538.1
542.3
548.4
546.5
540.6
540.8
533.2
543.6
541.5
541.5
537.9
532.8
528.6
540.4
539.9
542.8
546.5
539.1
545.9
539.4
543.4
540.7
535.6
538.8
533.8
534.3
533.9
539.8
540.9
550.8
542.8
544.4
536.5
538.6
543
541.3
530.8
535.4
537.1
538.1
530.3
540.3
533.1
540.7
544.4
553
551.5
541.8
549.8
547
534.6
543.6
542.8
533.6
540.6
534.7
536.3
546.2
545.8
540.8
547.7
543.9
547.6
551.7
538.3
540.3
539.3
531.8
534.6
536.5
529.9
535.9
534.4
525.5
540.8
541.6
552.5
541.3
540.9
541.2
528.8
533.6
536.6
538.1
532
539.7
529.2
537.9
540
542.5
534
545.8
545.1
548.1
533.6
534.3
535.4
535.7
533.1
537.7
535.3
528.7
533.8
527.4
539
540.2
549.1
546.1
543.8
546.7
542.9
533.1
539.3
538.2
534.5
530.4
533.6
529.6
536.4
542.2
544.9
543.9
542.4
541.8
541.6
530.8
529.7
537.4
529.7
536.8
540.3
535.4
539.9
538.3
543.5
542.1
539.3
542.3
542.1
534.9
527.5
539.2
530.9
523.7
531.7
530.7
535.1
539
541.6
538.7
537.3
538.8
537.6
536.5
538.5
528.6
529.2
528.8
533.2
531.8
520.6
530.3
536.2
545.6
542.1
549.9
552.4
538.5
540.4
537.3
534.2
532.3
538.2
534.1
533.1
534.2
536
542.4
540.1
537.7
541
540.8
544.2
540.4
536.2
536.3
536.7
525.2
533.2
535.6
536.5
530.3
533.6
538.6
542.7
538.4
545.8
542.8
544.3
536.5
534.8
526.9
538.6
529.5
529.1
536.1
540.4
528
531.2
545.5
544.7
545.5
539.1
541.6
536.5
535
537.4
537.3
533.9
540.4
537.2
530.6
535.9
538
543.6
546.3
548.4
544.5
534.4
538.4
529.4
533.3
531.7
531.7
529.5
535.7
539.5
539.3
535
533.8
550.2
547.9
541.2
545.4
536.2
538.6
534.8
538.2
538.3
529.5
534.6
540.1
543.1
544.4
540.5
540.8
539.6
545
541.5
537.9
525.1
526.5
538.5
536.6
532.6
543.9
539.1
542.4
543.8
535.4
543.1
538.8
551.1
539.9
538.4
533.2
537
539.1
534.4
529.9
541
537.6
542.1
537.8
542.8
543.2
548.8
538.6
536.6
540.3
533.7
536.1
525.3
539.9
536.2
531.3
540.1
540.1
529.6
544.9
543.9
541.8
538
532.2
533.2
535.9
530.8
535.1
524.8
531.7
528
539.4
538.3
539.5
541.8
547.9
535.9
544.7
538.8
538.7
529.2
530
538.6
534.5
539.9
541.5
544.3
544.5
543.4
552.6
547.5
545.3
536.9
535.5
543.9
532.6
535.8
535.7
527.4
527.8
539.5
543.5
546
541.1
538
541.9
540.1
531.8
534.3
534.2
531.7
529.5
531.3
532.6
525.7
537
538.4
537.5
547.7
540.7
542.9
546.4
540.3
538.6
530.8
530.1
530.1
527.7
530
527.3
536.4
540.6
538.7
544.7
539.3
541.4
541.2
535.5
535.7
535
536.2
532.4
535.7
525.2
537.4
529.2
536.5
536.1
546.8
531.6
541.6
541.3
539.8
538.3
529.3
530.1
529.6
530.9
533.1
535.7
530.8
530.8
539.5
548.3
536
540.8
530.3
537.4
540.2
534.1
536.1
537.9
533.5
531
531.3
533.1
536.2
543.8
535.6
541
546.9
534.8
537.4
535.1
526.1
527.4
538.9
533.6
534.1
537.4
530.6
536.5
534.2
543.3
539
539.2
535
539.5
534.1
524.6
533.1
528.6
530
532.9
538.5
542.2
544.3
530.4
538.3
545.1
542.8
538.6
534.7
532.8
527.1
531.6
529
527.9
528.9
530.7
536.5
540.8
539.5
544.5
537.8
548.1
544.3
544.3
530.1
528.5
526.2
526.2
528.2
527.6
534.1
534.9
541.4
558.7
544.1
536.8
542.4
540.1
528.2
528.5
531.2
527.3
534.9
537.2
535.1
536.4
537.4
537.4
546.8
540.3
534.9
542.5
535.4
533.3
534.3
533.5
528.4
529.5
527.6
531.2
541.1
538.4
541.3
542.1
539.4
543.9
539.1
541
535.1
529
537.6
533.1
535.2
530.4
536.9
532.6
531.2
540.1
542.4
538.5
539.6
535.9
537.6
536.5
530.1
527.4
528.8
532.6
534.5
540.3
539.4
535.2
543
544.6
538.2
533
535.8
534.9
534.7
529.1
530
527.7
531.6
536
536.2
544.3
545.1
540.7
542.5
544.3
538.1
534.9
530.3
529.1
530.3
531.5
534.1
532.3
533.5
542.3
542.2
535
538.8
544.2
541.2
536.5
536.2
535.7
536
535.8
532.9
530.6
527.6
541
539.8
537.5
542.2
543.2
540.5
544
540.5
529
533.1
524.6
533.9
529
532
529.3
532.6
534.3
538.6
540.1
540.4
539.3
537
539.3
545.8
535.2
529.2
536
535.6
535.4
529.3
528.2
539.8
538.6
539.8
546.6
542.5
540.1
546.3
538.3
534.8
526.7
523.8
529.6
531.6
532.1
534.6
530.1
535.7
544.2
549.1
542.3
537.1
534
540.9
533.1
535.9
535.2
533.6
538.3
526
537
543.1
538.8
538.6
542.4
550.3
540.4
532.5
538.2
528.8
529
527.8
536.5
534.8
539.7
540.8
536.8
540
544.8
544
539
540.2
535.8
540.6
523.8
532.6
533.7
525.4
534.8
525.3
533.2
534.4
543.4
538.1
545.7
543.4
546.2
541.9
527.7
530.5
535.8
532.1
530.7
533.9
545.7
535.9
539.1
541.7
540.8
541.2
543.1
538.8
527.4
532.8
532.3
534.4
534.6
538.5
526.3
535
538.8
537.8
539
540.9
535.3
544.7
538.6
537.4
539.8
534.8
534.6
540.9
530.6
534.4
533.1
533.7
542.9
545.8
545
545.5
539.2
536.4
528.6
538.8
526.4
533.3
528
537.4
533.9
534.7
544.8
544.4
541.7
538.3
534.2
535.3
537
532.4
527.6
533
528.5
526.6
532.2
535.2
529.7
547
542.2
544.4
537.5
538.3
538.6
529.4
528
528.9
531.3
527.3
527.7
527.9
537.7
539.3
529.6
537.9
546
538.2
538.9
532.2
540.5
524.8
538.1
530.6
532.1
535.5
527.9
526
540.9
538.2
541.9
537
540.8
539.4
535.7
534
533.2
531.9
527.1
530.6
533.5
530.3
541.1
538.3
535.6
541.8
538.8
543.3
536.5
541.9
536.2
524.6
532.4
526.7
536.7
526.9
531
534.9
543
540.7
542.6
533.9
540.3
532.3
536.6
533.8
531.6
524
532.4
529.6
535.1
530.3
533
538.7
538.8
544.3
540.9
539.6
532.6
536.7
534.7
529.8
533.8
530.5
522.8
530.4
535
539
543
538.3
539.9
540.2
539.2
529.7
523.7
530.8
529.8
530.6
527
529.8
526.6
533.5
540.7
539.4
534.7
532.2
541.5
540.1
535.2
536
530.1
529.1
531
527.3
530
528
532.1
542.2
538.9
541.6
544.6
541.1
541.5
541.2
537.7
532.7
533.1
526.6
535.1
538.4
526.7
536.8
535
535.4
532.1
533
543.8
538.5
537.7
522.6
531
527.9
526.4
531.6
527.2
528.6
529.4
538.1
535
543.8
548.1
540.2
540.7
531.3
527.7
532.2
530.7
533.9
533.4
530.3
535.8
530.3
531.6
538.5
541.3
542.7
540.9
538
539.2
538.3
528
528.7
536.1
531.6
531.1
523.8
533.5
539.7
535.7
542.9
551
540.3
544
534.8
539.6
533.2
536.1
526.6
522.1
533.5
533.1
533.4
543.2
536.9
537.7
532.6
547
541.8
536.4
531.4
528.8
533.2
529.2
529.3
535.7
530.9
542.9
534.9
541.5
539.9
548.5
539.5
534.3
540.7
535.1
535.6
535
536.4
530.1
528.9
536.8
537
538.8
543.1
543.3
542.8
534.4
537.7
538.1
533
529.2
531.9
530.1
531.3
531.8
537.5
535.2
542.2
538.6
539.7
545.8
540.4
536.5
530.9
534.8
536.6
535.7
530.9
531.5
524.4
535.3
536.5
532.4
544.9
540.4
544.6
528.3
531.8
541.5
537.7
532.4
533.5
534.3
533.4
535.4
531.5
533.2
536.1
536.5
545.8
545
545.4
540.5
530.3
533.9
540.3
530.5
535
534.2
530.5
536.5
537.5
541
544.9
539.7
539.5
544.1
536.6
541.1
536.4
533.7
538.3
530.3
533.7
527.5
533.6
539.7
540.6
548
543.3
542.9
540.8
534.1
541.4
531.1
525.3
534.5
536.6
527.4
532.3
537.3
539
546
544.5
543.3
542.6
547.2
538.2
542.8
535.3
531.8
531.6
532.5
532.2
535.3
528.9
543.5
535.2
535.1
546
545.4
542.7
536.8
527.2
533.6
532.3
520.1
538.7
530.3
538.4
531.5
537.7
539.5
548
546.7
528.9
540.7
538.3
538.7
538
534.8
539.2
530.7
539.5
531.4
543.2
539.9
557.4
544.3
544.5
541.8
533.1
535.4
535.9
534.5
535.6
531.1
527.4
530.2
537.2
544.3
543.7
542.9
542.7
544.9
545
539.1
530.1
534.8
533.2
534.7
527.5
530.9
537.5
543.6
542.6
540
538.4
549.7
538
534.9
535
537
529.5
516.4
533.1
530.6
529.5
534.4
540.6
537.5
547.5
542.6
546.6
534.9
536.4
535.4
530.3
535
530
525.1
532.5
522.4
529.8
532.2
534.9
534.7
538
540.9
534.4
534
531.1
526.5
526.7
526.1
524.9
528.7
529
536.9
537.1
536
532.9
538.6
540.4
541.2
544.6
538.5
528.5
530.9
531.9
532.2
525
530.8
528.8
542.2
539.7
535.9
543.8
534.7
533.1
529.2
537.6
533.1
523.9
524.8
531.6
529.2
528.2
531.2
535.4
531.6
540.4
535.8
535.6
534.2
536.9
535
536.3
532.2
521.7
525.8
523.3
538.6
530.9
537.4
530.1
540.3
541.4
540.1
534.7
530.9
538.3
533.5
525
530.8
525
539.9
531.3
533.1
534.7
544.6
542.3
542.8
543.2
536.9
534.9
535.7
528.8
527.8
526.2
531.7
528.1
527.3
534
537.4
537.8
539.2
535.9
541.4
535.7
530.9
535.2
533.6
530.4
528.8
532.2
535.2
535.5
528
533.1
541.7
542.1
540.4
539.4
536
526.3
535.5
521.1
523.9
529.2
531.1
522.1
532.8
537.9
538.9
535.7
540.9
536.3
538.5
538
534.3
535.7
527.2
528.6
525.3
515.1
529.6
529.6
533.5
538.8
533.3
538.4
538
535.5
530.1
529.9
528.5
531.4
533.9
527.2
527.3
529.4
522.8
531.5
536.9
539.4
537.4
538.1
538.3
547.7
534.9
532.4
534
534.8
528
534.8
529.4
536.8
531.8
531
543.2
536.4
533.2
536.9
537
530.7
534.8
527.5
528.9
522.4
527.1
530.2
529.8
529.3
537.5
539.6
543.2
539.6
532.7
537.8
531.3
527.8
525.9
523.3
529.7
533.3
527.9
532.6
536.3
532.6
534.4
539.3
539.6
537.9
536.9
533.6
527.1
531.2
528
527.4
528.8
533.6
526.9
534.5
533.4
539.3
549
534.9
539.6
533.9
538.8
531.6
528.8
528.2
524.8
512.4
529.1
530
530.9
532.5
547
535.1
537.3
539.9
534.4
530.3
530.1
532.2
529.7
527.3
534.7
536.2
534.9
536.3
538.6
543
541.6
541.4
543.5
535
529.2
528.8
529.9
532.9
531.1
526.3
524.6
534.6
530.4
531.3
535.9
541.1
538
536.8
534.4
527.2
526.7
527.9
522
532.6
524.8
530.6
531.6
541.1
542.4
537
541.1
540.9
536.8
535.6
529.7
529.8
528.2
531.4
527
533.2
535.2
540.2
541.8
541.9
540.5
535.5
535.1
527.9
538.8
535.8
526.8
527.4
532.1
527.4
528.9
531.9
529.8
537.9
546.2
537.6
536.9
542
537.8
528.1
537.4
534.3
527
528
539.4
531.6
535
534.4
536.9
548.3
543.3
542.2
535.4
534.7
532.6
529.6
524.8
531.6
525.7
524.6
531.1
533
535.2
539.3
543.9
535.6
541.7
547.7
533.9
532.1
531.4
527.3
535.7
533.5
528
529.2
534.1
537.3
541
537.8
540.7
541.9
537.2
538.6
537.4
534
524.4
539.6
531.2
529.8
532
532.3
531.6
534.4
537.5
547.6
537.8
540.6
541.6
533.1
532.5
537.4
530.3
533.6
534.1
533.9
537.1
529.3
527.1
543
541.6
535.6
539.2
532.2
537.3
529.8
534.2
530.4
532
534.4
530.1
541.6
532.3
547.7
544.6
541.9
541.5
539.3
546
530.4
531.2
533.7
530.8
538.9
526.8
530.9
537.1
538
538.2
543.1
541.1
539.6
546.6
536
531.5
529.3
531.7
529.6
530.6
528.2
533.3
525.1
540.3
535.8
538.6
539.2
543.1
543.3
537.6
537.9
528.6
533.9
529.6
527.9
526.6
529
533.6
533.6
542.3
539.6
536.4
540.8
534.8
537.3
532.7
530.3
530.9
532.6
526
532.3
531.2
530.6
531.4
538.9
545.3
541.4
542.4
543.2
535
532.8
525.2
524.7
523.9
529
525.6
527.5
537
535
534.4
533.9
543.1
542.8
543.7
542.7
535.5
530.3
533.2
536.9
523.5
528.1
528.5
529.9
551.2
537.5
535.7
543.6
540.9
542.3
532.2
535.2
541.3
529.2
539.8
531.4
527.8
526.5
533.3
529.2
541
544.3
532.9
538.1
539.2
532.9
539
530.4
533
535.4
527.5
519.5
528
528.2
531.5
540.6
538.1
537.1
538.7
546.4
531.5
531.9
532.6
525.8
524.4
527.6
527
533.4
535.8
529.2
543.6
536.7
541.3
541.3
533.1
536.3
526.3
537.5
533.7
524
528
529.5
526.9
529.4
540
538.3
538
536.9
536.6
537.1
540.8
533.4
529.3
527.9
532.7
532.1
527.6
531.7
523.7
542.8
537.5
544.4
543.8
542.8
545
525
532.8
528.4
537.1
530.7
528.2
529.5
534.2
537.9
538.3
541.1
532.4
540.9
544.5
535
537.8
533.4
543
532.9
524.9
535.3
532.3
529.3
535
537.2
533.3
536.3
536.9
538
527.3
528.8
524.9
529
535.3
531.9
534.6
530.9
537.1
537
534.7
539.6
539.1
547.2
534.9
538.6
529.3
536.5
534.1
539.2
525.9
523.4
522.3
525.7
530.6
533.5
542.4
538.7
545.4
532.7
543.9
533.6
527.6
530
525.4
528.2
528.5
525.2
535.1
534.3
529.3
531.3
551.1
541.4
543.5
546.5
541.1
527.1
531.1
524.9
526.3
523.8
525.9
531.4
529.6
529.2
538.8
534.1
542
544.9
539.5
536.7
541.6
525.2
524.2
526.3
523.6
529.4
531.9
528.2
533.6
529.5
540.2
533.9
534.3
535.9
532
530.1
531.3
524.2
529.5
522.4
524.1
524.4
539
540.6
538
535.4
535.8
538.2
536.6
533.3
537.2
530.1
531.2
536
522.6
530.3
530
535.7
535.6
533.3
541.4
535.8
540.7
533.9
535
530.6
531.5
525.4
522
521.9
532.1
527.6
528.1
531.8
536.4
540.6
540.5
543
536.1
527.2
533.9
531
532.7
534.3
527.2
522.8
524
529.7
527.5
533.6
538.1
539.7
539.5
536.1
531.7
535.4
528.4
526.1
529.8
534.3
523.1
529.5
538.7
529.3
530.8
538
534.4
542
541.4
534.8
537.8
530.8
521.7
530.6
516.3
525.7
530.3
527.8
530.8
532.1
532.9
537.5
540.6
540.2
533.9
538.7
532.9
535.1
533
526.3
525.8
534.7
531.2
543
536.3
543.1
537.3
541.4
535.8
533.4
538.8
534.3
525.4
531.4
526.5
522.7
534.9
527
534.1
537.8
540.7
541.1
535.8
537.2
536.8
532.6
530.1
528.3
531.6
523.5
532.3
526.8
528.7
523.4
534.2
538.6
534.4
535.5
530.2
533.9
530.6
532.1
532.2
528.9
532.6
530.4
531.8
530.1
536.6
537.7
535.4
541.8
535.8
530.7
533
531.1
532.4
537.5
524.6
527.8
533.3
531.1
523.9
535.2
537.6
540
537.9
534.9
543
533
530.1
529.6
530.7
522.3
528.9
529
531.2
529.5
535.9
540.8
538.3
544.8
542
533.5
537.6
528.9
529.3
530.5
531.8
528.5
526.8
534.4
532.7
537
543
538
532.4
542.3
536.7
536.4
536.4
530.6
532
532.6
530.5
529
531.5
533.5
535.8
538.8
533.7
540.8
544.4
540.5
535.1
532.9
537.8
529.3
530.9
532.9
524.3
535.2
531.1
536.2
541.5
540.6
540.8
542
535.4
545.6
523.3
532.1
535.3
539
529.2
538.6
536.1
532.9
527.1
538
539.3
539.7
530.8
537.8
540.5
536.4
531.9
528.2
526.5
531.8
533.7
529.5
533.3
531.8
542.5
538.7
542.4
539.9
531.6
538.9
529.9
529.7
532.4
529.6
529
527.2
524.1
531.7
534.5
547.7
539.8
540.3
542.2
539.7
538.6
531.5
534.1
531.3
528.7
531.2
525.8
534.8
540
541
532.9
541.1
542.3
544.1
538.3
529.5
523.4
526.9
526
526.5
526.2
520.7
528.7
529.9
532.2
542.5
540.9
541
543.5
530.3
537.6
525.7
528.7
526.9
526.3
533.7
534.1
535.5
533.4
537.4
538
546.2
536.2
532.2
533.4
530.8
526.8
530.3
534.1
531.3
524.8
531.8
531.8
535.4
537.3
540.3
539.9
539.8
533.2
542.2
533.9
536.7
526.4
531.3
533.9
532.3
536.7
534.2
534.3
542.6
538
540.5
535.9
532.9
539.3
532.8
532
535.4
529.4
529
525.5
526.7
528.1
531.3
538.1
537.3
539.6
541.7
533
534.7
527.4
537.7
523.4
530
532.2
527.5
530.1
529
527.6
534.4
540.7
534.8
540.7
535.7
530.1
521.8
535.3
531.1
528.2
526.1
538.1
529.1
532.6
536.7
544
542.7
545.1
530.6
538
533.4
530.8
540.2
536.5
538
524.8
523.4
529.8
537.5
531.8
545
540.1
541.2
528.7
536
537.8
534.7
532.9
526.2
534.4
521.6
522.4
527.8
528.7
528.6
539.2
540.7
542.8
538.5
539.7
536.2
527.4
521.7
522.5
521.8
531.3
533.2
529.9
537.6
535.9
540.9
543.7
534.2
537.1
532.4
530.2
534.8
530.8
531.7
525.3
521.8
534.4
526.9
528.2
532.3
536
540
535.4
536.1
529.9
524.7
526.3
527
523.3
526.7
522
527.7
521.5
534.2
536
532.2
538
534.5
531.5
535.9
537.5
532.9
530.6
526.8
520.8
528.3
532.3
529
534.8
529.6
534
539
536.7
534.6
527.7
534
527.8
523.1
532.7
528.9
525.7
523
523.2
527.6
524
530.3
539.7
533.8
534
529.4
526.9
530.6
525
525.3
526.9
520.9
530.7
531
530.4
530.8
534.5
527.9
543.6
534.7
536.7
529.9
529.5
529.7
526.1
527
526.8
525.6
530.9
530.4
528.1
536.9
537.7
540.6
536.2
529.7
529.5
531.3
523.4
526.2
530.7
526.2
529.1
527.1
528.9
533.3
531.1
539.9
534.5
535.6
525.6
527.3
528
529.7
525.4
524.7
530.7
523.9
534.9
536.6
536.3
537.7
542.2
534
532.1
538.2
529.5
531.8
521.8
526.6
525.7
529.4
526.5
529.4
536.4
533.1
535.1
538.7
531.4
534.7
536.9
532.5
518.8
523.3
526.3
523
517.3
523
522.4
530.4
530.5
540
537.4
534.5
541.2
537.3
530.5
533.3
527.6
524.8
527.5
531
526.7
525.3
527.5
532.4
535.2
541.9
535.6
529.3
534
529.8
531.6
523.1
523.4
523.4
526.9
527.4
531.3
536.9
533.5
535.1
539.1
540.2
539.8
531.4
530.1
527.8
527.7
519.4
525.6
528.7
528.6
527.8
520.6
530.4
533
534
539.2
532
534.6
529.4
524.7
526.5
529.5
525.5
526.4
523
526.2
532.1
529.1
531.8
536.1
543.4
538.4
531
