648.9
651.9
656.2
654
656.6
653.2
652.3
649.6
641.1
645.2
645.6
644
648
641.7
643.3
645.8
645.7
654.2
655.2
657.8
655.8
650.7
648.7
647.6
648.1
643.6
644.4
642.6
644.4
641.9
645.9
650.1
650.4
652.8
646.7
654.3
649.4
647.8
645
642.7
648.1
631.1
639.9
640
636.8
644.5
650.5
647.6
653.3
651
642.8
645.2
643.5
642.3
642.5
610.9
640.5
637.4
637.6
641.3
640.2
638.5
643.3
652.3
647.3
647.4
637.9
636.5
633.4
635.6
631.6
637.9
633.4
640.3
642
643.6
642.3
643.8
637.1
646.1
640
639.3
635.5
636.8
634.3
636.1
638.2
632.4
635.7
635.4
642.8
646.1
638.9
643.7
641.1
638.8
639.2
633.3
636.3
634
627.2
636.6
627.1
631.5
630.5
638.8
635.7
637.1
640.7
636.1
636.8
635.9
627.1
633.5
634
630.5
629.4
628.9
631.7
634.8
640.2
640
640.2
638.5
637.3
633.8
632.2
626.8
622.6
626.7
628.5
626.4
631.3
632.7
634.8
641.8
640.2
638.7
640.3
636.2
630.5
628.4
628.5
622.3
626.2
624.2
623.7
627.1
633.3
635
637.4
641.7
637.7
630.9
637.2
630.8
629
629.9
624.4
621.7
620.8
620
621.6
622
630.5
633.8
635.9
639.6
634.5
636
631.8
624.9
625.3
622.5
622.2
619.2
624.5
618.6
624.7
623.5
623.5
633.1
629.3
632.8
632.1
630.9
627.3
626.7
623.3
625.8
624.7
619.8
620.6
617.8
623
621.6
625.8
630.2
628.1
625.7
626
623.3
618.6
618
621.5
614.7
614.6
616.1
617.1
621
623.6
625.2
632.7
628.4
627.6
624.6
623.7
619.8
625.5
622.8
613.1
612
615.7
615.6
618.5
616.5
619.2
628.2
625.8
624.1
627.6
617.2
619.2
617.7
621.3
613.4
618
619.1
615.8
616.6
616.9
619.7
628.2
627.4
631.7
624.6
623.2
620
619.3
612.3
617.6
612.4
611.7
614.9
612.2
615.5
619.6
619.4
628.4
621.6
622
620.8
612.9
620.5
615.7
611.5
611.3
608.2
613.4
617.5
613.8
619.3
618.7
624.1
624.9
620.1
625.8
615.4
618.3
610.4
612.7
610.6
609.3
614.4
614.6
618.7
618.4
620.6
624.5
622.9
622.2
623.9
615.1
619.7
609.3
610.1
613.4
613.3
616.6
613.4
614.9
611
617.4
621
620.4
622.9
618.7
616.4
613
610
607.3
605.7
607.8
606.3
607.1
612.3
612.3
612.9
612.2
614
616.5
615.2
617.5
610.5
606.3
603
605.7
603.8
603.4
606.7
602.7
609.9
614.2
611.7
616.6
619.7
618.2
612.3
613.7
606.3
608.7
601.9
603.1
605.7
613.5
606.2
611
615.4
617
614.6
613.7
616.2
603.8
606.4
603.7
601.5
604.2
599.4
602.2
600.2
606.2
611.4
614
610.7
613.4
609.5
613.3
604.4
603.4
607.2
609.2
603.8
605.2
598.9
599.9
611.4
603.7
607
613.1
613.8
606.6
606.4
604
613.2
608
596.3
595.4
597.4
608.7
598
595.3
608.1
606.7
613.4
610
615.5
604.8
608.4
610
600.8
597.9
600.8
606.2
597.8
600.2
600.8
606.3
608.8
615.7
610
615.4
610.7
605.6
604.9
603.3
601.7
602.6
599.6
592.4
603.7
605.7
598.3
606.2
611.5
605.4
612.7
602.8
600.7
600.9
603.4
602.5
593.9
599.6
597.9
605
605.1
607.3
610.7
613.6
612.2
614.7
597.9
598.3
598.7
603.8
593.2
596.6
599.4
604.9
597.5
601.1
603.7
603.7
606.7
610.9
606.6
607.3
603.7
597.1
596.1
593.5
593
592.7
591.9
597.3
595.2
597.8
603.7
600.4
598.4
601.5
606.1
603.7
596.5
593.9
589.7
597.1
592.4
589.9
591.2
588.9
603.9
601.7
606.7
613.7
598.7
596.7
598.3
603
597.7
597.1
590.7
596.4
598.8
591.2
603.7
595.7
600.9
610.1
606.2
604.2
603
599.3
590.8
597.8
590.8
587.9
589.4
592
589.4
601
599
603.4
603.2
604.7
609.9
603.2
597.7
596.1
593.4
588.1
592.3
593.1
594.6
591.1
591.9
593.5
600.7
606.7
596.6
596.2
589.3
593.1
593.1
588.7
590.9
587.1
587.1
589.8
587.8
600.7
596.3
597.3
598.5
600.4
601.9
603.1
591.9
593.7
590.4
587.4
591.9
590.3
590.4
588.2
596.9
594.5
594.3
601.2
597
596.8
595.1
589
591.4
594.4
590.6
578.9
585
586
589.8
589.3
597.5
597.8
600.1
600.5
597.4
595.9
590.3
581.7
589.9
584.7
586.4
588.2
584.4
588.2
594.4
596.9
595.6
599.4
598.4
595.3
590.8
591.8
580.5
583.9
582.2
586.8
582
584.7
592
597.4
597.7
597.2
597.5
595.7
594.8
587.5
591.3
588
584.4
582.3
581.5
583.8
584.7
590.1
589
589.5
595.6
593.1
590.7
590.3
587.7
588.5
589
582.3
577.2
588.5
585.6
588.1
583.6
593.5
588.5
589.4
600.1
595.6
591.4
586.5
581.4
585.8
580.9
585.6
578.2
581
579.1
579.9
580
587.3
586.5
591.5
592.8
589.6
592.8
590
585.5
578.9
579.4
574.8
581
576.8
578.2
579.3
585.4
583.7
587.4
587.3
584.3
588.4
577.8
587.4
583.4
582.5
577
572.1
576.2
583.2
576.8
583.1
589
584.9
592.1
585.1
589.9
587.6
586.3
579.6
580.7
579.2
575.8
579
574.2
586.7
583.9
581.9
589.1
588.2
590.6
584.1
580.4
584.4
587.9
576.7
571.7
578.7
576.7
580.9
579.5
585.1
588
587.2
587.9
584.9
586.3
582.8
581.5
578.9
579.3
577.1
574.5
574.8
575.3
574.8
583.5
585.1
585.6
587.3
585.4
578.2
583.9
585.8
582.8
579.9
573.8
576.4
573.9
575.8
581.2
585.2
580.2
587.9
589.3
582.7
582.8
583.6
581.8
574.1
574.3
576.7
578.4
573.1
576.4
578.6
585.2
581.8
580
581.2
581.6
578.6
577.2
576.6
571.6
574.4
568
575.6
575
572.1
579.1
584.5
584.2
586
580.4
583.1
580.1
581.3
583.1
579.7
569.3
574.7
569.7
569.7
577.5
580.4
580.6
585.9
587.6
585.3
584.1
576.5
573.8
572.9
570.2
574.3
572.9
564
569
574
577.3
573.5
581.4
577
581.2
575.1
580.4
571.9
570.7
572.5
568.8
570.9
568.6
557.3
570
572.2
577.4
584.4
579.4
580.3
579.5
575.4
575.3
568.4
567.6
570.1
566.1
568.9
568.4
569.7
578.4
576.8
577.7
574.5
578
577.7
572.4
567.1
569.2
567
568.7
572.1
567.7
565.7
571.9
573.2
571.4
573.6
578.9
573.7
576.1
576.6
571.5
570
569.9
566.6
572.6
566.1
567.7
570.8
574.8
571.9
576.9
577
577.7
575.1
574.6
568.4
564.1
569.7
565.1
565.2
566.2
569.3
573.6
568.4
580.4
569.3
584.5
575.6
573.5
575
574.2
569.7
568
564
572.7
558.1
574.3
566.9
578.2
574.6
571.2
577.2
585.6
584.4
578.3
573
570.8
553.7
571.6
567.1
567.4
563.6
566.8
572.1
574
577.3
571.6
573.2
577.6
575.1
570.5
566.8
562.3
568.3
559.5
568.7
565.8
570.9
574
575.4
579.2
577.6
572.4
573.4
566.8
571
562.7
560.1
568
560.5
561.2
567.9
573
562.6
564.8
571.3
572
575.5
572.6
573.2
570.8
554.5
571
568.5
560.3
565.3
563.5
566.8
573.8
572.2
568
578.5
572.4
565.3
568.9
567.6
564.5
562.7
561.2
556.2
558.2
564.4
562.3
559.4
571.5
569.1
576.4
567.8
567.5
565
571.4
568.2
565.5
557.4
563.4
563.6
563.3
564.1
557.9
564.6
566.3
564.7
566
565.1
566.4
564.2
559.3
562.4
559.3
568.4
557.5
557.4
557.4
558.4
561.5
569.1
565.7
569.7
568.9
565.8
561.1
556.7
567.6
560
559.9
553.1
559.8
566.6
569.5
574.2
566.6
568.2
561.9
567.6
571.6
566.4
560.5
560.8
553
556
564.1
566.7
560.7
561.2
565.6
567.5
571.5
568
579.4
567.9
559.8
568.5
563.3
563.8
560.7
563.6
562.3
557.4
557.3
557.4
568.8
570.4
573
563.5
569.1
567.8
565.5
555.4
559.7
560.7
559.7
561.6
557.2
557.3
563.7
562.4
564
564.7
570
570.6
559.5
564.3
557
555.2
557.7
555.2
558.7
556.1
561.5
560.9
566.1
568.7
570.9
575.4
575.2
562.8
565.3
560.3
557.2
556.2
558.4
555.6
552.7
560.6
551.2
566.1
572.2
564.2
570
568.5
562.7
555.9
553.5
558.4
557.7
557.4
562.3
557.6
559.9
559.3
569.4
563.8
566.9
564.8
560.6
563.1
556.4
556.2
555.6
561.1
553.3
559.7
557.4
558
554
557
562.5
566.2
562.6
563
558.3
554.7
556.1
553.8
549.8
551.9
555.3
549
547.9
559.5
556.4
559.3
556.9
568.7
561.7
563.1
556
555
554.5
561.8
550.7
548.9
556.2
556
562.1
564.4
561.9
565.1
566.3
562.7
570.1
562.7
556.3
557.8
557.5
549.9
556.3
554.3
553.4
557.9
558.2
560.5
564.3
567.6
565.9
556.2
558.8
554.9
555.6
555.5
553.5
554.2
557
560.1
549.1
558
556.4
564.5
562.4
563
565.7
561.2
558.7
556.7
549.2
558.5
546.5
553.3
551.8
555.3
555.5
556.9
562.5
557.4
556.4
555.4
559.3
551.8
542.7
552.5
548.7
549.4
557.7
549.9
558.1
555.3
563.1
559.8
565.7
561.9
560.2
555.2
554.7
549.9
553.1
551
551.4
547.6
553.7
550.7
557.6
561.7
557.4
553.4
561.3
561.8
553.8
552.6
555.7
553.6
556.6
553.5
550.9
552.1
550.1
556.7
555.9
557.7
561
558.5
560.6
557.7
554.7
548.3
552.4
553.5
547.3
549.1
558.6
550.2
551.6
556
559.7
560.7
558.5
557.3
549.4
549.4
556
543.7
552.5
558.6
542.9
554.6
556
553.3
560.8
558.6
563.1
563.7
559.3
555.9
552
549.5
554.6
548.6
553.7
553.6
545.8
552.8
556.2
557
567.2
561.1
556.1
563.1
547.3
554.3
554.3
551.3
549.1
551.1
547.3
547.5
551.2
555.4
555.9
555.2
556.9
559.8
556.1
551.7
548.3
551
553.7
546.1
545.2
545.3
555.5
552.3
560.6
559.3
560.4
564.3
559.8
548.4
553.4
550
546.6
550.6
545
546.9
548.9
549.3
556.1
560.9
556.2
563.2
558.2
555.6
549.9
552.4
548.2
544.5
554.1
547.5
546.8
544.5
545.8
548.8
553.1
558.2
562.9
553.4
556.8
553.6
545.8
549.5
545.6
548.4
547.2
547.2
548.4
548.1
541.8
549.5
556.3
557.8
558.5
552.8
549.4
542.7
545.5
543
549.4
546.8
547.6
544.5
550.7
554.1
565.5
552.3
558.9
552.4
554.6
551.4
545.6
547.7
541.9
540.8
540.2
537.2
543.4
548.5
549.1
550.6
558.8
552.5
552.4
550.2
551.9
543.2
546.3
545.3
538.6
541.9
543.2
540.1
543.1
544.7
551.3
551.1
558.9
553.6
548.9
546.1
544.9
547.2
544.5
542.3
536.5
537.1
541.9
542.2
561.9
552.8
550.8
551.2
556.4
550.5
545.6
544.5
542.7
542.7
545.2
538.4
545.2
545.5
544.4
544.5
551.5
550.8
552.6
551.7
550.4
542.8
546.4
546.3
549.6
546
542.8
541
539
547.1
540.7
550.9
549.7
555.4
551.4
551.3
546.6
546.5
542.3
547.4
539
541.7
543.7
544
545.6
541.1
546.1
556.7
551.1
552.5
547.7
548.5
547.5
542.8
538.6
541.3
542.6
538
545.3
546.6
546.6
550.7
554.5
551.7
556.3
552.1
550.1
542.2
544.5
543.3
544.1
542.7
541.5
539
541.9
543
548.4
543.8
550.2
555.7
552.8
548.5
544.9
545.8
541.3
538.9
541
538.9
536.1
546.6
548.1
547.1
553.4
553
550.9
546.6
544.3
545.5
546.6
543.5
544.6
539.9
536.9
543.7
546.4
549.3
548.3
550.8
554.1
552.5
550.9
543.9
546.3
541.7
535.5
541.6
541.2
538.6
540.2
539.6
541.7
546
553.6
552
552.7
545.3
546.5
548.2
548.4
545.9
540.4
542.3
544.1
535.1
547.6
547.7
552.7
549.7
547.4
550.9
558.5
558.5
548
544.8
546.1
546.6
543.5
548.9
544.6
540.6
547.1
551.7
553.3
546.8
552.2
560.5
553.8
552.1
547.4
540.5
548.9
545.2
543
545.5
541.1
551.3
542.2
548.8
549.5
549.4
547.6
548.3
547.1
546.5
538.1
550.8
539.7
541.1
541.5
536.7
543.4
545.8
550.1
547.9
539.7
543.9
550.9
550
541.7
546.5
538.7
533.8
544.6
540.5
540.9
543.3
546.1
543.5
547.1
550.5
545.8
545.3
546.7
537.6
541.8
541.5
534.6
540.4
544.2
545.4
543.3
540.7
545.3
542.8
549.1
551.4
543.3
539.2
542.6
541.1
539.4
542.1
533.6
547.6
542.2
548.1
548.9
545.9
541.8
544.8
543.8
543.7
537
539.7
546.1
534.8
539.1
542.5
540.5
547.1
547.1
541.2
543.2
548.9
546.4
547.1
549
539.2
537.5
537.1
535.4
536.6
537.6
534.6
534.5
538.4
551.8
549.7
547.9
546.8
546.8
542.5
544.6
541.8
534.6
536.1
537.1
539.7
540.4
537.1
535.3
541.8
547.1
545.5
543.1
553
549.2
541.5
540.3
530.5
536.1
530.8
531.8
547
538
537
537.7
544.9
544.9
545.6
542.8
553.7
535.3
540
541.1
535.4
535.6
541.5
541.8
541.4
541.9
539.1
541.4
538.1
550.1
550
547.2
541.9
539.7
532.8
537.1
536.4
536.2
535.6
531.4
536.6
538.6
543.1
556.9
543
546.2
538.6
537.6
537.4
539.4
537.6
539.7
537.4
540.1
538.4
536.6
541.9
545.6
549.7
550.7
546.4
546.9
542.2
545.6
541.2
538.7
536.8
538.3
539.7
539.6
545.5
546.6
546.6
545.1
549.1
548.7
546.4
540.3
539.2
541.2
540.7
530
537.8
540.1
537.6
544
545.8
544.4
548.7
546.9
548.4
544.3
538.9
536.5
541.2
532.8
536.1
536.3
536.4
540
539.6
540
547.2
544.9
550
547.8
535.1
539.4
537.6
539.1
534.6
536.9
541
537.1
540.6
544
535.5
547.9
546
546.8
548.4
532
531
538.4
532.4
536.8
531.6
533.4
535.3
541
544
546.1
541.6
548.9
550
545.6
543.3
534.9
539.7
538.7
540.5
537.4
536.1
538.8
536.3
535.1
544.4
548.6
552.5
546.4
544
540.2
534.2
537.9
536.8
536.3
534.1
535.5
541
537
548.6
537.1
542.5
541.4
540.1
537
550.8
541
537.1
536
533.4
533.5
534.1
535.4
539.5
539.9
538.9
536.1
541.4
546.1
542
542.4
536.1
534.2
533.5
529.8
531.7
530
535.9
535.5
536.1
537.7
545.5
539.6
539.7
533.2
538.4
538.6
534.3
532.9
532.7
533.1
532
536.1
536.1
541
541.5
548.6
542.2
542
530.5
543.8
533.5
541.2
543.4
538.2
533
538.1
542.4
541
541.4
547.8
545.1
545.7
546.1
544.4
539
535.6
532.5
539.3
535.3
537.3
535.6
535.5
540.4
543.2
541.7
545
542.9
542.8
542.2
531.2
537.1
535.4
536.6
529
533.8
528.7
534.9
541.2
540.2
545.6
547.3
547.6
546.1
543.5
542.5
539
540.3
538.2
536.6
533.8
537.8
533.5
535.2
538.4
545.6
543.9
543.8
545.3
545.1
540.8
541.3
540.7
534.4
536.7
538.9
536.2
538.1
542.2
540.3
543.4
549.7
545.4
551.6
542
542.5
534.9
540
535.8
538.7
534.1
534.6
533.8
533.3
545.5
545.7
544.4
542.1
548.4
540
541.5
535.1
538.5
534.2
533.6
531.7
534
540.2
541.9
537.8
541.7
544.5
544.8
549.4
541.6
539.6
542.2
538.5
536.7
535.3
527
538.9
535.6
540.2
539.2
547.6
549.7
545.9
538.7
541.5
531.7
532.5
535.1
533.8
529.5
533.6
530.8
534.8
542.4
541.2
544.6
543.8
543.7
542.2
538.9
529.6
537.1
536.9
538.1
536.8
538.6
540.8
538.2
540
542.1
544.4
544
544.6
544.8
531.2
533.8
530.4
537.8
529.2
535.6
536.6
535.8
538.3
546
538.4
547.2
546
541.7
540.7
535.7
531.9
530.6
534.5
537.3
534.5
540.1
536.9
540.4
546.3
546.8
549.7
544
544.6
537.6
539.5
536.4
532.8
537.3
538.9
536.1
535.6
533.4
535.2
544.4
542.6
546.5
536.1
539.9
543.8
543.1
538.8
537.4
541.3
534.9
535.3
535.5
534.3
535.3
540.5
542
540.9
546.6
544.1
534.6
538.2
535.2
535.3
531.3
533.6
529.9
535.1
534.6
539.6
541
542
542.8
542.3
544.1
540.8
540.5
533.6
535.5
528.6
533.3
533.3
528.4
534.1
535.5
544.3
538.9
543
537.4
538.1
537.6
536.8
533.8
538.2
531.6
529.4
532.6
530.9
533.3
537.7
538.7
546.6
537.8
542
535.8
537.1
532.3
538.8
527
530.2
532.7
531.3
529.5
538
533.1
541.6
539.2
541.6
540.2
538.9
541.1
536
531.2
530.1
527.1
529.3
523.5
530.3
534.6
535
534.4
539.9
541.8
537.8
541.7
535.9
538.4
534.1
532.6
530.4
530.6
530.5
529.7
537.8
536.9
539.7
541.6
544.7
544.3
535.6
533.9
534.6
537.4
531.8
532.6
527.3
531.3
533.9
533.8
532.1
533.8
541.6
539.4
542.2
537.8
539.2
534.4
533
530.3
530.8
534
527.3
531.6
526
528.8
532.2
536
533.9
537.3
542.7
532.4
534
534.6
523.8
528.6
530.3
532
529.6
536.8
527.8
537.5
538.8
538.4
538.5
539.1
534.6
530.3
530.5
529.7
529.9
528.5
527.8
531.9
530
531.9
540.2
536.9
542.1
541.2
540.2
536.4
532.7
535.4
532.9
533.8
530.3
533.2
533
530.8
536.8
539.9
541.9
538.8
537.1
532.3
534.3
529.5
535.6
535.3
528.1
531.6
525.5
528.2
532.4
531.3
534.3
540.2
540.2
540.2
537.7
531
531.3
528.9
533.5
527.2
525.8
526.2
524
528.9
533.8
543.5
541.4
536.9
540.1
541.1
530.6
540.2
532.1
533.4
528.4
531.2
536.3
530.2
531.6
535.7
538.9
546.3
542.1
535.3
539.4
534.5
534.6
534.3
535.3
534.4
530.7
528.4
532.8
533.3
537.7
528.1
542.6
546.5
540.8
540.6
532.1
538.7
522.4
531.2
533.2
528.8
536.3
536.3
533.2
535
534.7
542.4
540.6
545.8
542.8
539.1
538.9
527.5
533
531.6
529.4
532.5
535.1
533.8
536.5
541.4
541
542.9
544
539.4
539.3
539.3
537.9
536.7
533.8
528.2
529
533.2
537.8
530.2
538
541.5
537.9
544.4
541.5
543.3
534.8
536.9
537.6
534.5
525.5
531.2
531.5
529.6
533.7
545
542.1
542.6
543.2
542.2
538.4
538.2
539.4
528.4
533
530.7
531.8
526.4
541.5
536.4
533.9
542.8
541.2
542.4
546.1
545
537.1
538.6
541.8
534.6
533.9
530.7
535.2
534.8
533.4
535.1
529.2
540.7
539.3
538.3
542.6
533.2
533.5
539.4
527.1
529.8
531.8
532.1
535
533.5
527.6
543.4
539.5
535.2
543.5
540.1
533.8
536.3
537
536.4
534.4
529.8
533
533.8
533
527.1
538.6
540.9
540.8
542.6
534
532.1
537.5
529.8
532.4
530.2
532.3
529.4
532.7
539
532.3
535.4
542.4
546
539.4
537.8
527.6
529.9
530.1
528.6
535.1
528.9
528.7
528
538.4
536.4
538.5
533.3
542.2
546.5
542
538.9
532.2
536.2
535.4
528.9
534.4
532.7
532.1
532.6
535.2
536.1
541.2
540
548.7
540.4
541.4
532.7
533.5
530.1
525.9
532.5
528.5
533.7
527.1
537.9
542.5
540
536.5
545.1
536.8
536
533.7
537.1
533.5
532.8
529
533
533.2
535.5
537.4
534.8
537.3
541.1
539.4
542.4
535.2
534.8
531.5
531.8
526.5
531.5
533.5
529.3
530.2
531.7
531.2
531.3
534.6
537.9
534.6
539.2
535
536.9
533.8
533.8
533.7
532.7
527.7
528.7
532
529.3
533.4
537.6
538.6
540.3
539.2
531.7
535.4
534.8
529.2
527.5
528.8
529.3
526.7
535.5
531.1
536.9
539.8
538
543.5
535.1
532.1
534.7
533.7
528.5
534.6
526.1
532.5
527.4
531.7
532
538.9
540.9
540.5
534.7
541.8
534.5
529.5
527.4
532.9
523.1
528.2
530
531.2
533.6
533.3
538.5
539.5
535.5
541.5
536.3
532.4
532
533.5
529.5
528.5
531
529.4
536.9
531.6
536.6
539.8
540.8
541.4
540
537.9
532.5
524.1
530.3
531.7
525.7
531.7
520.9
535
528.1
532.2
537.1
543.7
539.6
540.2
536.1
529.8
529.9
535.1
529.2
530.7
533.5
526.8
526.3
530.4
532.4
536.6
534.3
540.5
540.2
539.4
531.5
531.3
534.8
528.1
526.7
526.5
524.9
530.8
530.3
535
533.5
539.8
537.4
537.3
540.1
536.4
532.2
532
526.2
522.2
527.7
526.5
527
529.6
535.3
535.7
537.8
541.7
534.3
535.4
528.8
529.9
526.9
524.2
529.5
524.7
526.8
528.5
529.7
527.5
537.4
537.2
542.5
538.8
533.3
535.6
535.7
528.4
529.5
528.6
527.9
528.6
526.5
527.9
537.5
539
539.1
536.7
536
536.1
526.3
533.1
528.4
526.7
534
533.7
529.2
532.8
534.5
534.9
534.3
540.4
539.6
539.4
539.2
530
532.1
531.3
530.7
529.3
527.2
528.7
530.2
532.9
533
534.6
535.6
537.6
535.8
536.1
537.6
533.5
530.5
533.8
525.8
525.2
527.8
528.9
535.1
531.7
537.8
536.4
540.4
536.1
529.8
536
527.8
528.8
525.4
531.8
524.3
525.7
524.6
527
528.9
539.3
540.1
538.4
536.5
538.1
532.1
537.9
530.7
530.8
525.7
528.3
525.4
530.5
530.7
534.3
534
545.6
539.4
535.5
535.9
534.2
525.8
529.5
530.3
525.7
527.4
533.8
526.5
526.5
532.3
538.5
536.3
536.6
539.2
544.6
535.1
532
528
528.9
527
527.9
525.9
533.3
528.7
528.6
531.5
536.4
538.6
542.2
534
533.3
533.2
528.4
532.8
527.5
522.7
528.8
530.1
528.1
529.1
533.7
537.6
531.7
538.9
537.4
536.2
534.5
529.2
524.2
520.4
530.5
529.5
527.9
528.7
532.8
534.3
531.7
536
535.1
535.6
532.2
533.1
527.7
524.6
529.8
526.5
526.2
532.4
535.7
534.6
535.6
534.8
535.3
536.4
534.3
531.3
527.2
534
527.7
523.2
524.9
528.5
523.7
530.2
531
541.5
537.2
543.3
533
530.3
539.4
530
528.9
526.7
525.2
529.5
526
529.8
531.6
533.6
539.3
540.9
537.4
537.4
536.3
534.9
523.4
531.5
523.6
528.4
527.5
530.7
532.1
532.2
533.8
536.2
536.3
535.1
534.5
534.6
528.1
530
527.9
523.6
524.9
530.7
526.3
532.3
529.7
535.3
537
537.4
535.4
531
529.9
526.7
531.8
527.7
522.6
523.3
521.4
526.2
527.7
527.7
533.9
538.6
532.4
535.9
535.9
536.5
529.4
527
525.2
527.6
526.1
528.5
524.3
529.4
532.7
536.4
529
537.3
537.8
532.3
533.3
529.5
527.7
529
524.6
525.4
527.7
534.6
526.8
529.5
535.1
535.5
530
534.1
534.7
528.8
519.6
530.5
524.8
525.4
522.1
532
531
536.1
527.9
526.1
531.4
534.6
536.1
536.4
532.5
528.7
526.2
527
530
523.4
526.7
520.9
529
528
530
533.7
530.5
535.5
534
528.9
526.8
529.8
526.9
529.4
529.5
523.7
524.4
522.2
529.7
525.9
530.5
537.1
536.6
530.5
531
529
526.8
525.8
528.1
526
525.2
526.5
531.3
527.4
529.3
535.4
534.4
531
533.1
534.6
528.2
528.7
529.4
526
526.5
520.4
525
524.9
535.8
536.6
536.3
533.2
537.7
532
529.6
527.1
523.7
526.6
522.4
525.2
527.5
525.1
527.9
529.8
536.6
530.8
533.3
532.7
532.4
535.2
526.3
533.4
525.2
531.1
528.7
528.8
527.8
535.7
538.3
533.9
530.8
532.3
540
533
527.2
525.3
526.7
525.4
527.1
525.3
528.8
528.6
533.1
534.5
540.8
540.3
540.7
540.1
541.4
534.5
530
534
527.5
522.1
532.6
523.8
536.6
542.4
530.4
530.8
539.9
538.5
536.3
537.3
529.5
526.9
528.5
528.9
527.3
531
526.4
532.1
529.8
531.1
537.6
540.7
535.6
537
533
536.9
532.8
533.2
527.8
529.6
527.4
526.6
528.1
532.3
531.8
535.3
536.7
538
540.8
540.9
531.4
528.5
517.7
528.6
525.5
527.7
525.8
529.3
532.3
536.2
533.6
540.4
535.9
535.5
542.5
532.5
532.1
532.9
529.2
523.9
529.8
532.5
528.8
526.7
531.4
534.9
533.6
540.1
541.9
538.4
533.4
532
530.4
531.1
527.3
529.6
529.1
524.4
525.7
530.8
530.2
535.9
537.2
540.8
534.9
535.1
530.7
529.6
532
526.2
526.2
529.1
525.8
529.5
533.9
537.1
539.3
541.2
539.6
538.7
534.7
533.7
528.4
528.2
531.4
525.2
526
530.5
527.8
530.4
533.4
533.4
535
540.5
538
533.5
531.4
532.7
530.4
526.9
525.9
523.1
528.8
531.7
535
537
539.7
539.8
536.2
534.2
532
533.2
530.9
532.7
527.1
531.9
535.2
524.1
529.1
533.9
535.3
538.5
537.5
531.2
543.9
531.8
528.4
524.8
522.2
525.7
526.3
520.8
525.4
531.5
534.6
537.5
537.4
530.4
535.5
531.5
531.2
524.4
523.5
523.1
524.7
528.4
523.9
520.2
526.4
528.5
528.7
535.7
534.3
534.1
531
533.6
524.5
522.8
524.9
523.9
521.3
532.7
522.7
521.4
528.9
532.8
534.1
531
533.8
534.2
529.7
528.2
525.4
522.8
524.6
526.9
525.6
523.9
528.8
535.7
534.9
536.9
537.5
538.7
533.7
529.7
534.2
529.9
526.3
531.6
526.8
524.7
530
528.7
530.6
528.3
536.8
537.2
540.2
533.6
528.3
530.1
530.9
523.6
528.5
530.1
525.3
528.1
530.3
531.3
535.9
536
538.2
535.9
536
536.2
532.4
527.8
525.5
529.5
531.8
524.3
529.3
530.8
523.5
534.1
533.2
536.7
540.2
537.8
532
530.6
531.5
528.6
529.5
526.9
527.2
531.1
534.8
528.5
533.9
533.9
534.4
541.8
530.2
529.3
529.1
528.1
530.9
525.9
526.5
527.6
531
529.4
529.1
533
534.6
538.2
541.9
542.1
529.9
526.4
528.3
526.5
527.6
527.8
530
524.8
530.3
530
538.4
535.5
537.5
533.9
535.9
532.7
532.4
524.5
529
529.5
527.3
526.3
530.3
528.8
530.6
539.1
535.5
536
537.7
535.3
534.4
537.4
523.3
525.6
520.8
525.8
527.5
526.1
529.2
528.3
530
531.7
537.8
533.5
533.2
536.4
526.1
527.9
530.8
526.5
526.7
526
528.5
522.9
530.2
529.6
532.3
532.4
533.6
530.4
534.1
526
526
527.8
527.1
524.8
524.2
527.1
530.6
533.4
532.9
534.2
539.1
540.7
535
531.3
531.1
531.1
534.2
525.1
532.2
526.8
526.3
525.8
533
533.7
538.4
536.2
537.7
533.9
529.6
530.1
524.9
532.7
526.6
526.3
527.8
524.2
527.3
533.4
533.7
537.4
534.1
535
533.3
531.2
531.4
526.1
530
527.6
524.1
529.2
526.8
528.8
537.3
538
540.9
538.4
540.1
527.3
532.6
530.3
527.5
525.1
530.6
529.1
531.2
532.4
535.7
533.3
539
535.1
531.3
534.6
530.9
532.2
522.7
527.9
527.6
529.9
518.7
524.7
514.6
524.9
530.7
536.5
540.7
536.2
534.4
534.6
530.4
528.7
529.2
520.9
526.5
526.6
522.8
523.2
539.2
536.8
534.8
535.2
537.1
533.2
535.2
530.7
531.4
529.8
526.4
521.5
531.1
528
529.3
529.2
535.4
532
536.9
534.6
534.4
529.4
527
527.6
524
527.4
521.4
518
524.9
525.5
529.9
534
537.3
538.5
538.6
536.4
531.1
535.2
529.4
526.9
527.3
525
522
528.7
527
536.4
535.7
533.9
534.6
530.3
534.1
532.9
529
522.7
523.1
521.5
525.7
529.8
525
527.6
531
531.1
531.3
538.9
532.5
532.8
527.2
524
522.7
525.2
519.1
518.5
519
520.1
523.5
534.9
531.4
530
541.6
533.9
537.9
529.8
527.9
523.6
523.4
526
525.2
526.7
524.4
529.6
535.5
536.9
533.5
532.2
535.2
533.9
530.1
528.4
525.6
520.7
522.7
520.6
528.3
524
528.3
528.8
535.7
534.9
533.3
536.6
533.7
530.1
522.8
524.4
525.8
524.1
527.8
525.4
530.1
528.8
535.3
533.4
537
534.9
537
529.5
530.3
523.3
528.3
525.6
526.6
528.3
524.6
529
531.3
534
535.6
536.3
534
533.7
531
534.4
531.4
529.1
524.2
527.4
529.5
526.3
528.8
525.9
532.1
535.9
531.7
533.6
528.1
531.7
527.1
530.7
527
526.7
524.2
528
521.9
526.9
527.6
531.4
531.5
530.8
536.3
534.1
535
532.5
530.2
529.6
526.5
530.1
527.1
525.2
531.6
538.8
538.3
533.6
537.2
531.6
531.9
533.7
527.5
525.5
526
526.3
522.5
526
519.4
533.4
531.5
531.8
532.2
534.2
531.3
529.5
531.5
529
523.9
530.2
528.8
525
521.4
526.6
528.1
530.8
535
536.7
528.2
534.8
530.8
528.1
524.3
523.8
526.7
523.8
524.9
523.3
526.9
531.4
530.5
533.7
533.2
533.6
532.2
529.9
521.5
527.4
527.4
529
525.3
526
525.6
520.2
529.9
531.7
531.9
539.2
535.7
538.6
533.7
528.5
527.8
532
525.5
523.7
522.8
523.1
529.3
531.1
526.2
534.4
529.2
537
534.5
531.4
531.4
525.5
525.8
526.4
527.4
522.3
523.9
521
524.8
531.6
534.8
534.5
536.5
537.3
532
530.2
531.2
528.1
527.5
519.3
523.8
526.1
525.5
529.4
525.6
531.6
531.5
534.7
535.6
526.6
534.3
531.9
530.2
521.6
525.5
524.5
531.3
530.2
535.1
531.8
539.3
533.3
532.8
534.4
531.9
535.3
531.1
524.3
525.9
528.5
526.1
516.7
530.7
530.8
530.5
532.9
533.3
535.2
536
525.6
529.4
526.2
528
533.3
522.8
526.4
527.1
531.3
533.5
538.2
537.7
533.2
531.8
534
532.9
524.5
526.3
528.2
525.5
521
527.4
529.3
525.7
531.7
541.8
539.1
536.7
537.5
531.3
536.5
530.2
522.6
529.3
525.4
520.4
524.4
524.6
526.2
535.2
531.4
532.7
534.1
533.6
534
531.2
529.4
524.8
523.8
524.1
524.6
522.4
526.2
532.6
528.3
531.1
537.1
534.4
535
530.1
535.5
531.6
525.9
519.8
524.1
523.6
526.9
528.1
530.4
530
535.1
536.2
532.3
536.7
530.9
530.8
536.7
530.8
525
526.6
527.2
527.2
523.6
528.8
511.8
527.2
533.7
536.7
534.6
532.4
530.3
523.8
528.3
528.6
524.8
524
525.9
530
525.3
527.4
530.2
529.2
539.7
536.7
531.8
519.5
531.6
526.6
525.1
525
521.5
520.8
524.3
521.3
526.9
531.1
533.8
536.8
536.8
536.6
534.1
533.2
528.6
530.1
523.7
526.2
526.1
524.1
529.3
525.5
533.4
532.7
531.3
535.1
531.6
540.3
529.3
530.3
529.2
526
526.3
523.6
523.8
528.2
524
531.4
531.9
536.6
535
538.3
532.1
530.1
527.1
526.9
526.6
526.6
524.9
524
524
528.7
526.6
535
533.2
531.1
535
532.7
527.2
522.9
519
524.3
519.9
518.8
522.6
529.7
522.5
522.4
535.8
534.6
533.2
534.4
528.6
522.8
523.2
525.1
524.7
521.2
521.3
524.2
529.3
527.7
532.1
533.8
534.1
532.9
533.9
526.2
523.1
521
518.3
520.5
518.1
523.4
529.8
529.3
531.9
527.3
531.4
535.4
533.7
525.6
529.3
523.7
524.3
519
523.6
527.1
525.8
525.6
523.9
528.4
537.7
532.1
539.3
533.9
529.5
528.5
526.1
521.3
519.8
525.5
523.1
516.8
525.5
529.3
531.2
531.7
539.1
536.4
531.1
529.6
530.9
526
521.6
530.4
521
523.8
523.6
521.3
526.4
529.4
530.7
534.3
536.5
536.5
532.8
527.3
526.3
526.6
524.3
525.2
526.1
523.3
526.1
532.8
535.2
535.3
533.6
536.1
532.7
532.4
530.5
528.3
521.8
522.1
532.6
523.8
524.5
527.7
530.7
531.2
537.5
537.4
536.1
538.4
532.9
525.7
529.8
526.6
523.1
525.7
524.5
523.2
526.6
534.5
530.8
536.4
537.7
533.9
531.2
531.9
531.5
524.5
520.6
522.4
521.3
526.3
523.3
531.8
531.9
538
538.6
531.1
536.5
530.9
529.6
531.8
523.6
526.5
526.7
528.8
520.9
523.8
524.9
532.1
531.4
536.2
533.4
536.5
530
531.7
526.6
527.8
525.8
520.5
527
525.8
522.7
530.1
531.1
532.4
530.5
534.9
535.2
530.6
528.9
525
525.3
525.3
525
520.3
520.6
525.1
525.3
526.7
530.2
539.6
533
536.2
534.3
531.1
526.5
527.1
522.1
521.2
524.1
523.1
522.7
526
526
535.2
530.3
531
535.2
529.4
528.8
529.7
523.2
527.2
516
520.8
525.2
527
531.4
533.5
528.5
531.4
532.7
534.3
532.2
528.8
526.6
516.8
520.3
522.5
519.8
520.4
524.2
527.1
518.8
526.4
531.1
535.7
534.5
531.3
528
525.3
527
522.9
520.5
531.7
519.5
521
525.3
527.9
527.8
530.6
530.8
531.3
535.9
516
524.8
528.3
520.8
521.2
521.8
520.8
525.9
529.3
523
527.8
532.1
536
538.3
527.1
533.9
528.1
521.7
528.6
521.8
521.5
523.5
524.5
522.9
524.6
529.4
530.7
535.4
532.1
528.9
533.4
527.4
523.8
525.7
528.1
522.8
520.3
521
524.6
526.6
533.4
532.9
532.9
536.7
531.7
528.1
528.4
529.9
522.5
523.4
521.5
520.4
525.8
526.2
522.5
529.2
529.9
534.3
528.8
538
524.5
526.1
524.9
532.7
518.3
522.8
529.9
523.2
534.1
536.6
527.4
528.6
535.5
533.9
533.1
529.8
524.8
526.5
525.8
519
529.6
520.8
521.2
525.8
526.7
530.2
525.3
533.9
536.5
530.5
527.4
520.1
524.6
522.2
517.5
523.4
522.3
524.1
529.6
527.6
531.4
528.4
535.3
534.1
532.9
529.7
524.8
527.6
530.7
523.2
525.3
519
526.6
520.3
526.6
521.2
535.3
534.1
534.9
535.7
529.6
528.7
522
519.5
518
524.3
525.4
526
523.2
524.5
526.5
528.2
535
535.7
534
534.9
530.6
527
522.6
524
520.5
519.3
523.5
529.9
529.6
526.4
529.7
533
527.1
533.9
527.7
526.6
524
525.2
526.8
521.9
523.2
532.4
523.3
526.7
523.9
530.8
534.2
536.4
530.3
532.1
530.4
529.1
524.2
520
524
524.3
525.8
522.3
526
527
528.4
533.7
537.7
537.8
527.8
526.3
524.1
525.4
522.3
521.5
521.9
519.4
522
522.6
527.6
531.9
526
531.5
535.8
531.6
530
528.5
530.2
526.3
523.8
520.7
516.1
518.1
526.1
527.7
529.7
534.2
532.6
531.2
528.9
527.6
526.2
529.2
523.2
521.4
520.7
519.1
521.9
522.9
526.2
528.6
527.3
528.5
532
532.4
529.8
527.9
522.8
523.7
523
516.1
520.7
524.1
524.4
524.1
531.4
530.9
534.7
531.9
533.6
535.5
525.8
528.4
526.1
520.2
522.3
522
525
521.6
526.5
530.6
530.1
529.3
529.8
530.4
526.3
517.5
522.5
528.2
518.5
516.8
523.3
523
529.1
528.9
528.5
529.7
538.5
530.2
530.4
527.8
519.7
522
525.2
526
522.8
525.1
522.8
523
527.4
525.3
531.8
534.2
531.3
530.9
526.1
521.6
525.1
519.8
518.3
519.1
529.8
522
530.8
533.3
536.4
535.3
535
532.1
539.1
534.1
524.2
528.2
529.8
526.8
524.8
523.2
522
526.7
530.1
531.5
529.7
531.9
538.4
531.9
535.8
524.9
535.7
530.9
525.6
524.2
525.8
528.2
525.8
529.9
534.5
534.8
531
536.6
536.3
532.5
532
525.7
521.2
526.4
525.2
526.8
526.6
529.1
529.8
533.4
538.7
534.3
534.1
538.4
528.8
528.7
529
528.3
531.6
527.3
524.8
526
519
530.1
530.5
532.5
533.8
533.3
534.2
531.9
532.1
530.2
527.9
527
526.5
518.8
523.8
527.6
525.6
528.9
525.3
532.7
535.1
531.2
530.4
528.6
529.6
522.9
522.7
522.4
520.8
520.9
518.9
521.6
522.4
526.6
530.3
525.4
525
529.1
528.4
530.6
524.2
522.4
516.5
527.8
522.1
523.5
529.8
528.1
526.9
532.8
530.7
532.9
527.1
524.3
519.5
521.2
520.6
519.3
519.2
521
517.3
524.1
530.4
530.4
527.7
527.3
535.5
529.4
528.6
528.8
522.5
521.8
522.1
525.1
518.8
525.6
519.4
524.4
528.5
533.4
533.6
534.2
531.8
527.4
525.7
524.1
527.9
525.3
519.2
522.4
522.6
524.1
529.1
528.6
524.8
530.4
525.7
526.7
526.1
521.2
522.1
530.5
519.6
519.9
518.8
521.3
521.5
523.5
523.3
529.8
528.7
531.6
529.1
531.2
524.4
525.8
522.3
517.2
523.4
517.8
518.7
525.1
522.7
526.6
529.8
532.7
531.8
531.7
529.8
528.6
525.2
521.7
519.3
521
518.8
523.1
523.8
521.2
524.7
526.6
531.3
532.3
525.8
530.5
524.3
524.2
521.8
521
524.5
524.2
524.3
519.1
526.4
528.6
527.4
533.2
532.9
530.1
529.7
528.1
524.3
518.8
524.3
529
518.4
522.6
519.4
522.3
525.9
527.7
526.1
529.3
532.2
534.2
530.7
524.6
524.9
523.9
519.7
517.8
522
521.3
531
524.1
522
533.8
530.1
534.7
528.6
525.5
519.6
525.7
521.6
524.4
526.5
524.1
531
529.1
527.6
526.5
527.1
528.6
533.1
521.8
520.6
518.9
514.2
517.7
518.6
519.4
525.2
524.4
528.1
531.2
531.4
535.1
538.5
530.1
528.2
529.7
523.3
522.3
520.9
523.6
522.7
529.6
525.7
530
528.8
527.7
533.8
525.6
533.6
528.8
531.2
526.4
521.6
522.4
529.7
526.4
521.8
527.6
532.9
534.2
532.6
530.9
532.5
526
530.1
526.1
524.8
524.4
525.8
522.2
526.5
530.2
528.4
530.7
539.4
529.6
535.4
535.2
531.5
526.6
529.5
520.2
518.5
516.5
518.6
529.4
523.6
523.6
525.6
524.1
527.8
529.6
532.9
526.9
524.5
518.9
518.6
520.1
523.6
525.7
529.2
521.8
531.5
529.5
533.7
532.8
533.4
524.3
532.2
523.6
522.4
526.8
524.4
527.1
519.8
523.4
526
530
530
528.2
536.9
541.6
533.2
530
527.2
528
522.1
523.7
524.1
523
521.9
529.3
531.2
533.7
531.7
532.9
534.5
522.2
525.6
523.5
524.9
523.4
531.2
524.3
518.8
525.6
530.3
532.2
528.6
531.8
533
532.8
527.7
529
526.3
523.9
524.3
520
525.9
521.6
526.8
528.9
531.3
535.6
535
533.8
528.5
529.9
528.1
527.2
523.9
517.1
520.6
518.7
526.1
526.4
527.4
522.3
533.2
529.7
534.5
527
538.6
526.5
525.5
524.3
520.2
521.2
523.1
518.2
519.7
523.1
525.6
522.6
526.6
529.1
529.2
531.5
522.6
522.9
521.4
520.8
518
521.1
522.2
519.8
521
526.6
527.3
537.3
533.6
530.5
537.3
526.6
524.2
518.6
518.3
526.1
521.8
519.6
521.8
531.9
530.6
530.1
529.6
529.5
534
528.3
525.6
522.6
525.5
523
524.4
524.4
523.6
523.6
527.2
534
536.3
533
526.8
523.3
523.4
526.4
523.8
523.2
515
517.7
516.5
519.5
523.3
525.6
525.9
525.9
527.1
529.2
529.6
520
516.7
523.4
522.9
523
516.9
520.3
520.3
523.2
525.7
525.7
528.6
529.3
521.9
525.6
524.2
522.9
522.7
520.6
519.1
517.9
522.6
523.3
522.2
526.9
527.6
525.8
528.9
528.3
522.7
521.6
519.6
526.4
520.2
515.8
511.4
523.6
517.9
526.3
523.2
533.7
533.2
535.4
531.7
527.8
523.6
533.5
523.3
520.9
527.3
522.5
531.9
525.6
526.1
530
530.5
531.9
529.2
528.2
530
526.7
525.2
525.6
517.3
522.4
524.2
520.6
521.6
527.2
526.7
532.9
532.8
527.3
535.9
531.1
525.2
524.4
523.6
524.1
526.7
518.2
521.6
524.8
518.8
527.2
537.5
532.2
536.1
529.1
527.4
521
523.3
525.3
528.1
515.1
522.5
520.9
522
528
532.5
533.6
536.8
533
531.1
524.7
529.3
526.7
526.2
522.4
521.5
526.4
523.8
520.5
528.6
527.8
528.7
532.7
536.1
529.9
529.9
523.7
524.6
523.3
521.6
521.9
523.7
523.3
529.3
530.6
531.7
533.8
530.4
533.7
533.9
526.4
523.9
524.8
525.2
523.1
523.8
524.6
522.6
527.4
527.4
533.3
538.4
535.9
534.4
524.7
526.2
528
526.5
525.9
521.5
518.3
526.4
523.6
526.1
530.9
532.7
533.9
532.4
532.8
524.1
527.5
519.4
523.1
521.6
521.7
516.3
519.3
525.5
527.6
530
530.7
535.2
531.5
535.2
536.9
528.2
522.7
523.6
520
522.4
521.1
523.9
518.1
521.8
519.9
527.9
530
532.4
525.5
521.8
521.1
524.8
525.7
522.9
525
527.2
525.8
524.1
519.8
531.2
526.4
529.9
538.4
533.6
535.4
529.7
529.2
524.9
522.9
527.4
523.5
525
524.8
530.5
525.9
528.7
534.1
537.9
537.1
528.2
527.8
524.9
525.4
527.7
529.5
526.8
527.1
522.5
528.1
534.5
535.9
537.1
537
534.7
531.3
531.8
528.7
525.2
520.7
521.3
523.4
525.6
524.3
528.6
531.5
534.2
534.7
532.1
537.2
528.9
531.5
530.8
523.2
524.7
524.9
521.6
526.1
525
524.8
530.2
533.9
535
538
537.8
534.1
531.8
532.4
527.5
531.4
527
524.3
525.9
524.4
523
529.5
529.3
534.2
531
535.1
537.3
535.6
530.7
525.8
524.4
528.8
523.2
520.1
525.8
522.3
522.1
533.3
528.2
538.3
541.9
538.8
537.9
525.3
530.5
530
531.4
526.3
530.9
524
527.1
533.4
531
531.1
531.9
533.2
537.1
543.7
532.5
528.3
528.9
531.6
524.7
529.4
524.1
528.8
532.4
532.2
533.7
535.2
536.8
536.1
537.8
538.6
530.5
528.6
521.7
527.6
529.7
525.6
526.5
533.7
536.2
532.7
539.4
538.9
536.7
538.9
533.5
530.5
527.3
528.8
533.9
526.9
527.2
530.8
528.2
532.8
540.2
541.2
537.2
538.4
534.1
534.6
532.4
532.7
527.6
525.7
530.6
527.5
531.4
533.7
540.6
544.5
542.2
545.2
542.9
541.5
535.3
534.9
532.9
531.4
531.4
530.8
529.2
532.8
529.7
539.4
542.8
543.9
535
528
530.1
535.1
528.1
534.3
525.1
532.2
528.6
534.7
537
537.2
545.8
543.4
542.2
536
539.7
528.8
529.1
534
523.9
530.7
526.8
522.5
534.3
531.8
533.9
536.7
543.5
541.6
543.7
530.9
537.9
525.5
538.4
531.8
529.1
537.3
533.4
532.2
535.7
541.3
540.2
544.7
535.7
545
539
535.3
534.7
533
532.7
533.7
532.5
530.3
535
534.7
538.4
541.9
540.1
547.6
544.8
542.9
537.2
538.9
534.1
529
533.9
528.4
537
533.3
533.1
535.6
541.4
538.9
541.8
545
539.8
538
530.7
531.4
533.1
527.8
533.6
535.5
536.2
535.8
543.4
542.8
547.1
544.5
543.3
541.7
537.2
534.1
536.2
534.8
530.5
533.6
531.6
536.5
534.4
539.8
542.6
541.1
541.2
552.5
546.8
544.3
541.2
540.3
538.5
529.1
534.6
536.5
533.6
541.1
546.2
543.9
546.9
546.7
547.6
549.1
544.5
541.3
537.7
538.2
550.6
538.1
539.5
540.2
543
544.9
546.4
546.3
545.3
547.1
543.4
541.8
543.4
543.3
537.9
538.5
537.5
537
546.4
546.6
546.7
547.8
550.2
546.5
549.3
546.5
538.6
541.3
540
537.2
538.2
538.4
543.9
546.2
543.6
545.4
545.9
552.2
556.6
541.9
546.6
546
540.6
540.3
539
547.9
539.1
540.5
543.4
545.8
552.7
551.7
549
547.8
547
547
546.9
546
535.3
542
536.9
540.9
542.4
542.4
549.9
552.1
556.7
550.9
552.7
551.7
550.2
545.8
543.8
548.3
540.7
546.9
542.5
548.6
546.3
550.7
555.2
554.4
551.7
557.3
551
548.4
543.7
541.8
545.5
548.4
544.2
545.1
544.4
549.8
549.2
554.3
553.7
556.5
555.8
555.3
549.7
551.3
543.3
546.8
542.3
548.2
543.8
550.9
553.5
553
556.1
557.7
556.6
559.7
549.4
557.4
549.8
545.4
549.8
547.3
548
550.8
551.3
550.3
559.7
558.1
556.7
554.2
560.1
556.3
552.5
544.3
549.7
551.3
552.2
549.4
538.7
552.3
552.4
556.3
555
556.6
561.9
559.5
553.2
551.9
552.7
554.3
545.1
548.4
548.5
557.1
555.3
559.6
556.6
562.8
560.6
567.9
560.6
562.7
557.6
555.7
554.2
553.7
552.6
552.9
554.9
552.9
557.6
562.9
562.9
561.3
563.2
561.7
559.5
560
556.6
556.2
555.8
552.9
552.4
555.8
557.9
561.7
564.5
566.1
563.7
566.6
566
558.5
557.4
557.1
550.1
554.8
557.1
553.4
555.7
561.2
560
566.1
567.2
570.8
565.3
561.3
570.1
560.5
567.4
560
561.7
561.3
558.4
554.5
561.3
565.8
567.7
563.4
570.7
571.4
565.5
567.6
566.2
559.2
558.4
561.2
552.4
558.4
559.1
562.1
559.8
567.7
570.3
571.7
578.2
574.5
566
567.6
563.7
565
562.7
568.7
569.3
563.4
566
567.9
568.7
569.7
574.9
574.9
573
574.7
570.8
573
559.9
567.4
570.1
563.4
566
564.9
567.1
570.9
572.7
579.4
572.8
576.8
574.8
571
567.5
566.8
563.8
563.1
567.6
571.1
573.4
568.4
576.1
575.7
579.7
582
573.8
573.4
572.9
571.8
565.6
570.3
571.9
572.4
570
573.8
575.9
577.7
583.6
579.2
579.9
581.9
579.1
576.4
573.5
569.7
570.5
567.6
567.3
571.8
570.8
582.9
580.5
582.7
585.2
580.7
582.8
583.9
577.8
569.3
572.4
575.2
579.5
573.2
572.7
572.1
577
582.4
584.6
584.2
585.8
584
574.8
573.4
576.6
569.8
569.8
574
569.7
583
581
582
582.4
590.7
592.7
585
586.4
579.2
578.7
575.7
575.3
576.2
576.6
577.2
579.4
588.6
582.9
580.2
586.8
585.1
584.9
579.2
581.7
575.4
576.8
574.3
575.3
579.3
580.5
579.5
578.9
584.8
581.8
583
585.3
587.7
586.2
584
578
577.9
576.5
577
582.9
583
585.9
593.7
588
598.3
588.8
589.3
586.5
582.1
578.3
575.9
575.1
578.3
581
578.8
580.2
583.9
582.1
588.6
593.7
585.9
593.4
582.2
587.4
581.3
578.3
582.4
579
575.5
582.5
584
589.6
585.6
588.2
590.7
593.5
590.5
591.3
587.2
581
583.7
581
577.3
574.6
583
582.2
581.7
590.9
592.5
591.6
594.9
588.5
588.6
587.5
583.4
584.2
582.3
578.8
587.7
578.6
586.1
587.1
591.5
593.1
587.7
592.3
588.1
588.5
585.1
582
584.6
587.6
585.6
583.6
580.7
589.9
593.5
591.6
594.4
596
593
591.9
582.5
589.6
587.7
586.7
585.1
581.4
586.5
585.5
584.9
589.7
591.9
592.7
601.3
595.2
592.4
589.7
587.3
585.1
581.8
584.1
584.8
589.5
585
591.9
590.5
595
592
597.1
595.9
590.8
593.3
592.7
586.1
591.5
585.9
585.7
593.8
587.1
591.6
589
595.5
596.6
598.2
593.7
600.2
596.8
587.3
587.6
583.2
591.1
590.3
583.2
586.7
597.2
594.6
592.5
598.8
595.9
599.1
602.4
593.3
595.7
591.1
591.6
592.9
590.3
588.3
586.1
588.4
590
597
594.2
596.6
599.6
594.1
596.5
598.5
591.2
592.7
587.5
585.8
588.7
585.6
589.5
597.2
595.5
596.8
600.2
598.7
600.4
591.6
592.4
593.2
596.6
591.7
593.3
589.2
584.5
594.1
594.5
598.7
597.7
599.6
601.8
594.9
595.8
592.9
585.7
593
591.6
581.9
589.3
590.2
588.8
591.8
591.6
598.5
601.7
599.1
604.9
598
599.4
591.3
588.8
592.9
591.8
583.6
590.4
592.8
596.6
599.2
601.8
603
599.8
601.8
598.7
599.6
595.5
588.9
588.9
585.3
585.5
590.5
591.8
593
595.7
596.2
598.3
605.2
597.7
601.3
595.4
593.3
594.2
591.8
594.9
590.2
589.1
590.2
595.7
598.5
603.1
599.9
601.7
601.6
596.9
599.5
594.9
591.8
594.6
591.4
592.3
590.8
596.8
594.5
598.1
604.3
604.3
600.9
605.1
601.8
600.2
595.1
594
597.1
594.3
596.8
593.3
592.6
600
597.9
602.6
601.8
604.4
598.2
596.3
591.5
596.5
596.3
594.6
592.4
591.1
591.3
607.4
594.9
597.2
601
602.6
598.5
604.6
602.8
596.3
600.4
595.1
588.6
589.4
587.3
595.3
594.7
595.3
599.6
603.6
599.3
600.4
590
597.1
598.6
592.8
589.1
595.2
593.4
592.9
591.1
593.1
597.1
598.4
606.8
603
604.7
599.9
599
592
590.9
593.8
598.8
592.4
589.8
595.7
594.9
599.6
600.9
601.6
604.8
601.2
601.9
596
596
595.9
594.3
593.2
590.4
592.9
594.4
596.5
601.1
599.8
603.4
603.5
599.8
598.6
590.9
591.3
593.5
593.3
593.6
591.6
592.7
593.5
595.7
598.2
597.7
599.1
600.5
606.1
602.4
596.8
595.6
598.5
596.6
594
592.8
597.2
592.2
592.6
604.6
602.5
602
600.5
602.3
608
600.4
598.3
592.2
589.1
592.4
592.7
591.4
595.1
611.6
600
601.7
607.6
602.9
606.2
603.6
602.9
599.8
598.4
593.3
590.4
596.2
589.8
594.6
591.8
597.4
603.1
601.5
606.7
599.6
601.3
601.7
598.4
591.6
597.1
592.2
592.2
589.3
593.4
594.4
600.7
608.2
604.3
601.4
597.6
602.6
597
593.5
595.5
589.7
589.4
591.4
589.2
588.8
593.1
597.4
596
599
603
598.8
601.5
597.6
596.2
595.6
593.5
587.2
592.9
586.9
591.9
596.9
596.2
595.2
602.5
604.6
602.1
604.6
599.3
594.6
597
592.5
594.6
596.2
596.3
598.2
596.6
600.4
599.5
602.2
599.9
600.4
607.3
604
600.9
594.9
596.2
593.5
587.7
589.1
592.7
591.1
594.4
595.6
599.7
603
601.2
599.2
596.7
599
591.5
597
590.9
585.6
590.8
592.7
597.7
597.3
600.3
603.9
602.9
604.3
601.1
592.7
595.3
591.7
593.5
593.7
590
590.6
591.6
591
600.3
602.3
602.1
601.5
605.2
602.3
601.9
598.5
595.5
591.7
588.4
592.4
588.1
590.9
595.7
590.4
597.1
601.4
601.1
602.4
595
601
596.1
594
590.6
596
588.2
592.2
589.1
595.5
590.6
600.4
599.8
605.1
598.5
597.4
596.8
597.7
592
588.3
597.9
583.1
585.9
587.2
590.9
596.1
595.5
598.4
593.5
604.5
599.5
594.5
595.2
602.5
592.7
591.4
589.4
596.2
597.4
596.1
597.3
600.8
603.5
604.6
608.2
598.5
602.9
592.7
595.4
598.1
590.1
590.5
587.2
586.6
590.2
592.8
593.9
601.7
598
600.8
599.2
594.1
595.7
593.5
582.5
588.3
584.6
586.5
582.1
589.2
588.6
596.6
604.6
595.3
605
596.5
599
593.3
591.9
587.1
591.7
585.3
585.3
585.6
596.8
595.1
596.6
602.2
598
602.7
599
598.5
589.2
589.2
594.4
587.8
590
588
591.1
594.4
598.1
602.7
602.5
604.6
600.8
591.6
592.4
588.9
593.8
591.4
589.2
588.3
588
593.4
585.9
593.8
598.6
594.8
597.4
600.5
598.8
593
592.9
588.3
587.8
588
588.6
586.4
588.3
594.7
593.6
593.4
597.1
599.7
599.6
596
593.2
595.2
586.9
593.3
590.5
583.7
585.6
591.3
593.5
595.3
595.1
600.6
600.5
598.6
596
593.6
593.8
593.9
590.8
585.6
585.4
587.5
592
588.6
594.1
599.3
596.8
600.4
599.6
596
593.3
593.6
586.1
586.6
593.4
589.6
583.4
592.5
595.8
599.9
595.5
599.1
597.9
593.3
596.3
586.6
591.3
594.1
589.7
587.5
585.3
588.5
589.3
591.3
591.1
594.9
599.7
597.7
598
596.2
592.6
592.8
590.3
588.2
585.2
587.5
583.4
587.3
590.3
593.3
592.1
597.7
595.3
600.3
598.5
596.3
592.8
585.9
591.7
597.5
593.2
589.7
587.2
594.2
599.2
601.7
602.5
604.4
595.4
596.6
600.7
592.5
591.4
592
586.3
583
587
586.3
586.4
591.6
593.8
593.5
607.6
600.2
599.9
591.3
597.1
591.1
592.6
592.8
592.3
592.7
588.5
592.4
593.6
602.5
596.7
597.9
595.7
593.6
590.3
589.7
598.9
591.8
590.7
590.4
589.5
589.2
592.6
593.1
594
591.3
593.3
596.8
600.3
593.2
587.7
584.4
589.7
582.5
587.7
582
585.1
587.3
594.2
592.2
589.3
591.6
598.2
597
602.3
587.9
584.8
583
583.7
588.1
593.5
594
590.5
586.7
597.5
598.4
596.1
598.1
600.1
598.8
593.4
589.8
591.8
589.1
588.4
590
593.2
589.5
588.2
594.8
595.4
594.9
598.3
588.7
598
591.1
593.9
593.3
589
586.7
584.3
586.8
593.3
596.4
599.8
601.7
596.4
593.7
597
599.3
596
590.1
588.2
587.8
584.5
585.7
580.6
588.5
593.9
593.6
594.1
591.3
594.4
592.3
593.9
585.9
582.4
582.9
581.3
581
586.7
585.5
585.8
591.5
594.3
599.1
599.3
594.3
594.3
596.9
592.3
596.8
598.9
588.9
587.9
590.8
586.2
587.6
589.8
599.1
596.3
587.1
599.3
594.4
597.6
593.9
590.6
588.2
590.1
592.3
586.4
571.6
587.6
588.9
589.7
591.5
599.4
599.2
593.1
594.7
599.7
590.5
586.1
582.1
591.9
584.1
586.5
584.9
589.4
588.4
591.2
593.5
596.8
596.6
593.7
594.5
583.4
587.9
584.6
587.7
587.9
588.7
590.6
584
591.3
583.9
593.5
597.2
590.7
588
598.4
588.1
588.4
581.8
586.5
584.4
587.3
588.1
591.9
593.2
594.8
592
599.4
590.5
595
591
578.6
588.4
581.4
581.8
586
579.1
577.2
581.1
583.6
586.1
592.7
588.1
590.8
589.3
584
586.4
585.9
580.8
588.8
584
580.8
586.9
583.3
591.3
588.6
588.6
589.2
589.4
586.6
593.9
582.9
581.3
580.5
583.5
591.2
579.8
584.5
585.7
593.5
594.2
587.8
596.9
594.3
593.4
590.1
587.1
589.8
583.1
581
582.4
590.1
581.5
584.9
586.3
580.7
587.4
587
596.6
588.1
586.7
593.8
583.1
585.1
584.6
585.1
590.9
579.7
584.3
583.6
590.6
591.8
589.1
587.3
585.3
586.8
584.3
581.5
576.4
581.1
573.2
576.4
583
586.7
587.9
586.1
584.5
587
586.5
592.2
589.4
583.4
580.7
577.8
579.1
578
585.7
580.7
588.9
586.7
587.8
592.9
596.2
586
584.5
588.2
588.4
582.8
578
577.3
575.6
574
578.8
580.3
580.2
588.7
587.7
591.7
586
591.2
589.5
593.3
586.8
581.6
578.2
580.5
578.6
581.9
581.9
588.7
584.7
594.9
588.3
589.8
590.6
588.2
585.1
582.2
579.5
583
575
572.4
578.6
589
586.8
581.2
592.9
592.3
590
588.5
586.1
579.7
577
580.4
570.8
579
582.6
582.1
582.9
583.8
590.1
594.8
588.9
597
578.9
583.5
574.3
582.3
582.1
581.6
578.4
576.6
579.3
587
584.1
592.1
592.5
582.1
590.7
582.4
587.3
579.2
577.4
579.4
578.9
577
579.4
583.1
585.8
590.6
593.2
583.2
588.6
584.9
586.6
585.7
579.5
578.4
588.4
578.2
581.2
580.3
580.7
580.7
584.3
588.4
588.2
587.2
590.1
580
575.5
577.4
575.1
578.6
578.1
574.3
581
581.2
583.2
592.6
592.8
589.8
594.6
585.4
587.3
580.5
583.5
581.6
584.4
577.9
578.3
577.3
586
586.4
587.5
586.8
591.4
589.6
582.5
584.7
586.8
579.1
572.7
576
580.3
570
582.1
577.1
577.5
582.4
589.2
589.3
591.2
590.6
583
586.1
574.6
577.4
575.1
575.4
570.3
580.5
579.7
581.3
577.4
585.1
585.6
585.7
589
591.7
571.4
577.4
579
574.3
579.5
574.6
577.2
576.6
581.1
584.9
578.4
581.1
582.1
580.8
579
574.8
573.1
576.9
578.9
574.6
577
580
584.9
581.5
584.4
583.9
581.3
586.8
587.8
585.9
576.9
574.9
573.8
575.1
575.9
578.5
575.4
578.5
582.7
580.4
588.3
584.2
589.7
585.7
582.7
584.6
578.9
572.2
573.7
573.6
570.2
572.4
575.6
587.1
581.9
581.6
582.7
583.7
583
579.7
574.9
576.2
571.1
576
581.1
571.1
573.4
576
576.5
581.4
582.5
580.6
587.1
586.5
588.7
580
583
579.6
574.2
575
580.8
573.9
583
581.9
580.3
579
589.8
580.3
581.4
579.5
576.3
580.8
573.6
575.2
571.1
567.9
569.8
577.7
579
583.9
578.3
585.7
586.4
584.8
580.4
579.5
576.2
575.9
575.1
566.9
575
572.9
574.4
584.6
582
585.7
581.9
578.7
585.8
584.9
578.2
574.9
573
571.6
568
569.8
578.1
580.8
577
587.4
576.5
586
579.9
582.5
579.5
566.9
566.9
565.1
567.3
567
575.5
575.1
579.5
579.5
580
583.6
583.5
574.4
580.6
580.1
578.8
571.7
571.1
573
565.5
567.7
572.5
572.5
576.7
576.8
579.4
584.4
579.7
583.1
573.8
575
574.2
572.4
573.6
570.5
565.5
572.9
569.8
574
582.4
582.7
583.8
584.9
581.6
579.9
578.1
575.2
567.9
571.5
572.5
573
572.4
576.3
577.4
577.5
580.8
580.5
579.4
572.5
576.4
574.1
576.2
566.1
567.8
568.7
570.3
571.5
573.8
578.5
581.1
581.3
577.9
579.2
581.4
577.6
574.7
563.4
566.7
570.4
566.9
566.8
566.6
572.2
575.4
575.3
580.9
578.5
583.5
576.9
580.3
573.1
565.4
571
569.2
570.6
570.8
571.9
570.2
576
575.2
580.1
577.8
575.1
575.8
570.9
567.7
570.2
570.4
569
566.1
568.8
571.2
574.6
575.1
578.5
581.9
572.2
578.5
577.1
574.9
572.2
565.7
567.6
567.2
558.6
562.3
563.1
566.6
574.2
584.2
575.1
576.3
576.2
574.1
571
558.1
567.5
563.4
568.6
565.5
569.2
570.8
567.1
576.8
573
576.3
572.8
576.4
572.4
569.5
569.9
566.7
565.1
564.5
564.3
567.7
573.1
572.2
567.5
579
585
581.1
573
572.7
572
574.3
570.3
569.4
568.4
566.6
567.2
565.5
572.3
578
570.9
573.4
573.9
576.8
577.3
570.4
568.5
567.7
565.3
565.7
567.1
561.6
573.9
575.9
569.8
574.1
592.7
574.6
575.2
578
569
574.6
571.4
575.4
566.6
568.8
569.2
567.3
565.1
571.3
574.2
570.9
573.4
571.7
575
573.7
565.9
566.9
564.2
566
566.5
562.8
571.7
564.8
575.8
577.3
576.8
579.3
575.4
570.8
573.4
571.2
568.4
563.5
561.4
563.7
568.2
566.2
563.2
565.8
573.3
574.5
572.3
575.5
575.3
572.2
569.8
567.2
566.7
565.8
564.8
563.5
566.9
573.3
570.1
575.1
579.2
574.7
573.6
574.9
573
569.2
564.5
566.6
563.5
562.6
560.6
567.8
568.4
574.6
577.4
573.3
570.6
577.2
571.2
571.4
567.8
568.7
562.3
564.2
575.1
562.1
564.2
567.4
569.6
575.1
573.2
575.4
574.6
577.4
575.1
575.9
567.4
567.4
561.3
563.8
559.5
560.4
562.2
566.4
568.6
573.1
577.6
575.4
570.2
573.9
571
565.3
565.6
564.4
561
567.5
565.9
559.7
564.7
573.3
573.9
572.9
573
572.6
572.5
568.5
567.2
560.1
563.7
563.9
559.5
565.3
566.4
568.4
569.5
570.4
577.1
573.7
575.6
574.4
568.5
567.4
563.2
563.1
564
563.3
561
562.9
567.3
571.4
574.4
574.6
571.7
574
567.7
563.7
566.4
569.8
562.4
562
562
565
563.6
563.5
574.3
571.4
573.9
572.2
572.2
569.7
564
557.4
566.9
563.9
560.7
560.1
562
567.3
563.4
569.8
573.1
573.7
575.7
570.5
568.7
566.8
562.5
559
560.5
561.6
560.9
562.8
565.2
564.2
568.2
573.3
570.4
572.2
571.5
577.8
567.4
566.1
563.8
564.7
559.2
555.1
563.7
558.8
571.2
570.3
571.5
571.7
573.2
569.9
564.4
567.3
563.6
565.6
561
557.3
563.2
558.2
565.2
565
573.4
572.1
574.1
570.1
563.2
570.6
564.5
561.1
561.4
555.2
562.1
561.6
564.7
566.1
568.1
576.3
572
570.7
569.8
571.2
569.7
565
559
562.9
562.3
563.1
563.7
565.1
566.1
565.8
573.6
570.7
574.8
570.6
568
567
565.6
556.1
564.6
559.5
565.7
561
567.1
566.2
573.8
569.8
569.8
566.9
573.7
570.2
569.1
568.8
565
558.8
561.3
560
561.7
563.2
565.8
570.7
572.5
573.3
569.6
562.7
562.2
563.8
561.8
561
556.5
550.2
564.5
558.6
566.8
570.4
566.5
573.3
573
570.8
564.8
563
564.3
556.2
556.5
560.8
560.1
561.6
562.9
556.6
566.4
570.6
570.3
569.1
572.5
571.1
567.7
562.6
560.3
559
560.5
559.3
560.3
561.4
569.5
561.6
567.1
570.4
566.6
573.7
568.5
567.9
561.4
567.4
557.9
558.9
559.5
560.3
560.7
566.7
564.2
567.1
565.3
570.1
568
567.7
558.3
563.2
560.2
561.4
560.2
561.8
558.1
567.2
560.5
568.8
569.8
574.5
569.3
575.1
573.2
565.8
565.7
562.1
563
562.9
556.8
561.3
569.7
563.8
566.1
566.5
564.8
565.6
565.1
563.9
564.6
561
562.3
562.7
563.2
561.1
559.4
559.7
560.9
564.5
571.7
570
570.4
568.7
565.2
564.9
561.8
565.1
561.6
559.5
554.6
558.1
559.1
557.1
562.1
569.3
565.7
571.7
568.3
566.5
566.8
565.6
559.9
560.9
556.7
557.7
560.3
562.7
560.9
563.2
565.3
569.7
568.2
571.2
569.3
569.2
558.7
563.1
559.2
560.3
559.5
560.3
563.7
560.8
565.3
564.2
569.2
569
570.9
566.9
564.4
561.1
561.6
559.3
554.1
556.9
560.4
560.5
562.7
563.2
565
571.4
568.3
569.6
571.4
566.1
561.7
558.7
555.8
559.2
559.4
555
559.3
560.7
565
565.3
566.6
567.8
572.2
567.6
568.5
562.2
560.9
549.3
559.5
554
557.7
556.2
564.3
566.9
565
571.5
574.2
574.2
563.2
568.2
562.4
561.6
559.3
556.8
560.2
558.7
562.2
565.5
566.7
571.2
571.4
568.5
560.2
559.9
562.6
561
561.5
556.6
554.2
558.4
557.4
558.1
562.8
567.1
572.3
572.1
563.7
568.7
565.7
564.5
560.7
562.7
559.9
560.4
554.2
562.4
564.9
564.3
563.7
565.3
566.7
567.6
567.9
566.2
561.1
559.6
557.9
556.6
556.2
562.1
560.8
561.9
565.9
569.1
571.9
565.4
565.9
566.8
562.9
560.5
560
559.7
556.3
558.6
559.1
557.9
561.3
560.5
566.7
564.8
571.2
566.2
564
564.1
557.1
558.7
556.4
556.3
557.6
558.4
560.9
556.6
569.4
571.6
569.2
569
569.6
564.7
565.7
561.3
555.5
560.8
558.3
555.8
559.1
560
564
564.8
568.1
568
569.3
568.9
565.1
561.7
559.7
561.6
553.3
562.3
558.8
562.1
565.9
564
566.4
562.1
573.9
570.9
561.5
565
561.8
558.5
560.8
561.9
560.1
558.1
561
565.6
567.7
569.4
566.5
573.9
568.5
569.8
561.6
568
563
559.4
558.3
552.4
554.3
557.1
557.1
568.3
566.9
567.2
567.3
568.5
568.5
568.5
569.1
558.9
557.3
558.8
559.5
560
558.7
563.6
567.5
564.9
568.2
567.2
570.1
567.7
565.9
565.3
560.3
554.8
553.2
560.3
557
560.8
565.3
563.6
568.7
569.5
569.9
573.6
567.4
563.3
566.1
561.5
561
559.5
558.4
560.8
565.5
564.3
566.9
571.8
571.1
569.8
568.8
571.7
566.3
558.2
560.5
559.2
557.4
560
557.7
562.3
563.5
568.3
568.5
571.4
565.3
573.2
563.7
560.8
560.8
567.4
560
561.1
558.4
561.8
561.1
563.4
566.4
570.4
570.4
569.1
563.4
566.6
562.4
561.9
557.9
557.6
558.8
557.4
559.8
562.7
562.8
569.3
570.3
568.6
570.1
568.8
565
562.9
544.5
562.5
555
555.5
558.7
559.8
557
569.6
563.9
565.8
568.8
568
567.6
559.2
561.8
561.6
555.8
556
563.9
551
557.4
559.9
565.3
569.7
569.5
572.6
571.5
568.4
562.6
559.2
561.3
560
561.3
556
558.4
561.4
559
568.2
569.5
569.9
566
574.4
563.6
568.9
564.2
556.4
559.1
564.3
559.3
565
565
566.9
563.2
572.1
575.5
567.5
570.1
570.9
565.3
562.9
564.5
558.9
559.2
562.6
559.5
561.7
564.5
567.8
568.2
570.4
567.4
571.3
568
562.2
561.4
556.2
555.6
560
559.3
556.6
564
562.7
563.6
568.8
568.8
573.9
560
570.6
564.5
565.8
561
559
563.6
563
562.9
565.6
567.8
567.2
571.5
571.4
568.7
573.8
568.2
567.7
565.3
562.4
555.6
566.6
565.7
558.7
560
560.7
566.3
567.4
570.6
567.5
569.3
566.8
567.5
560.7
556.4
563.7
561.3
564.8
558.7
562.4
569.9
570.7
574.6
572.8
570.1
567.4
568.8
571.5
563
559.5
555.2
558.2
559.8
558.7
568
565.2
569.7
570
573.6
568.9
570.1
568.7
566.5
564.8
564.4
561
557.4
559.2
562.9
562.9
569.8
562.6
572.5
571.7
573
564.1
567.7
567.3
567
562.1
560.1
561
560.3
560.5
566.8
566.3
573.3
573.6
568
566.9
567.6
565.3
561.7
560.4
562.9
557.9
561.4
557.9
564.3
563.8
572.8
571.8
571.5
574.4
571.9
571.4
567.7
567.2
563.1
562.7
562
557
560.7
584.8
566
567.4
568.8
571.8
571.3
573
