753.6
764.1
761.9
762.8
763.9
764.1
759.3
767.3
764.3
768.7
770.8
769
769.6
767.2
763
765.2
763.2
759
766.7
761.7
764.7
764.4
774
765.8
771.5
769.1
767.7
756.2
761.4
760.9
755.6
756.7
753.5
750.4
751.8
756.8
758.9
759.7
763.6
767.6
767.9
764.7
765.1
758.8
750.2
754
754.5
755.8
748.9
751
753.6
754.3
751.6
761
764.9
758.9
767.2
757.3
754.6
755.3
752.4
746.3
749.9
752.6
746.5
761.2
755.1
757.1
761.9
760.8
771
756
752.2
753.8
748.3
747.6
752.7
749.9
750.1
751
753.6
760.3
764
759.9
764.3
761.1
763.8
749.1
751.8
754.4
753.3
760.9
749.2
755.5
750.6
758
757.1
758.1
756.6
758
760.7
752.7
760
754.5
750.1
751.7
751.5
742.8
752.6
750.9
752.9
753.9
761.1
764.1
755.2
760.9
762.2
756.6
761
749.9
752.6
752.3
740.4
744.7
754.4
753.6
754.9
754.3
756
763.3
754.3
753.2
754.6
749.5
751.1
749.4
744.6
748.2
747.4
747.9
753.1
748.5
756.3
760.4
758.7
754.8
754.7
752.9
746.3
736.9
740.7
745.5
745.5
741.2
745.2
742.4
746.3
755.2
758.3
749.6
752.2
757.9
751.3
748.6
744
744.7
744.4
745.4
744.9
743.8
744.6
752.7
746.6
750.3
752.2
754
750.9
748.8
743.4
743.8
744.9
739
745.9
747.7
748.1
743.3
747.9
750
749.8
747.3
748.8
751.3
743
741.7
747.2
739.1
737.2
743.4
742.9
743
736.3
739.9
747.5
749.6
750.6
748.4
751.6
743.4
747.7
740.4
741.9
732.7
733
736.9
737.9
741
743.8
748
746.7
754.6
749.4
746
736.1
740.2
738.7
738.1
734.2
736.2
738.7
736.1
741.8
742.5
744.7
745.6
744.8
746.6
744.7
743.2
740.3
737.4
734.6
737.6
738.9
737.2
740.2
743.6
732.4
751.6
746.5
747.6
749.8
743.4
734.6
736.3
734.4
723.4
733.8
735.9
735.4
736.5
740.7
741.2
749
742.5
746.8
744
743.4
741.2
735.2
734.6
739.3
732
733.5
737.6
742.4
735.2
742.5
743.9
744.7
742.9
739
740.6
743.6
734.5
735.1
732.5
732
730.1
736.7
743.9
751.2
743.2
751.2
751.3
758.4
741
741.6
748.6
735
741.2
735.6
740.5
739.5
743.8
742.4
738.6
750.1
747.3
747.9
754.1
747.3
746.3
747.6
747.8
741.6
748.2
741.3
738.7
745.3
742.5
750.5
748.6
751.8
751.8
753.7
753.3
746.9
742.3
737.8
742.9
740.6
739.8
739.4
739.8
742.8
747.3
751
752.3
747.5
750.7
747
745.7
741.1
746.9
740.4
740.4
746
743.4
749.5
746.6
747.6
751
749.2
743.8
750.1
745.5
736.5
741.5
737.8
738.4
740.9
740.8
740
746.9
741.7
753.8
752.3
749.7
748.3
746.6
744.5
735.5
741.4
743
742.8
735.5
742.3
740.6
742.5
741.9
746.2
752.2
746.5
747.3
748.3
739.8
742.5
739.8
739.1
742.3
740.6
742.6
746.6
746.2
746.6
751.6
749.4
748.4
746.8
746
748.5
739.9
749
740.9
740.6
743
738.6
741.5
740.2
749.9
749.2
754.8
752.1
749.7
754.4
745.6
735.9
741.4
741.6
741.8
737.9
740.8
736.8
741.6
743
749.4
744.6
757.1
749.5
746.2
745.1
741.7
744.7
740.2
738.4
738.5
739.1
743.1
741.5
752.6
746.9
751.4
750.6
750.8
752
748.5
743.8
740.2
739.5
739.5
739.7
733
739.5
740.4
753.4
751.5
743.8
752
754.4
748.9
746.1
744.7
738
739.1
738.4
742.1
735.9
741.4
742.7
743.2
749.4
753.6
755.4
755.5
749.2
752.8
740.4
740.2
743.6
747.5
745.8
745
738.5
740.5
741
747.3
751.1
751.3
753
755.2
746.9
748.6
742.3
747.1
743.6
743
743.4
743.6
741.2
749.3
746.1
752
752.5
754.6
749.9
754.6
755.6
746.4
742.3
740.7
738.5
748.8
741.3
745.8
751
747.6
747.6
750.5
754.7
758.7
753.5
751.8
744.9
741
743.2
744.5
744.1
737.2
749.3
744.4
755.6
757
757.6
761.2
758.4
756.1
757.7
751
747.3
749.3
753.5
753.8
749.6
752.7
753.1
752.3
754.8
758.2
759.1
759.7
759.8
751.5
749.8
756.5
755.2
753.6
751.6
747.1
748.9
747.9
750
759.7
760.7
760.3
762.3
760.3
756.3
750.7
749.4
757.7
748.7
746.4
750
751
749.7
755.1
764.2
760.4
760.3
765.1
759.3
757.5
751.8
747.6
751
754.1
751.3
758.2
750
766.2
772.2
763.4
764.8
760.2
769.1
754.3
760.3
752.6
754.2
766
766.1
761.2
759.4
760.2
769.7
767.3
764.9
772.9
774.4
765.8
767.9
760.7
766.7
758.2
767.4
764.1
765
762.3
766.4
772.6
771.9
776.3
776.3
777.5
775.3
767.9
766.1
750.7
759.4
759.7
763.1
760.8
769.8
768.4
771.3
770.1
773.2
773.6
773.9
767.6
765.1
758.1
761
757.7
756.6
759.8
758.8
766.9
763.4
771.5
772.7
768.3
774.4
773.4
768.2
768.5
760.9
766.8
766
759.3
754.8
757.4
758.4
768.1
771.3
763.2
764.7
770.1
761.6
761.7
767.2
762.3
751.6
752.5
754.5
753
762
762.4
764.4
762.5
765.3
769.5
763.1
767.7
761.2
761.7
762.9
755.5
755.9
756.4
759.6
762.3
754.2
763.3
759.2
765.2
771.4
767.5
768.4
762
767.5
758.1
752.6
760.2
758.3
755.6
750.5
750.8
759.6
760.7
761.4
769.1
759.9
769.2
765.1
762.7
756.8
755.5
758.1
755.3
755.1
758.3
755.3
758.5
764.1
763.6
764.4
767.9
761
760.3
758.5
753
759.4
750.7
753.8
755.7
755.1
758.1
756.6
762.2
757.9
760.3
761.5
761.8
759.6
754.9
759
751.8
752.3
748.9
752.3
748.6
755.9
762.5
761.4
759.4
762.3
762.2
763.1
761.8
755.7
757.2
759
754.9
751.6
754.4
746.2
750.5
757.2
754.4
758.3
763.8
766.9
762.9
756
751.1
748.8
751.6
750.1
752.5
743.1
750.1
750.4
752
761.6
756.3
763.9
760.5
751.6
753.1
747.2
748.5
753
747.2
748.4
751.4
748.5
749.8
751
764.1
754.5
762.6
758.5
755
755.3
749.4
754.5
749.4
754.6
751
746
746.2
754.2
757.1
755.5
759
754.2
753.5
751.4
749.2
751.6
756.2
749.2
744
748.8
748.6
744.7
751.2
753.4
750.1
752
754.5
754.5
756.7
752.2
748.6
744.2
738
749.5
738.1
744.1
747
752.4
744.2
750.9
756.5
746.6
753.8
749.2
746
748
743.2
735.7
746.2
743.2
746
743.2
745.9
747.9
748.1
752.2
758
757.7
754.8
746.3
743.7
743.2
742.4
740.9
742.1
735.4
742.1
735.5
746.2
744.9
750.5
745.7
751.6
751.1
753.8
740.9
735.8
740.8
732.9
732.8
734.7
736.3
738.4
749.6
743.2
739.5
744.1
751.7
742.7
748.9
734.6
734.2
736.6
737.4
732
731.1
737
738.1
745.3
744.9
746.2
743.3
747.5
746
739.2
735
743.2
734.8
736.5
740.7
730.1
732.7
738
741.4
746.6
742.6
742.5
739.8
739.4
739.8
737.2
743.6
729.5
733.7
727.6
730.3
727.5
734.4
726.8
735.9
735
737
739.7
739.7
737.2
738.9
724.3
733.3
727.3
722.9
721.5
723
727.5
730.8
734.8
730.1
734.4
732.9
734.4
729.1
727.9
729.1
727.6
726.5
726
721.2
721
725.7
727.8
731.2
723.9
727.6
730.7
730.8
730.8
727.8
730.6
721.9
720.8
716.2
722
720.1
716.5
725.7
725.6
726.8
728.6
725
727.3
722.8
722.9
721.1
726.4
720.7
713.3
719.9
717.7
714.2
717.5
717
722.1
720.9
728.5
718.9
725.5
728.2
714.3
720.6
713.9
710.6
710.5
707.1
715.5
719.8
713.7
719.2
718.8
720.2
728.5
714.4
719.3
716.1
705.3
708.5
710
710
711.3
711.2
714
714.2
716
718.1
721.3
718.1
712.5
712.3
714
704
707.7
703.9
701.1
707.5
708.8
704.9
711.2
711.8
707.6
716.7
712.4
715
706
704.4
705
700.8
711
712
713.3
709.4
709.2
706.8
720.6
718
714.2
713.6
705.6
705.4
697.5
702
699.6
698.5
697.8
698.7
702.5
703.2
704
712.6
714.2
711.2
704.3
711.2
702.9
700.9
705.5
700.3
696.5
706
705.1
691.1
696.8
701.3
708.6
700.3
718.7
709.1
704.2
707.4
702.4
703
687
693.1
702.1
698.5
703.5
702.5
708.3
708.1
710.1
706.7
701.8
706.3
698.5
695
706.6
697.3
689
697.9
707.2
701.9
696.5
701.8
701.3
704.4
705.9
710.1
705.9
703.7
701.1
696.6
691.9
690.5
697.3
696.4
694.7
698
699.3
696.9
699
699.7
697.4
699.5
696.9
697.6
696.9
694.8
695.2
689.5
697.8
687
689.9
700.3
697.1
697.5
702
698.1
698.8
694.1
690.9
690.4
688.8
689
695
683.3
682.7
690.2
690.4
691.8
691.7
692
692.3
694.2
691.9
686.7
688
680.5
691
686.4
686.6
681.3
690.9
681
687.6
698.2
689.2
697
685.5
687.2
694
689.1
684.5
679.9
685.5
688.9
684.8
685.7
684.7
684.5
689.6
691.1
690.2
692.8
692.7
687.4
687.9
688.5
679.6
681.9
686.6
685.3
684
686.2
691.5
686.8
683.1
697.1
690.6
693.2
689.1
686.3
685.3
673.1
682.6
683.8
684.8
681.4
691.3
688.7
688.4
690.1
693.2
692.9
689.9
677.6
680.3
683.2
683.5
680
681.2
676.1
675.6
678.5
685.2
688
693
688.1
690.8
676.8
679.9
684.7
679.3
680
676.7
669.5
685.7
677.1
686.1
686.8
679.7
691.2
690.4
690.8
682
681
674.4
677.3
674.4
675.4
674.3
679.1
668
680.6
689.6
685.7
690.2
686.9
685.9
683.2
681.4
675.7
673.7
678.2
673.2
676.8
668.7
675.4
680.9
684
682.8
682.2
682.6
686.5
679
672.1
674.4
673.8
669.3
668.9
682.9
679.1
671.1
679.6
677.6
684.8
678.3
679.2
686.7
674.3
672.8
679
673.9
665.2
670.9
672.1
668.1
670.7
676.5
681.2
682.6
686.9
679
677.4
667.7
670.1
670.4
665.8
672.8
672.7
672.4
675.4
677
679.5
677.2
680.3
680.7
676
677.4
668.1
673.5
666.4
666.7
666
666.3
669.2
674.3
674.3
676.9
673.4
681.7
674.2
674.4
674.2
667.7
666.1
661.5
664.7
666
671.8
672.1
660.7
676.6
668.7
675.9
683.7
676.4
668.8
674.5
667.3
661
662.4
666.1
662.1
666.5
663
667.9
672.5
677.3
674.1
675.8
670.6
673.1
669.6
663
658
664.4
668.9
658.8
663.5
664.9
667.3
669.9
668.1
671.3
681.7
671.8
670.6
674.3
666.3
669.6
664.9
659.7
659.6
653.4
663.8
663
669
662.4
670.8
672.2
671.3
678.7
669.4
665.6
665.6
666.4
656.8
662.8
663.3
660.7
660.7
659.7
666
667.1
672.9
674.5
673.6
667.5
661.9
665.3
667
659.8
655.3
661.7
667.1
657.5
661.9
664.4
666.9
669.1
669.7
668.7
668.8
668.6
665.8
661
664.4
653
660
665
664.3
665.3
659.8
660.8
672.7
665.5
660.6
670.8
660.2
662.3
657
657
656.8
657.9
656.1
660.2
664.6
661.8
662
661.8
665.5
667.9
661
658.7
657
659
655.6
659.9
656.5
656.5
656.7
657.4
660.2
663.5
662
666.3
672.4
659.6
656.7
656.7
654.4
650.4
649.7
656.2
656.2
652.3
660
663.4
666.5
666.4
661.8
662.4
663.4
659.5
657.6
657.3
655
650.3
654.4
653.4
652.5
656.4
660.6
663.4
663.4
654.2
664.6
659.5
656.4
656.4
643.9
653.6
648.2
650.7
649.7
657.5
662.6
656.8
661.5
662.8
661.3
659.1
657
655.7
653.4
653
651.9
651.9
648.1
655.7
652.6
658.4
655.5
652.6
655.8
662.2
656.5
661.3
648
648.1
645.4
655.3
650.1
648.4
652.7
649.6
654.1
654.4
655
661.6
659.2
661.9
654.9
656.9
643.1
647.1
645.5
649.6
645.6
647.9
653.5
655.7
659.7
660.2
665.6
662.8
657.1
655.5
658.4
651.9
650.3
650.7
649.1
644.5
645.1
652.1
651.2
653.3
658
658.3
658.9
657
652.2
648.3
655.4
649.6
647.9
647.8
647.5
649.4
652.5
652
658.2
657.9
662.1
656.8
651.4
647.6
648.7
649.8
650.6
646.2
645.7
639.4
647.4
648.5
656.3
652.6
652.6
658.6
648.6
647.1
656
643.4
644.7
642.9
643.9
651.6
644.3
652
651.3
646.7
651.9
651.7
655.6
655
646.8
654
641.6
644.5
649.6
641
645.5
638.2
645.2
641.8
653.5
654.3
651.7
657.9
646.6
656.2
650.8
650.1
644.7
643.5
644.7
639.8
642.9
644.3
643.5
644.9
648
652.8
652.4
652.3
661.5
643.2
640.5
640.4
644.2
645
640.7
641.1
639
646.1
641.2
653.4
649.7
649.8
647.3
650.4
648.7
644.6
644.2
643.8
642.5
639.3
638.4
642.3
641.7
642.3
644.9
648
652.1
651.7
655.7
636.9
648.2
637.1
637.4
644.4
639.9
638.8
637.4
640.8
638.7
643.3
648.1
646.7
650.3
650.6
644.7
638.1
643.6
636.9
635.5
640.5
635.2
638.4
635.5
639.2
646.5
650
653.3
641.9
646.4
650.6
644.7
638.4
639.4
638
633.6
633.8
634.8
636.8
634.3
638
647.4
646.4
648
649.6
646.5
637.6
639
637.2
635.1
637.6
626.5
633.2
639.6
640.5
640.2
647.7
642.8
654.3
642.2
639.2
631.6
639.1
638.4
632.3
632.5
633.3
635.1
633.6
638.3
642.4
644.3
647.6
640.2
642
639.3
636.2
633.6
634.8
633.6
627.2
630.2
630.4
635.5
637.1
644.2
641.9
643.8
644.6
651.4
636.7
636.5
633.9
631.3
628.6
632.1
630.5
635.3
634.2
631
629.1
641.2
641
641.3
638.5
640.5
635
628.3
630.1
626.5
631.2
629.2
636.1
632.9
638
639.6
643.4
641.8
640
635.7
634.2
635.5
630.8
630.4
627.3
630.8
630.7
629
634
634.2
638.9
638.7
637.7
642.4
641.6
628.9
635.6
630.9
624.8
624.8
626.4
627
631.5
628.4
633.6
639.5
628.7
638.7
638.1
632
635.9
628.3
625.5
629.4
618.8
622.3
626.6
627.1
633.6
624.9
629.9
637.3
640.1
632.5
631.6
632.8
633.9
623.3
624.6
623.1
621.2
630.4
628.8
620
626.8
635
631.7
645.1
634.9
636.1
635.3
630.4
626.2
621.9
622.7
625.8
629.7
618.2
630.3
627.8
632.8
629
633.9
628.1
632.3
630
622.4
618.5
612.6
627.9
625.3
626
618.3
629.1
629.1
631.2
631.8
633.3
628
637.6
632.3
629.9
624.5
619.8
622.1
624.5
621.2
625.4
630.2
630.4
633.2
632.9
626.6
631.9
630.2
629
630.9
623.6
620.1
624.3
618.5
630.9
624.7
624.5
632.7
640.8
637.3
632
630.1
627.1
623.3
627.1
620.6
631.5
620.4
627.5
625.8
622.2
630.2
635.7
632.5
635.8
636.4
630.5
635.4
629
623.1
626.3
616
619.3
625.8
621.5
629.6
629
627.9
622.2
626.8
624.6
628.5
628.7
611.4
624
620.6
620.6
614.3
620
617.4
627.4
624.7
629.3
626.6
628
626.6
627.2
621.7
621.3
620.4
616.2
616.6
616.8
620.1
616.4
628.1
625.1
624.7
623.1
626.9
629.8
626.7
619.2
619.5
612.8
617.3
610.8
617.4
611.3
622.9
620.7
629.1
627.2
626.9
630
625.4
616.3
619.1
616.9
614.3
621.6
611.6
613.4
617.1
619.1
625.9
624.5
624.9
628.2
626.2
628.2
621.8
618.1
614.8
614.5
615.9
616.8
612.2
615.1
618.8
629.7
629.6
625.4
631.5
627.6
622.7
620.9
621.5
617.4
615.4
618.3
625.6
623
610.3
617.1
624.3
618
627.3
625.3
625.3
625
619
614.7
614.6
613.3
614.5
609.5
613.1
613.9
619.3
619.4
628.6
626.4
623
620.2
621.5
618.6
611
612.3
613.5
612.5
614.6
605.3
617.3
621.1
624.1
618.2
624.5
629.8
618.6
616.9
619.5
614.6
608.8
616.3
606.2
609.9
607.4
601.4
626.4
613.8
616.4
614.7
626.1
623.1
620.2
617.8
613.9
614
614
613
616.2
609
603.4
618.2
623.7
620.6
626.2
628.8
623.2
625.1
615.1
620
626.2
613.9
613.5
614.3
617
619.3
628
621
614.7
619.8
617.3
623
616.9
621.7
621.4
616.2
616.5
616.9
611.9
610.7
614.4
615.1
616.8
621.3
622.2
623.3
620.9
630.1
614.5
612.4
613.7
614.6
613.8
613.3
614.8
620.4
616.8
616.6
623.6
618.3
621.8
621.5
618.6
613.1
613.5
612.6
615.4
609.4
616.2
611.4
613.8
619.6
616.9
624.2
623.4
618.3
616.7
610
610.9
615
611.5
612.3
602.5
608.3
612.6
615.1
614.9
617.7
625.1
617.2
617.8
624.2
617.3
610.3
617.3
608.7
605.2
605.3
611.7
612.6
613.7
614.6
619.2
613.8
610.4
611.2
610.6
608.6
607
605.2
614.9
610.8
605.8
611.5
604.1
611.5
611.2
617.5
614.5
617.5
617.6
626.1
612.8
606.8
608.9
611.2
605.4
603.3
603.8
609.9
610.6
617.3
602.2
614.1
609
611.2
617.1
615.9
604.8
604.6
608
607
604.9
606.8
607.2
610.7
611.5
608.6
616.4
616
612.1
619.2
613.8
609.6
610.5
608.4
604.7
605.1
605.5
604.4
607.2
609.6
610.5
615.2
615.2
615.3
613.1
611.9
615.1
599.3
607.4
605
601.4
611
608.2
610.1
612.8
613.9
604.6
614.4
617.1
606.9
607.6
612.3
603.2
596.1
598.5
599.4
599.2
597.3
604
607.9
609.5
609.7
608.2
606.3
609.4
602.4
604.5
604.8
592.6
609.2
608.4
609.8
607.3
601.3
606
606.8
609.2
618.8
613.5
614.3
605
613.3
596.2
603
604.3
598.8
601.7
601.3
596.1
605.6
602.9
599.5
605.9
612.1
608.2
606.5
610
602.6
598
611.4
603.5
596.8
598.9
609.1
599
612.3
609.4
613.3
604
618.7
608.9
604.1
602.3
603.7
602.5
599.6
606.5
599.8
608.5
608.6
613.3
612.8
613.1
602.9
602.1
610
604.5
608.4
603.5
604.1
603.3
603.1
602.2
608.3
608.1
612.2
611.1
607.5
615
611.8
603.4
602.5
598.4
600.2
596.2
600.3
599.7
601.3
597.2
604
610.5
609.7
613.1
609.7
609.4
605.6
600.1
601
596.6
596.7
602.1
598.6
605.5
603.1
608
610.6
606.6
613.2
604.6
609
605.1
598.6
602.1
599.8
597.5
601.4
593.7
596.7
597.6
595
604.7
610.1
608.9
612.7
607.1
605.1
596.3
597.2
599.6
598.4
595.8
596.5
595.2
601.2
602.4
604.1
602.3
604.1
598.5
600.8
601.4
601.2
597
594
601.3
599.2
602.4
602.4
588.9
597.8
601.5
597.9
603.5
603
600
603.2
593
597
596.9
600.2
595.4
595.1
589.1
595.5
600.9
602.6
599.6
602.1
604.8
604.3
596.8
599.9
590.5
590.8
591.5
589.5
593.4
597
598.6
597.5
599.2
601.9
604.1
604
608.3
599.9
595.9
598.8
602.2
592.4
590.2
584.4
600.1
593.1
599.2
611.2
599.8
605.4
604.2
603.1
593.6
598.2
592.4
591.5
591.6
588.5
595.3
590.7
601.1
592.1
600.7
596.3
604.1
595.3
592.5
599.4
592.3
594
591
589.9
591.6
593.7
591.5
595.9
595.6
602.1
604.2
601.7
596.7
600.4
589.8
591.8
595
592.1
589.2
589.9
585.2
587.2
591.1
594
594.5
600.6
599.1
598.1
595
598.7
594.8
591.8
587.5
587
589.3
585.4
591
587.7
593.5
594.5
596.1
598.4
596.8
598.3
601.1
597
590.5
590.9
588.3
587.7
593.4
590.2
588.7
597.5
603.5
598
599.9
596.6
597.7
593.7
597.1
592.6
590.1
593.9
589.8
586.2
594.3
594.7
596
596.5
598
597.9
598.8
604.2
590.1
588.4
593.6
591.6
586.3
588.6
590.2
587
592.5
594.3
599.7
599.1
596.3
597.1
596.3
589.8
599.2
590.7
579.6
591.9
585.5
586.9
592.4
593.6
595.8
594.5
596.7
599.3
596.7
592.4
591.2
592.4
582.4
588.8
583.6
585.1
581.4
584.4
590.2
587.9
589.3
593.2
593.8
599.1
596.1
591.8
591.3
584.7
582.8
576.5
589.4
594.6
583.3
585.1
591.7
598.5
592.6
593.3
592.3
593.7
589.1
587.4
588.9
584.6
581.5
579.4
583.2
577.8
586.8
589.6
596.3
589.7
590.8
595.3
598.9
592.5
585.1
585.4
586.3
584
587.6
587.5
582.3
585.1
589.4
594.5
588.1
596.7
597.2
593.5
591
590.9
582.3
584.7
580
583.8
577.1
585.4
588.9
583.7
591.4
592.3
591.7
594.9
597
578.1
584
586.4
580.7
576.8
585.7
583.3
583.2
580.6
584.7
590.2
586.5
595.5
598.8
595.5
584.4
585.5
576.6
575.9
582.8
579.1
581.9
590.7
587.8
584.6
594.8
593.6
591
592.2
593.7
587.5
582.9
583.5
585.8
581.1
578
583.5
576.2
591.9
588
584.1
589.5
593.9
590.1
589.7
587
584.6
585.9
579.9
577
576.8
580.1
582.4
584.2
585.3
589.7
586.1
588.5
596.2
594.7
583
581.6
583.8
577.7
585.7
575.5
571.4
577.8
587.2
590.9
589.3
592.4
591.7
582.7
581.8
584.3
582.1
578.1
581.5
578
571.4
577.1
582.1
586.3
591.1
591.4
594.1
593.9
586.1
582.9
579.7
580.1
575.3
579.3
578.3
572.8
573.1
570.3
583.3
589.8
587.1
579.1
586.9
578.8
583.2
573.8
582.8
577.4
577.6
572.8
571.8
579.2
583.2
584.2
588.1
585.1
581.9
588
584.4
586
579
576.2
574.3
576.5
575.8
573
580.4
581.7
579.3
584.2
587.2
586.5
577.3
587
582.1
578.1
576
579.2
573.8
572.8
573
573.5
577.5
582.9
585.8
582.4
589.7
583.9
587.8
584.2
573.9
575.3
579
577.2
577.4
578.2
579.5
575.1
578.5
585.6
583.2
587.2
585
581.1
581.6
576.9
576.3
576.1
573.6
575
568.8
578.2
573.8
579.8
572.7
576.7
578.4
585.8
583.5
581
577.4
569.1
574.8
572.5
572.9
569.9
573.4
571.2
586.4
577.7
580.4
580.6
578.5
582.7
579.3
574.2
574.2
573.6
573
564.7
570.5
565.2
564.9
570
576.7
582
579.1
581.6
573.8
575.8
569.3
566.7
568.9
569.6
567.8
569.3
573.2
575.4
580.3
575.6
582.3
578.2
579.3
575.8
569.9
568.4
568
570
567.7
570.1
580.6
568.4
570.6
575.4
583.7
582.7
575.8
574.6
571.2
575.3
571.1
564.5
565.5
566.4
567.9
569.8
571.5
570.6
576.5
580
590.9
577.9
574.4
571.5
568.7
567.8
566.6
572.1
567.1
564
561.3
575.3
568.5
575.4
571.1
579.4
575.8
578.6
571.4
566.7
570.1
570.6
565.6
567.6
569.1
562.1
568.8
570.5
578.4
573.7
577.8
579.8
571.9
571.8
568
570.5
560.4
573
566.9
562.7
559.8
571.9
572
575.7
575.8
580.8
579.9
574.5
574.9
576.2
568.2
567.1
569.5
569.4
571.4
565.1
570.1
571.8
580
578.1
580
579.5
579.4
579
572.4
574
571.1
568.5
564.2
570.5
564.3
566.4
564.9
577.4
577.6
568.4
573
570.6
575.3
570.7
569.2
566.5
563.3
571.2
564.2
562.7
572.8
572.7
578.5
577.7
573.7
568.9
566.8
572
568.1
574.7
568.2
564.6
560.5
554.8
561.5
565.1
567.4
568
572.4
573.6
575
573.1
573.9
571.8
567.5
566.9
565.7
560.7
564.2
563.6
565.8
562.1
567.1
576.9
574.1
564.8
581.1
564.1
563.3
562.3
564.4
558.6
561.9
558.4
564.7
564.1
556
558
558.1
565.7
567.5
562.8
572.6
561.5
563.3
560.8
565.4
563.6
562.8
558.1
558.5
556.8
561.6
562.8
561.8
564.9
569.3
566.4
567.8
563.5
567.5
560.8
554.8
556.3
557.5
562.3
559.7
561.5
566
573.6
562
573.6
563
565
564.5
562.8
556.8
562.4
556.1
554.1
556.6
558.9
559.6
559.9
562.3
557.9
570.8
564.7
564.9
559.5
553.2
563.9
558.6
557.3
551.4
561.5
563.6
552.1
569.7
561
562
562.1
568.4
563.9
562.1
563.5
559.2
554.9
557.1
555.8
560.1
560.9
558.4
565.8
563.8
565.6
565.6
570.9
558.7
565
563.3
561.6
554.6
553.5
559.2
562.7
561.8
559
570.1
568.2
565.7
570
569.5
571.5
564.8
566.5
561.2
560.8
559.2
562.6
562.9
558.8
560.4
559.2
567.4
564.8
571.4
567.5
569.7
566.1
565.4
558.6
545.7
556.3
558.1
564
560.2
560.3
565.2
561.8
565.4
568.2
576.3
563.6
566.4
553.2
568.4
553.4
560.2
559.9
564
559.1
562.7
574.1
570.3
568.4
572.1
566.9
568.8
570.3
562.6
557.7
558.4
556.4
561
555
555.9
563.8
559.9
566.3
568.4
572.1
568.3
562.8
559.8
564.3
561.7
559.4
553.2
553.3
561.1
561.6
565.1
567.5
557.4
567.8
568.2
567.2
563.9
563.6
565.8
556.8
558.6
560.4
553.4
559.4
554.1
559.3
562.4
568.2
561.5
556.9
569
564.4
562.7
562.8
565
554.6
559.3
560.2
558.4
561.2
557.9
563.7
563.3
569.6
572.1
566
563.6
557.3
556.4
558.3
552.2
556.1
555.4
557.8
562.1
565.8
556.9
566.7
563.4
568.6
559.3
563.4
561.6
550.9
554
554
558.2
555.3
559.1
562.2
560.9
563.1
569.7
567.3
565.8
561.5
558.7
559.7
555.5
554.3
555.6
557.9
552.2
559.4
566.1
563.4
563.3
559.7
564.6
558.7
563.9
554.3
556.5
548.6
551.1
551.9
551.8
550.8
553.4
555
560
555.6
560.8
562
565.3
567
562.7
555.3
549.7
549.1
551.7
550.2
554.6
547.2
557.1
552.4
546.5
563.6
555.8
561.9
557.3
555.4
551
551.3
550.9
548.7
552.1
554.8
547.1
549.5
549.4
554.3
555.8
556.3
553
557.3
554.8
559.3
548.1
549.1
556.1
540.6
553.5
546
553.7
558.1
555.5
555.9
553.1
557.5
557.3
550.3
548.2
548.4
545.1
552.3
548.4
546.8
553.3
553.3
552.1
553.5
555.7
558.2
556.4
552
553
548.1
555
548
544.7
544.4
552
561.2
549.8
559.4
552.4
553.8
554.5
552.2
550.7
550
545.7
551.6
543.5
548.3
543.6
544.2
550.2
544.1
554
557
554.8
555.8
556
552.4
546
549.4
550.6
550.2
552.4
551.1
556.5
557.5
555.9
563.7
565.3
567.8
557.9
556.9
557.2
555.7
550.4
552.2
547.8
544.6
550.9
552.2
557
558.6
565.5
560.4
555.2
554
560.2
552.7
550.1
561.5
539.8
549.2
550.9
543.1
554.9
556.5
548.9
556.9
552.7
569.4
560
554.6
547.8
553.6
545.9
549.7
549
546.4
551
549.2
551.8
551.7
553.6
549.5
557.2
549.6
561
552.9
550.6
550.4
544.2
548.4
548.1
542.1
549.3
550.7
548.9
559
556.5
557.4
558
551.2
557.2
546.2
548.9
551
549.9
548.7
550
547.2
552.4
556.3
555.8
564.7
557.8
557.4
553.3
552.6
552
544.9
548.1
541.3
545.5
549.2
550.2
555.6
556.2
555.7
557.3
557.8
556
556.8
555.4
549.7
549.3
557
540.4
541.9
549.6
553
553.5
558.2
559.4
547.1
555.5
549.2
552.5
547.4
545.4
547.9
537.6
550.1
544.9
546
549.7
545.1
556.8
554.7
559
556.8
554.3
552.6
551.4
550.5
549.5
551.4
551.6
547.4
548.6
552.5
552.2
555.6
559.1
556.3
550.3
552.1
548.7
546.2
545.9
545.6
548.2
544.9
541.2
549.6
547.9
546.9
555
545.1
552.4
548.6
550.2
550.6
547.2
541.3
548.2
541.7
548.5
540.6
545.6
548.3
551.3
551.8
558.6
552.7
553.4
552.2
542.7
543.1
543.8
541.5
539.9
542.4
545.9
550.9
549.9
553.9
549.2
557.7
546.1
545
545.9
548.4
541.8
542.1
545
542.1
546.9
541.9
552.2
553.5
549.9
551.2
558.4
554
558.5
537.9
545.3
537.6
545.1
540.1
542.3
541.2
542.4
546.1
549
554.8
554.7
552.2
548.7
545.4
546
547.5
534.9
534.3
547
542.2
539.5
537.6
543.5
544
546.6
554.5
553.1
544.4
537.4
543.4
536.2
535.5
542.1
539.6
544.1
540.1
537.7
531.2
546.5
544.3
541.6
552.5
545.7
550.7
553.7
546.4
542.8
547.9
546.9
541.7
544.2
543.3
548.1
551.7
553
549.5
557.2
542.8
543.4
542.9
543.3
533.9
537.6
540.3
538.3
533.4
537.8
547.6
544.1
545
547.5
543.6
543.1
535.9
546.4
539.8
541
535.8
538.3
536.4
540.1
543.4
537.8
542.5
547.5
537.6
549.7
549.6
541.3
538.8
541.1
541.5
543.3
546.6
540.1
538.4
546.5
549.6
549
551.6
549.3
544.3
550.6
545.6
545.5
536.7
541.4
545.1
542.1
540.6
545.1
547.6
550.1
548.1
554.1
545.9
554.6
544.6
541
537.4
540.9
537.7
530.5
533
539.1
538.5
539.9
545.7
541.2
544.6
545.4
539.6
543.4
541.4
537.6
540
542.6
526.6
538.9
532.5
536.8
546.2
543.5
547.7
545.9
545.9
533.5
541.4
534.6
536.8
535.2
534.8
531.9
530.6
545.3
536.4
545.8
543.7
545.2
548.8
546.9
539.1
543.1
539.3
535.1
540.6
532.7
532.3
531.6
541.6
533.2
542.2
544.8
539.9
542
549.8
541.7
546.4
541.5
541.6
540.4
533.7
534.4
542.2
537.2
538.6
545.1
540.6
542.5
546.6
549.4
545.8
545.7
543.9
538.9
535.5
536.4
549.4
536
533.8
538.8
539.9
546.9
551.1
544.8
547
540.6
541.5
543.1
534.5
539.3
531.8
536
541.3
529.8
538.8
539.4
541.5
543.3
543.2
538.6
545.1
538.5
540.5
538.2
533.4
535.7
533.3
538.8
537.7
541.8
548.6
537.7
543.1
538.2
546.5
535.3
540.2
536.7
536
528.8
532.8
535
537.1
535
535.4
541
545.1
550.9
544.4
547.2
550
545.6
539.5
533.2
536.5
528.2
531.3
537
539.8
544.2
541
538.3
537.5
545.8
542.6
540.4
545.9
534
537.5
528.1
528
531.5
531.1
535.3
539.7
534.4
536.9
547
540.4
542.4
537.6
533.7
534.2
530.1
530.1
528.8
527.2
528.2
532.9
530.4
538.6
533.7
528.8
541
542.5
542.6
536.5
537.7
535.8
532.5
532.5
535.8
535.4
534.7
537.5
541.6
538.5
543.5
542.2
541.7
542.8
529.6
536.8
534.3
533.3
537.9
527.7
540
534.6
540.1
542.8
533.6
537.3
531.6
533.3
534.1
539.3
524
529.1
534.6
537
534.4
532.8
532.3
539.7
544.3
540.6
548.1
538.8
538.5
543.2
533.5
539.2
531.1
531.1
526
530.1
532.3
541.4
539.4
542.6
543.4
534.8
535.1
533.7
533.6
528.8
529
530.6
533.1
527.2
529.1
532.4
540.2
532.8
538.7
537.4
538.5
546.3
540.1
542.1
531.9
533
535.7
531.3
528.2
536
533.8
535
534.8
543.1
538.4
538.5
543.3
534.9
537.6
527.7
531.1
525.3
529.1
524.7
526.8
530.4
529.2
536.3
531.2
533.1
533.6
532.4
536.1
529.4
519.8
530.9
529.6
525.5
524.9
526.1
523.2
525.9
536.8
534.4
537.4
540.1
536.3
535.8
529.6
529.3
530.9
529.1
524.8
523.2
532
520.1
529.2
538
536.1
540
539.3
533.8
539
527.7
523.7
532.3
526.6
520.6
528.4
523
529.2
526.7
532.3
529.8
541.6
529.9
525.8
534.1
539.3
531.3
520.5
523
513.2
523.5
524.5
524.3
534.2
524.9
533.8
526.7
533.6
541.6
538.5
530.6
534.5
531.1
533.8
526.9
530.6
531.6
527.6
530.1
531.1
534.5
544
533.5
535.9
526.7
532.2
529.5
528.5
522.6
524.3
526.1
531
528.1
525.4
530.9
531.1
537.2
540.5
531.8
536.7
537.8
528.1
533.5
528.9
528.3
521
523.3
528.7
532.1
531.3
539.6
544.2
535.6
538.8
534.3
532.7
534.4
526.9
532
526.5
527.1
527.8
529.1
525.4
534.7
536.8
542.1
534.9
538
532.8
537.7
527.7
533.2
533.1
530
530.1
528.4
530.1
527.9
532.1
534.6
538
536.3
536.1
539.6
528.3
535.4
523.9
525
527.4
524.8
523.9
530.8
529.6
529.7
533.3
544.5
533.8
525.8
539
531.6
527.1
525.6
524.3
523.7
523.7
526.2
530.7
525.3
527.7
526.9
533.3
533.2
537.9
532.9
538.9
530.3
532.1
531.9
532.2
521.2
522.8
523
522
527.3
524.6
529.7
534.7
535.5
536.8
535.2
540.7
520.8
527.6
527.7
523.2
525.2
522.3
524.9
520.5
528.4
533.6
535
532.9
536.7
535.3
529.6
531.3
531.2
524.1
522
523.8
525.7
522.3
529.6
526.3
523.8
532.3
535.5
537.8
532.6
529.8
533
524.4
524.3
536.2
526.9
527.6
526.6
521.4
529.9
524.3
534.6
532.3
532.6
535.5
534.2
538
523.4
521.5
523
523.7
520.8
524.2
524.8
532.8
525.6
530.1
533.6
533.3
522.7
527.3
522.6
523.2
529.3
521.1
523.7
519.6
522.5
531.3
530.4
529.5
530.9
528.5
530.1
532.8
530.1
534.8
526.6
524.1
525.1
526.4
522.9
522.8
527.5
536
530.7
531.6
529.2
528.9
532.7
527.3
525.7
516.4
519.5
528.4
526
531.4
523.7
534.9
537.3
534.9
536.1
531.6
528.5
531.6
524.9
522.9
525.1
529.5
527.6
529
530.8
535.2
524.1
523.2
528
525.8
529.8
531.5
526.1
527.3
524.5
524.7
518.7
519.6
520.4
519.2
521.9
526
529.1
527.3
533.5
529.3
527.9
528
527.7
521.9
525.6
523.1
518.8
520.5
530.5
527.1
528
531.6
532.7
536.4
533
529.8
528.9
529
530
528.1
521.1
514.4
525.1
521.2
527.6
529.5
526.2
530.5
540.6
536.4
528.7
528
528.4
525.1
523.9
521.2
524.2
523.9
524.4
528.2
529.2
531.3
528.2
533.2
536.8
536.8
533.9
536.3
528.5
527.1
525.9
524.1
525.8
519.7
524.2
528.1
535.9
525.5
533
528
528.8
538.2
522.9
528.2
524.6
522.5
523.1
517.7
522.6
529.2
524.2
538.6
532.6
530
533.6
536.9
527.7
530.9
527.3
521.4
511.3
522.6
530.3
524.4
530.6
528.1
532.7
528.7
531.7
529.4
533
530.3
521.9
525.9
526.1
527.3
522.1
520.1
521.1
526.8
523.2
532.8
538.5
534
528.9
531.7
528.5
522.2
522.4
515.4
522.1
513.4
521.1
518
527.1
527.1
527.8
531.3
532.2
533.4
527.6
528.1
522.9
519.5
516.7
519
525.8
524.4
525.5
520.9
527.2
528.7
536.2
529.9
538.1
532
533.4
522.9
520.9
522.6
518.2
519.5
523.9
515.3
526
527.4
525.6
526.3
534
527.1
522.1
521.6
515.8
514.1
517.7
516.3
514.6
521.1
518.3
531.2
534.7
524.6
527.5
528.9
532
528.7
530.5
525.6
522.4
516.7
519.7
521.3
517.7
530.5
528.3
524.2
525.8
531.8
531.4
527.1
525.2
520.7
523.9
521.7
518.6
522
516.1
511.5
521.9
517.2
522.4
524.2
528.6
524.4
519.6
520.7
519
522.3
519.9
526.4
514.8
517.6
519.7
522.8
527.3
529.4
527.5
528.8
527.8
525.1
520.7
517.6
520.6
518.5
508.4
512.7
510.5
512.4
513.9
515.8
520.5
522.9
526.7
515.5
523.5
519.1
524.3
518.1
516.9
516.4
512.8
519.6
512.3
520.6
522.7
521.5
519.8
530
526.6
530.2
520.9
520
523
516.4
517.1
505.1
519.6
518.1
516.9
517.9
524.8
525.6
522.6
523.5
524.9
522.7
523.7
512.2
516.7
516.1
519
511.6
520.5
516.7
523.6
540.5
526.4
522.2
521.5
516.3
519.5
517.8
514.4
516.1
520.5
514.7
518.1
519.8
518.8
522.1
527.1
523.2
521.3
528.7
524.2
517.2
514.6
523.2
508.7
517.4
511.1
517.6
515.7
512.8
519.1
531.4
529
521.2
526
516.4
523
517.6
515.1
521.2
516.5
513.3
515.2
499.6
515.4
520.6
522.1
527.4
530.3
523.9
523.4
522
522.9
513.9
515.7
513
511.8
516.4
516.9
520
524
524.8
519.5
529
512.6
529.3
521.7
519.6
513.9
513.7
518
517.1
514.7
524.2
518.7
523.8
515
528.6
525.5
533.4
527.6
524.5
520.8
521.3
519
518.2
515.4
511.6
515.8
515.7
520.9
520.8
522.9
525.2
525.2
519.3
518.8
519.1
514.2
514.7
516.8
513.9
512
518.1
513.4
521.4
525.7
522.5
525.9
523
524.4
510.6
515.2
514
512.8
514.8
518.5
513.4
524.9
519.1
517.6
517.9
520.8
526.3
526.3
519.3
520.4
516.6
517.1
515.7
509.4
515.9
515
517.8
517.2
522.2
523
520.8
527.9
521.2
519.7
520.3
515.6
513.9
514
508.6
514.9
514.5
519.6
518.1
514.4
518.9
526.8
521.8
523
525.9
517.9
520.3
518.3
520.2
516.8
513
517.9
513.2
520.2
525.4
526
522.7
514.9
530.3
520
518.5
515.4
527.6
514.5
509.6
514
511.4
510.4
517.8
522.5
526.1
533.7
524.5
524.1
521.9
522.2
522.9
513.4
517.1
520.2
510.8
514.2
519.1
518.3
525.2
531.7
531.5
521.7
526.4
523.7
525
519.7
522.9
526.1
516.4
518.1
521.5
514.2
524.8
528.2
517.9
531.2
526.2
525.2
524
524.9
520.7
521
514.9
525.5
517.1
509
511
516.6
523.3
534.3
520.3
526.6
527.1
530.3
525.3
521.1
524.3
521.3
520.1
516.5
520.8
519.5
521.7
523.5
528.4
524.9
530.4
529
524.8
528.6
524.6
524.8
526.7
516.2
520
512.7
515.9
517.3
518.4
518.1
525.9
527.7
526.5
525.7
519.6
522.1
525.2
520.3
528
517.3
516.4
521
522.6
529
535.7
544.8
554.3
551.2
547.7
542.4
539
539.2
538.3
529.5
532.1
539
537.5
532.9
534.9
543.3
542.5
541.5
550.8
547.6
548
546
538.6
543.7
538
538.6
537
541.3
537.7
542.3
546.5
538.2
580.1
550.5
552.3
555.9
548
541.2
546.9
541.5
545.9
547.9
546.4
559.6
564.8
574.3
583.3
588.6
594.4
595.1
591.8
592.4
594
596
591.4
594.7
595.1
595.6
598.6
597.7
599.4
600.6
603.3
612
608.2
617.1
611.7
609
612.8
609.5
609.3
603.6
600.3
608.7
612.9
607.1
618
619.5
618.8
617.8
620.5
625.2
628
622.8
627.9
620
622.3
622.4
620
620.2
628.7
627.4
631.8
639.4
636.5
636.5
637.4
636.3
638.4
633.7
635.3
635.3
636.8
635
644.5
650.4
648.8
645.7
649.6
648.4
648.5
655.9
652.4
650.4
655.9
648.9
653.1
660
654
657.5
649.2
644.9
652.2
676.4
685.6
688.5
676.8
677.9
667.3
663.8
669.5
665
669.3
668
665.1
663.7
670.4
673.2
671.4
678.6
680.6
679.1
678.4
680.8
679.8
682
675.6
673.2
675.3
682.4
680.8
688.1
694.2
691.3
694.4
697
694.7
691.5
689.8
689.4
688.5
685.9
688.6
686.9
686.6
698.5
708.1
696.6
706.6
708.1
709.6
708.1
707.3
710.5
704.1
704.8
708.6
708.3
710.1
712.5
713.7
718.5
711.6
716.4
729.8
719.2
719.5
722.2
716.3
716.5
714
708.9
713.7
716.7
723.7
726.8
726.4
727.1
729.3
728.9
725.8
721
726.7
720.6
719.3
719.4
720.8
721.3
721.2
722.8
724.2
723.8
728.8
729.7
731.8
738.4
735
731.4
726.2
724.5
728.9
725.1
726.1
721.9
727.8
731.7
737.8
