1210.1
1196.9
1197.9
1183.9
1188.1
1185.5
1192.2
1197.6
1189.4
1191.4
1205.2
1199.9
1200.9
1203.8
1207
1194.2
1193.1
1189.3
1190.2
1190.4
1188.2
1175.7
1187.8
1190.8
1192.3
1200.9
1198.1
1197.9
1196.3
1194.5
1192.5
1190.4
1194.1
1179.9
1183.5
1186
1183.4
1188.6
1188.1
1189.5
1185.3
1187.2
1189
1190.4
1186
1184.5
1193.6
1188.6
1184.5
1182.8
1179.3
1168.6
1175
1171.3
1171.1
1180
1183.1
1190.8
1188.9
1190.3
1188.2
1188.3
1180.3
1178.3
1172.7
1172.7
1162.9
1171.8
1167.8
1166.8
1174.3
1173.6
1169.9
1179.7
1177.4
1177.6
1166.8
1170
1167.8
1169.3
1172.6
1170.8
1167.3
1164.4
1168.1
1173.5
1174.6
1179.4
1174.2
1178.4
1175.2
1174.5
1173
1164.6
1164.6
1170.5
1154.9
1166.6
1160.3
1170.5
1172.3
1165
1175.4
1169
1166.3
1171.4
1169.7
1170.8
1158.2
1148.1
1156.8
1155.7
1153.9
1156.8
1157.7
1162.9
1163.5
1161.2
1165.7
1163.1
1167.1
1163.7
1162.6
1161
1151.8
1156.9
1153.7
1153.8
1152.5
1154.1
1155.9
1163.6
1158.2
1165.1
1161.7
1163.4
1150.3
1153
1158.8
1158.5
1152
1149.8
1153.2
1147.6
1154.5
1150.4
1156.4
1161
1148.4
1157.6
1150
1145.8
1142.1
1147.5
1148
1144.9
1141.5
1140.9
1132.9
1138.2
1143.3
1149.7
1150.9
1150.4
1148.6
1145.1
1145.5
1149.4
1139.9
1142.1
1138.6
1142.5
1136.3
1130.6
1136.8
1137.5
1142.4
1147
1142.5
1142.1
1143.1
1134.5
1132.3
1125.5
1129.9
1123.7
1128.8
1123.9
1128.6
1121.7
1125.3
1132
1134.5
1132.4
1139.4
1139.4
1116.7
1126.3
1128.1
1124.7
1111.3
1118.7
1119.9
1121.3
1128.5
1128.9
1129
1138.6
1133.4
1130.2
1125.4
1124.8
1117.9
1120.5
1116.4
1112.8
1115.1
1110.3
1114.4
1115.5
1117.3
1119.9
1125.1
1125.6
1122.1
1116.5
1118.9
1114.8
1106.7
1111.8
1109.8
1116.1
1109.2
1110.9
1105.8
1111.9
1113.4
1118.1
1109.5
1112.3
1103
1106.8
1103.8
1106.8
1098.8
1099.2
1097.1
1096.3
1099.8
1100.1
1109.5
1105.6
1107.4
1111.7
1115.7
1104.2
1100.8
1096.4
1094.3
1087.8
1088.6
1093.1
1101.8
1091.4
1089.8
1093.9
1098.6
1098.6
1092.4
1098.8
1104.1
1088.7
1091.3
1083.5
1099.2
1079.2
1091.1
1097
1095.5
1090.4
1089.8
1097.1
1098.6
1089.1
1098.9
1091.7
1086.4
1080.6
1094.6
1091.4
1084
1084.1
1092
1084.3
1085.3
1098.1
1093.9
1099
1100.9
1096.2
1095.1
1089.5
1084.2
1081.1
1086.4
1081.4
1083.3
1088.8
1086.4
1087.3
1092.9
1090.9
1087.8
1087.4
1088.5
1093.3
1083.1
1079.3
1080.8
1079.4
1076.5
1076
1082
1078.8
1089
1083.7
1085.5
1089.3
1090.1
1086.2
1080.5
1082
1075.2
1075.5
1072.7
1070
1074.4
1070.3
1077.2
1076.8
1075.1
1073.3
1080.5
1078.9
1078.2
1075.5
1068.8
1076.3
1074.6
1068.5
1065.6
1065.6
1068.7
1069.2
1069.3
1067.5
1076.5
1070.4
1069.9
1064.9
1065.5
1057.6
1057.1
1058.3
1057.6
1049.9
1052.1
1060.1
1057.1
1062.2
1067.9
1065
1060.3
1061.4
1065
1064.5
1060.2
1058.6
1054.5
1057.3
1058.9
1050
1051
1047.4
1053.3
1058.7
1060.1
1060.6
1063.8
1062.3
1056.5
1052.5
1048.2
1046.4
1044.8
1041.9
1035.8
1040.6
1043.5
1052.1
1053.8
1057.2
1049.5
1052.4
1044.8
1042.1
1034.5
1039
1036.7
1033.9
1040.4
1030.3
1044.1
1041.1
1048.1
1043.1
1048.5
1044.9
1046.8
1042.6
1042.7
1035.1
1038.6
1034.3
1033
1031.8
1029
1030.9
1039
1036.8
1038.6
1042.7
1039.2
1035
1039.9
1033.3
1033.1
1031.3
1021
1024.8
1016.8
1016.3
1023
1016.7
1016.8
1016.6
1021.7
1029.7
1025.9
1020.9
1018.5
1014
1015.8
1002.9
1010.8
1011.8
1006.2
1010.4
1010.2
1007.2
1016
1016.5
1014.8
1013.3
1012.8
1004.8
1003
999
1001.2
1002
999.8
996.5
1006.1
1010.6
1012.6
1007.3
1021.1
1016.1
1021.2
1008.5
1004.7
997.5
996.8
995.3
999.6
990.8
998.6
998.7
1001.6
1008
1008.1
1011.3
1007.8
1006.7
1007.6
1001.9
1004.8
996.2
996.7
989.7
991.8
994.3
994.3
998.7
1001.6
1000.9
997.7
999
996.3
993.2
999.7
986.8
987.3
990.1
990.6
985.8
987.7
987.8
991
988
996.1
989.7
992.2
993.9
983.9
988
977
979.8
984.8
978.4
977.7
981.3
985.6
977.1
983.1
987.7
981.8
989.1
985.6
985.5
978.6
981.9
980.1
974.6
977.1
973.9
975.8
976.7
972.1
980.8
977.7
980.1
980.7
983.3
982.1
976.1
968.6
963.7
969.3
972.8
965.8
970.4
968.3
966.6
971.3
978.8
972.7
978.8
973.9
975.5
967.7
969
963.1
961
965.7
962.3
957.1
964.2
964.8
968.4
971
978.1
973.3
966.2
969.3
962.1
968.3
964
961.1
961.1
963.4
956.3
958.9
958.8
958.8
964.9
964.9
961.9
964.2
966.5
967.8
963.3
958.7
954.6
957.5
952.2
954.5
950.4
949.1
953.8
956.1
957.6
960.3
961.6
958.3
959.8
954.2
952.8
951.5
944.6
944.5
946.4
944
946
950
951.9
952.8
957.7
957.4
958.6
955.6
946
947
945
937.9
941.9
942.1
938.1
947.2
939.4
947.7
948.2
949
950.1
953.6
945.4
942
932.3
937.4
935.9
936.8
938
933.8
932.7
938.9
940.7
945.9
945.2
947.3
945.4
938.5
942.5
934.3
935.3
932.1
929.8
927.1
929.9
938.9
935
938.1
936.7
942.4
941.9
942.4
941.5
938.6
938.9
928.1
925.3
927.7
933.7
934.1
932.8
931.2
937
939.4
941.5
935.2
931.8
931.4
927.5
926.1
926.8
916.3
921.7
920.4
919.1
920.2
927.8
934.8
926.3
933.5
931.6
930.3
923.7
927.6
919.1
921
921.7
916.6
914.2
916.6
918.6
921.4
926.6
921.6
920.8
921.2
927.6
921.4
921.6
911.8
912.5
917.1
916.2
907.4
917.5
916.4
911.1
920.4
922.3
915.2
926.4
920.1
915.2
911.5
903.1
911.8
903.8
908
913.4
905.6
903.7
908.5
912.5
907.7
924.3
912.9
914.8
919.5
909.6
905.5
909.4
903.8
906.3
903.1
906.8
909.5
910.1
907.1
906.6
915.7
915.9
917.1
915.5
903.7
910
900.6
901.8
904.3
903.4
904.7
895.1
904
902.4
908.2
906.7
902
908
904.3
905.2
898.7
899.5
895
897.9
892.8
902.3
904.3
917.5
908
908.5
907.5
907.8
910.4
906.6
898.7
900.4
892.7
892.2
882
890.5
900.5
900.1
896.5
902.9
908.4
905.9
904.4
896.3
892.7
892
892.5
891.8
889
891.7
886
888.7
891.5
895.7
896.9
901.2
896
892.1
898.5
889.8
888.9
885.1
889.2
886
880.1
897.9
885.8
894
885
894.3
894.3
895.5
890.5
904.6
894.7
894.3
891.4
885
886.8
892.4
890.8
888.9
893.1
890.4
896.7
898.7
888.3
897.6
891.1
893.5
885.9
881.9
884
885.4
885.3
885.9
884.3
889.1
891.2
895.6
893.2
891.7
894.9
888.2
885.6
885.2
880.1
877.2
880.6
878.2
876.6
879.3
882.4
888
889.6
888.4
895.6
894.1
887.5
886.3
882.3
882.7
888
883.9
876.3
876.5
875.2
879.1
878.6
884.9
891.9
892
885.9
884.7
882.9
882.6
877.5
873.9
868.4
874.2
871.7
870.2
879
877.4
886.1
886.5
887.1
888.2
879.7
879.1
878.8
878.5
871.2
868.1
868.6
857.3
873.6
870.4
875.1
880.4
883.1
879.1
875.8
880.1
874.9
873.4
869.8
863.4
863.9
865.4
865.7
866.8
874.6
869.6
878
874.9
874
868.7
867.1
869.2
859.9
861.9
863.5
857.9
863.9
861.3
865
864.8
868.4
872
866.2
868.2
864.3
862.8
860.8
865.7
855.3
853.3
857.4
862.5
855.1
854.7
863.9
861.2
867.7
859.9
867.4
866.2
856.4
856.8
849.9
852.4
847.8
851.1
846.7
848.5
853
855
856.2
858.4
862.8
865.5
856.9
850.8
850.1
849.7
841.9
842.2
848.4
850.4
841.8
847
843.6
847
851.4
859.3
849.4
851.8
846
842.1
843.2
840.9
841.8
837.2
842.8
838.3
841.2
842.4
842.4
845.4
853.4
849.6
846
847.5
834.8
836.9
838.9
833.5
832.9
830.9
831.7
836.2
836.5
837.4
846
841.7
846.3
842.5
835
827.4
825.9
831.9
829.9
828.5
827.7
824.6
823.9
831.7
836.5
836.7
832.9
834.4
833.8
828.3
831
822.2
825.2
823.4
818.2
819
824.9
824.2
825.5
826
825.4
824.1
827.2
827
818.4
825.6
820.6
817.9
812.4
810.6
817.1
811.9
815.8
822.4
818.7
823.6
822
822.2
822.3
813.7
813.6
807.8
809.6
812.3
817.2
808.8
809.2
810.7
824.3
818.3
817.1
816.9
819.9
813.6
815
812.6
806.9
807.3
804.7
810.1
805.6
804.7
806.2
808.1
811.3
812.6
813.8
817.3
812.6
806.7
808
805
804.1
804.2
796.2
800.6
799.9
802.7
805
806.1
812.3
805.9
808.3
805.5
805.2
797.5
795.6
796.8
795.4
793.6
794.3
792.6
796.3
797.7
802.2
801.5
805.9
805.6
803.4
800.8
802.3
798.6
790.3
791.7
795.5
797.5
797.4
794.3
802.1
802.3
798.9
801.7
807.6
800.1
793.8
788.2
792.9
791.7
790.3
786.8
790.3
790.5
791.5
797.4
791.9
798.9
802.4
791.1
794.5
796.6
795.7
787.9
781.3
786.4
788.1
785
782.4
787.2
782.2
783.9
777.3
782
778.5
777.7
777.3
774.8
776.7
770
767.2
769.4
769.7
772.7
773
774.1
777.6
774.5
777.9
769.7
769.9
773.2
767.4
763.2
765.6
762.2
761
763.2
769.6
769.6
774.8
776.2
781.4
776.2
775.7
770.8
769.4
763
764.4
758.7
759.4
757.8
762.4
766.2
767.9
771.4
775.3
770.6
771.8
770.2
764.6
763.5
755.5
751.8
763.3
750.7
749.1
761.9
763.6
767.1
765.7
764.8
770.1
765.1
760.6
761.1
757.2
755.4
752.8
753.7
750.8
751.9
749.4
755.3
756.9
754.1
759.8
761.5
761.9
758.1
756
757.5
753.8
749.8
747.2
745
747.4
741.1
747.9
752.9
750.4
757.9
756.1
757.7
749.4
750.2
749.3
745.5
744.7
738.6
739.8
740.7
746.6
754.4
755.1
751.4
751.6
751.6
752.1
750
749.5
749.6
737
740.5
742.1
740.6
738.3
741.3
742.5
748.5
746.4
750
750.3
756
736.3
746.9
746.2
741.7
742
733.5
738.2
735.6
738.4
744.8
748.3
746.4
752.3
748
741.4
743.5
742.3
739
735.7
734.4
742.4
729.4
734.2
735.2
741
740.4
745.1
742.3
742.4
740.6
737.3
735.5
733.6
730.3
738.8
728.1
725.8
728.9
737.4
734.1
737.3
740.6
752.8
739
738.9
733.8
736.8
732.2
733.6
729.1
724.5
717.6
727.1
729.9
730.5
730
727.7
737.7
735.3
735.9
736.6
730.2
730.3
723
727
724
718.7
720.4
724.3
731.9
723.6
728.7
728.1
732.2
734.5
726.8
726.8
719.5
720.8
711.9
713.1
720.9
718.1
717
717.1
732.5
722.2
732.6
728.7
718.9
729.5
723.9
722.9
712.1
720.5
717.4
716.7
724.9
719.6
718.7
724.1
731.1
724
726.6
731.1
720.2
719.2
715.5
711.1
718.1
715.8
711.7
717.6
715.9
715.6
719.7
714.3
721
724.8
718.7
720.1
717.8
714.1
712.8
707.3
709.3
708.9
707.5
711.7
713.6
713.9
719.1
715.1
714.6
715.3
711.2
711.6
712.2
710.1
702.3
708.7
707.1
705.5
706
708
711.3
707.3
714
718.3
711.7
719.7
708.6
704.8
699.4
704.7
705.8
702.7
709.2
703.7
708.1
708.2
713.9
717.3
714
712.3
711.5
704.9
704.8
704.9
703.2
700.5
702.6
701.3
700.2
703.4
705.9
707.8
706.5
708.5
712.7
713.4
704.6
708.1
704.6
700.5
698.7
702
698.7
696.5
702.1
706.3
708.2
704.4
706.2
708.8
704
703.1
703.9
698.9
696.1
691.9
692.3
696
698.5
697
706.9
704.7
706.9
708.5
710.3
699.5
705.9
694.9
701.7
696
696.6
692.3
692.9
698.1
700.6
702
699.1
704
705.4
706.3
699.8
696
700.4
698.6
693.9
689.5
691.3
692.2
692.7
696.7
696.3
694.5
704.3
702
701.5
700.6
694.7
697.7
689.6
684.9
680.4
684
681.9
683.8
687.1
691.4
688.2
691.1
691.1
695.4
693.7
686.6
691.2
687.4
685.4
678.2
686.6
675.6
680.1
679.1
685.1
691.5
686
686.8
688.2
690
680.8
678.9
672.9
675.1
673.4
674.2
677
678
676.1
677.1
689.1
686.2
684
683.8
681.5
677.1
686.6
678
666.2
669.8
678.2
681.1
682.1
676.1
680.5
678.4
677.4
676.4
684.7
680.4
673.4
669.2
673
671.8
663.5
673.5
670.8
671.6
672.5
680.7
674.3
679.4
674.6
672.5
667
666.8
664.4
662.6
663.7
666.6
663.6
668.6
674.6
676.5
672.4
676.5
673.4
673.2
665.7
669
666.1
663.2
663
662.3
663.7
667
663.7
666.8
668.4
667
671.8
670.8
668.7
661
659.5
655.7
659.2
656.8
661.8
657.8
662.6
660
666.1
665.6
663
666.1
671.2
665.9
664.9
661
656.8
653
653.7
656.6
654
653.4
656.1
659.6
665.2
667
668.1
660.2
664.6
664.5
652.7
654.6
654.2
652.1
650.7
658
654.9
652.4
653.2
662.8
673.5
669
666.3
667.3
667.7
658.3
658
652.5
659.3
653.4
647.5
649.5
646.3
657.1
660.1
667.1
665.8
660.7
658.6
658.9
658
651.6
645.3
651.7
651
651
645.5
650.2
652.7
655.8
659.7
657.8
658.2
659.5
656.3
655.4
651.5
644.6
649.8
645.4
644.9
642.8
648.9
645.9
651.6
654.2
653.3
652.8
657.7
652.8
648.9
648.9
650
642.9
645
643.3
646.2
642
654.2
653.6
651.2
650.7
654.2
649.5
654.4
648.6
648
641.5
640.5
639.1
642.2
643.3
641.7
645.8
648.9
653.3
651.5
651.2
648.3
642.3
652.3
646.7
642.2
637.8
634.2
635.2
634.9
640.3
640.8
640.5
643.7
647.5
648.6
645.7
645.3
646.8
636.4
638.7
639.7
637.6
631
635.2
638.6
633.7
641
635.2
644.8
644.5
646.3
639
642.2
642.4
637.5
634.6
633.5
629
631.5
632.3
633.2
636.7
640.1
641.3
643.3
641
641.3
636.2
634.1
639.8
637
634
631
629.6
637.8
634.6
637.8
637.7
643.1
646
643.3
644
634.1
627.8
624.7
628.3
629.9
626.7
639.3
627.4
618.3
635.7
637.4
642.2
636
643.8
629.9
637.2
635.6
631.2
624.6
630.6
628.3
628
627.8
628.6
633.3
640.2
635.6
636.8
638.4
636.3
630.4
625
622.7
626.5
628.9
626.8
623.9
626.1
625.5
633.2
633.7
632.2
636
631.3
636
637.5
633.7
628.7
629.4
624
627.2
623.6
619
628.2
630.9
629.8
630.3
634.1
633.4
636
635.8
626.7
619.7
623.2
616.2
624.7
623.8
618.8
620.2
629.3
634
632.3
634.3
630.3
632
626.6
627.4
624.7
630.9
621.3
622.6
621.2
621.8
623.8
625.8
626.7
623.7
626.4
631.3
630.1
625.1
627.8
622.1
628.5
632.9
618.4
620.3
619.3
620.4
625.1
626.9
628
629.5
630.1
625.7
618.2
623.6
616.8
622.3
623.5
617
616.8
620.7
621.2
626.8
627
636.3
625.1
632.5
626.6
631.1
619.9
616.7
624.3
612.9
621.5
614.5
619.3
617.1
613.8
625.2
623.2
629.4
626.2
615
626
616.1
616.1
617
615.8
617.2
616.8
620.6
618
625.5
622.9
622.6
625.7
620.5
622.9
622.3
619.7
616.2
612.7
612.1
612.6
613.4
614.6
618.1
613.8
620.9
617.8
622.9
621.5
622.9
616.8
615.5
609.2
607.5
612.9
605.3
609.2
613.1
614.8
616
620.1
624.4
620.4
618.2
618.8
607.4
605.9
605.4
605.1
606.7
601.4
606.1
611.5
606.4
613.6
610.3
621.3
616.9
614.4
615.1
608.6
609.4
605
602.6
598.6
605.9
602.1
597
604.1
607.1
605
612.7
610.2
612.7
608.2
606.1
601.9
596.4
598.6
594.3
599.9
597
597.2
602.2
600.3
606.3
604.8
609.1
611.7
605.6
604.7
587.5
591.9
589.7
593.6
594.6
600.5
592.6
596.5
590.6
597.1
600.3
603
603.9
600.1
596
595.9
597
595.2
591.3
587.2
591
594.7
596.4
595.4
593.5
596.7
599.7
600.5
595.7
593.5
590
585.4
587.7
587.2
585.4
586.4
586.4
599.5
592.5
599.7
598.1
599.1
596.5
594.5
596.7
591
591.5
583.6
587.2
585.1
585.1
586.5
589.7
590.5
587.8
590.3
596
594.5
593.8
589.1
588.8
585.1
587.7
580
584.6
580.2
582.9
587.5
590.4
589.9
591.5
585.4
591.3
587.5
586.5
584.9
585.8
574
578.6
576.4
578.8
583
582.4
589.1
590
589.7
587.6
593.5
593.7
584.5
577.6
576.5
578
576.5
572.3
582.9
580.3
584.2
588.6
580.8
587.5
588.2
591.6
585.2
590.1
582.9
583.2
576.9
578.8
574.5
577.1
580.9
579.9
582.1
587
591.3
587.8
582.1
584.3
583.7
582.1
568.1
575.1
580.6
577.8
576.2
577.4
577.4
583.4
582.6
582.9
588.5
583.2
584.9
577.2
576.7
575.7
571.7
574.1
573.8
569.6
572.9
577.8
582.7
583.4
581.9
582.3
585.7
590.2
580
576
578.4
570.1
569.4
572.7
572.4
582.6
576.1
577
586.6
583.8
595.4
588.3
579.4
578.7
580.9
572.2
579.9
574.2
575.6
583
575.7
566
577
582.4
581.4
576.2
588.2
580.9
578.5
581.7
578.3
571.1
575.1
575.7
572.3
575.2
572.2
578.2
584.4
586.8
581.9
580.7
581.1
578.6
567.7
569.9
569.3
574.5
566.1
572.2
573
578
588.2
578.9
577.2
579.6
576
576.4
575.1
574.8
572.2
571.8
574
570.3
567
573.4
574.5
578.2
576.9
577.2
585.5
583.2
570.7
575.9
572
566.1
569.4
572.5
566.9
568.4
565.3
572.1
573.3
574.8
582.4
576.1
581.4
576.9
569.5
574.6
568.1
564.5
565.5
568.1
571.2
562.8
572.2
569.4
576.1
575.1
577.5
576.1
572.7
572.9
570
570.3
567.7
566.8
563.2
570.8
568.8
563
570.1
575.5
575.9
577.7
571.7
574.5
573.8
572.5
568.7
565.5
564.7
566.3
564.5
565.5
567.4
565.5
568.1
575.6
571.3
574.3
576.3
573.2
575
575.5
565.3
562.4
565
563.7
566.3
563.9
572.8
568.4
571.7
572.2
569.5
571.6
567.7
566.3
564.7
562.1
565.4
564.5
573.9
564.5
567.7
571.2
570
570.8
572.8
566.6
569.5
568
570.5
558
562.9
563.4
558.3
554.8
563.4
560.7
569.8
572.7
566.9
573.3
566.4
569.1
562.9
569
562.4
562.2
559.6
556.8
554.8
556.1
562.9
564.3
567.1
572.6
563.4
569.2
565.2
567.8
562.3
561.5
553.1
560.4
561
555.7
555.3
558.7
560.2
564.8
573.9
565.7
569.4
570
561.1
563.2
558.5
559.5
556.6
557.9
557.9
559.6
565
564.4
566.1
566.9
564.7
570.2
565.2
567.5
560.4
556.3
554.6
552.8
553.4
560.8
554.5
560
563.9
570.6
564.2
566.8
565.2
556.5
555.6
554.5
556.4
552.8
554
558.4
550.9
552.5
565.6
562.2
552.8
567.4
566.3
559.4
557.7
559.9
555.8
557.3
553.9
553.3
548
558
553.4
563
559.8
564.3
564.7
564.2
560.6
556.2
562.9
561.1
559.1
555.1
550.7
552.4
555.1
555.6
554.7
558
569
562.9
566.9
563.4
560.8
560.3
552.9
552.8
547.4
549.8
552.7
548.4
557.6
557.9
562.2
559.7
563.1
563
558.5
554.1
553.1
550.7
548.6
551.2
548.1
551.5
551.7
559.9
559.4
563.7
561.9
560.2
561.5
559
553.8
557.2
559.4
550.2
552.5
550.3
548.4
557.1
556.2
563.5
564.9
567
562.7
564.2
559.1
562.9
550.8
556.7
554.2
551.8
554.8
550.6
553.6
556.1
557.8
560
567.8
568.8
561.2
558.9
555.4
554.5
557.1
553.5
547.9
553.4
556.5
555.2
558.7
563
559.8
555
557.5
559.1
552.8
559.6
555.7
553
554.6
554.9
550.3
552.4
550.8
551.7
563.2
562.5
561.7
563.4
560.5
562.2
555.9
555.9
553.7
554.1
551.1
546.6
549
552
553.5
557
556.9
559.6
562.2
559.2
558.8
554.4
560
550.6
544.1
551.8
552.2
557.5
549.4
554.3
557.9
558.9
558.2
552
559.5
559.3
551.6
551.6
551.8
548.8
547.9
546.3
550.8
549.7
554.7
562.3
556.9
552.8
560.2
559.4
555.5
552.9
553.7
548
553.8
549.1
549.2
550.3
552.6
548.9
551.8
558.1
556.7
556.5
559.5
560.9
556.5
549.9
550.1
547.3
545.9
545.7
550.2
547.8
554.9
551.7
557.5
556.4
557.5
557.5
560.9
554.6
548.5
546.3
544.3
545.3
548
547
553.4
550.5
555
555.4
555.4
552.7
554.3
553.4
551.8
547.1
544.9
539.9
549.5
545.3
544.3
551
543
559.6
561
554.5
552.8
551.6
557
549.5
550.3
547.4
541.3
548
549
544.8
548.9
546.9
553.9
547.4
559.4
556.3
553.8
553.2
552.3
546.5
544.1
547.4
546
544.6
542.2
544.6
542.1
544.4
551.3
553
556.3
551
549
549.1
546.8
546.7
541.6
545.7
544.4
541.1
540.3
546.8
552.1
551.6
551.7
555.8
557
555.5
551.1
548.1
543
540.8
541.9
546.6
546.2
541.5
545.4
550
548.6
548.9
552.6
557.2
553.4
554.5
546.5
545.6
541.8
530.1
542.1
540.8
542
553.9
547.9
552
555.1
548.5
555.1
557.8
548.7
545.8
543.1
546.7
545.8
548
548
547.5
550.3
550.8
548.9
554.2
554.2
554.7
551
549.8
545.6
545.4
545.2
544.4
543.1
543.7
546.5
545.1
547.7
549.5
561.4
552.2
551.3
550.3
546.8
549.8
550.1
541.4
541.8
544.8
542.9
547.7
542.4
549.4
550.8
552
554.9
552.8
551.8
554.7
549
543.2
552.4
551
542
546.1
547.5
548.6
549
556.3
551.5
558.8
553.2
556.2
553
541.8
547.6
538.5
538.5
547.2
536.4
544.2
545.5
551.6
546.1
556.5
553.9
558.6
556.3
551.1
553.2
547.8
542.9
551.8
548.7
546.4
546.7
551.3
547.1
551.3
551.2
549.7
554.9
551.9
549.1
546.4
543.3
542.7
542.6
543.9
544.7
540.9
543.8
547.8
546.9
557.8
557.4
553.5
551.8
548.8
547.1
544.6
545
545.7
548.2
545.6
540.3
544.8
548.7
557.9
556
558.4
552.1
558.4
550.3
547.5
538.3
548.5
545.1
536.3
543.9
545.4
543.6
552.6
553.5
553.7
553.9
559.9
553.7
544.2
543.4
542.2
544
542.3
547.5
547.3
542.3
543.8
545.6
547.1
550.4
552.3
554.2
555.4
545.5
543
547.6
542.5
544.2
543.5
540.3
544.7
541.2
551.6
546.4
553
552.6
551.6
553.2
558.9
549.3
541.9
544.6
544.4
540.5
538.6
545.2
545.2
541.3
551.8
546.7
555.4
550.8
556.4
548.3
546.4
545.7
542.3
544.4
541.8
540.2
543.8
543
544.1
545.2
550.2
556.6
555.5
557.7
552.6
547.7
540.9
541.3
545
541.9
543.1
544.1
540
540.7
548.1
549.1
548.5
554.1
555.4
541.5
548.5
543.4
550.4
540.4
544.2
542.1
541.6
544.4
544.2
545.9
552.1
551.7
552.4
553.9
548.1
549.3
543.4
543.9
539
541.1
545.3
542.2
540.5
545.7
547.5
547
550.7
554.2
556.6
553.4
545.5
541.8
540.1
534.2
541.1
538
535.8
539.6
545.4
542.5
552.9
548
549.8
546.7
549.3
544.2
540.8
542.9
540.3
536.4
539
541.1
536
538.3
543.4
538.3
547.5
549.1
545.1
545.2
544.6
542.6
543.6
537.4
535.4
542.3
540
540.7
537.5
547.5
548.7
550.3
550.9
550
542.8
543.6
540.6
541.7
538
535.3
536.6
538.7
539
541.2
545.7
548
546.8
547.6
548.4
549.4
541.5
536.3
545.2
536.6
537.1
542.1
538.3
541.5
544.5
543.9
551
550.3
547.4
549.8
544.9
544.6
542.8
534.4
532.3
540.3
538.9
540.3
543.4
548
546.1
547.5
548.1
549.5
548.9
545.5
545
539.6
540.6
539.9
538.9
540.8
540.5
540.8
540.8
539.1
538.2
542.7
543.6
548.5
544.5
545.1
538.8
539.3
536.7
534.7
537.6
543
536.7
537.2
547.9
545.2
549.5
550.7
548.8
546.9
537.7
543.8
538.4
537.5
541.8
539.9
541.4
542.6
541.3
542.5
540.8
548.1
546.2
545.3
550.7
539.3
537.7
534
537.4
538.8
534.5
537.3
537.9
536.4
542.9
546.3
549.8
543.1
543.9
537.6
539.2
536.8
542.5
535.5
536.2
535.8
532.3
531.3
537
542.1
547.6
545.4
549.1
542.4
547.9
540.9
539.3
541.3
537.1
536.2
539.5
532.6
541.8
541.3
541.3
539.3
541.1
546.5
542.6
541.6
536.6
540.6
536.4
540.6
541.3
537.7
535.2
537.7
534.8
546.8
547.6
548.6
540.3
547.5
547.5
545.4
533.1
538.2
537.8
543.2
538.8
539.4
535.2
539.9
541.6
545.8
542.8
545.3
544.3
545.8
545.7
541.8
542
543.7
537.8
531.9
538.7
543.1
539.5
540.7
547.4
546.1
542.7
549.7
548.1
545.6
539.8
537.2
528.9
544
543.6
544.3
541.3
543
541.3
546.4
551.6
542.4
547.1
541.8
538.8
537.5
537.8
540.7
529.2
538.2
542.6
538.6
543.8
542.5
550.5
544.3
548.4
546.8
550.4
542.3
541.1
541.3
535.9
530.9
539.6
540.1
541.5
543
542.6
549.5
539.9
545.6
539.5
540.1
532.7
540.8
532.5
532
536.5
533.1
537.3
536.6
533.9
538.8
545.2
547.2
546.2
539.7
541.1
538
534.4
533.9
529
536.3
533.9
531.2
537.3
538
541.8
544.8
548.9
542.5
544.6
548
539.5
541
535.1
537.8
541.3
538.2
539.4
542
544.7
537.2
534.7
538
545.5
559.3
539.3
535.1
546.1
545.6
540.5
539.8
539.7
544
533.9
540.2
536.7
547.9
550.3
550.8
545.9
544
543.2
544.5
526.1
537.1
537.1
538.1
537.9
541.5
538.6
548.5
541.8
549.3
556
544.7
543.8
539.5
540.6
542
530.6
534.2
536.9
538.3
537.4
540.4
537.8
553.6
546.8
544.6
542.4
535.5
536.4
540.2
536.3
536.4
534.5
536.8
530.6
541.8
548.8
545
543.2
544.2
542.3
538.6
545.2
545.7
526.1
539.6
534.9
536.3
539.9
539.7
541
544.9
547.4
545.1
550.2
551.4
546
547.1
537
540.3
542.2
539
537.2
535.6
539
542.9
538.6
547.8
543.3
547.2
548.3
544.4
535.8
528.9
535.8
538.4
529.6
535.7
531.4
533
532.2
540.1
537.4
543.8
543.2
543.2
541
541.9
539.3
539.5
538
539.5
536.7
539.4
540.4
542.5
541.8
545.5
544.1
551.7
547.9
545.3
541.5
538.9
532.8
538.2
537.6
538.4
539.5
539.8
540
541.3
547.9
548.1
547.4
548.9
545.5
546.1
536.9
540.8
534.9
540
538.2
535.6
537.3
539.9
542.7
545.3
542.1
547.2
547.2
542.5
532.2
538.4
527.4
526.6
536.5
534.8
538.5
532.7
537.6
542.2
547.7
548
545.6
546.4
542.5
542.8
543.3
540.3
530.7
532.9
535.2
537
533.1
537.2
548.7
544.6
553
550.3
544.3
546
544.2
527.3
540.1
545.9
538.7
543.3
539.2
534
538.4
533.3
542.8
544.4
540.3
540.4
540.7
540.8
535
532.2
524.3
533.7
529.7
538.9
535.2
537.8
537
541.6
537.5
541.1
540.6
536.7
534
529.1
535.7
539.5
531.9
525.6
526.7
541.6
539.3
538.3
546.1
543.5
545.1
539.5
542.3
529.8
534.8
534.8
534.2
534.5
531.6
531.7
538.6
537.5
539.3
543.4
538.3
541.6
537.1
537.3
536
534.6
532.8
533.1
536.2
536.8
534.7
531.6
536.8
541.4
543.5
542.3
541.2
546.3
543.3
530.4
535.7
534.4
532.3
533.4
525.4
537.6
536.6
539.7
542.3
541.2
543.8
534.9
542.3
535.5
532.5
534.4
536.5
529.8
531.3
532.9
534.7
536.6
531.5
541.5
544
542
534.2
537.3
534.2
531.1
539
531.6
537
537
528.1
531.5
542.3
547.1
544.1
543.5
544.1
535.9
540
532.3
538.8
536.6
534.3
534.4
531.7
543.2
540.4
545.5
541.3
547.7
549.2
545.6
539.3
546.7
539.2
542.8
540.6
535.3
535.9
533.2
535
538.8
533.2
541.3
547.7
545.6
546.9
539.8
540.1
541.6
538
536.5
535.3
537
536.3
538.2
539.7
544.3
546.6
544
542
544.9
545.5
542.8
540.6
539.8
538.7
534.3
526
534.2
535.5
538.1
542.3
541.5
548.3
552.5
547.7
545.2
542.3
542.5
539.2
537
540.6
539.7
536.4
535.7
543.2
541.3
545.5
547.8
545.9
545.8
547.3
543.1
539.8
539.4
540
533.5
534.7
537.1
535.7
540.5
544.1
539.8
547.4
549.7
542.3
544.5
540.3
537.7
534.1
539.2
536.5
535.3
537.7
541.8
541.8
544.3
548.5
553.7
549.5
545.8
541.9
540.7
534.2
538.3
538.4
524
535.6
531.8
542
543.1
542.8
545.4
546.9
550.2
543.6
539
536.4
536.2
539.8
536.7
534.6
535.1
539.1
541.5
545
544.9
554.9
544.9
540
545.1
546.4
536.2
537.1
535.6
531.4
531.6
534.2
536.5
540.4
539.5
539.1
549.5
545.8
542.1
546
547.1
533.8
536.9
539.9
537.9
534.6
540.5
532.5
536.6
543.7
544.9
541.3
542.8
542.9
537.9
538.6
535.4
535.6
539
539.1
529.8
536.7
542.1
540.7
545.5
546.3
543.8
544.1
538
538.5
538.4
537.5
537.2
526
540.3
535.5
535.9
538.2
539.4
542
544.8
542.8
550.9
542.4
541.9
537.6
535.7
534.8
534.6
535.4
539.8
537.4
536.4
539.7
538.4
541.3
546.9
542.5
542.2
541.1
536.5
536.9
534.9
534
537
539.2
539.7
540.5
543.1
541.6
544
542.7
546.2
539.4
539
539.7
535.1
530.4
537
538.8
538.3
534.6
543.9
545.2
547.1
546.1
545.3
544.5
548
537.5
539.2
536.9
534.6
534.1
538.4
537.4
542.1
541.8
546.4
544.8
547.9
547.2
545.9
542.1
538.2
538.3
533.7
533.3
536.9
537.7
545.3
541.3
541.6
546.1
545.5
549.7
543.6
550.3
543.1
544.1
536.9
537.3
537.7
535.4
537.3
536.3
540.8
540.3
542.7
545.1
546.6
544.6
547.3
544.6
537.8
543.5
538.2
536.5
538
536.4
536.8
538.7
536.2
541.1
544.9
546.7
544.7
550.4
547.2
542.4
540.3
533.5
532.7
534.9
538.7
534.8
538.1
538.7
542.9
540.8
542
549
545.9
543.8
544.7
536.8
536.9
533.9
539.6
538.8
538.2
539.1
541
545.1
542
543.6
547.9
541.3
541.9
536.9
537.9
534.8
530.5
541.8
537.1
539.8
538.4
541.2
537.8
542.4
543.8
549
546.5
544.7
541.1
541
535
533.1
533.4
529.1
535.1
541.1
526.5
539.1
547
545.8
550.7
546.8
545.9
547.8
536.8
530.7
535.4
541.5
537.5
543
546
542.2
541.5
546
549.3
544
546.1
547.2
542.6
538.1
538.2
538.4
534.8
536
533.9
540.1
544.2
539.7
542.6
544.5
542.6
546.7
540.3
544
540.7
537.4
529.5
540.4
537.8
542.2
542.7
542.7
548.5
547.6
548.4
548.9
548.1
549.9
536.6
545.6
538.1
538.4
533
540.7
540.6
543.2
548.9
544.2
548.4
544.1
551.8
546.9
545
546.3
543.8
540.1
541.2
540.1
552.2
541.2
543.7
547.5
548.9
553.2
547
551.3
551.2
556.5
540.5
547.7
543.3
548.8
537.3
543.7
540.3
540.1
544.8
543.3
539.6
537.1
544.5
548.8
548.7
545.8
540.7
541.5
539
537.5
533.7
534.6
536.3
535.6
534.7
538.3
544.2
555.6
545.2
546.5
543.4
540
540.4
542
532.9
539.5
538.9
535.9
541.6
538.8
546.5
542.6
552.7
543.7
544.4
536.9
540.8
537.6
538.8
543.7
538.6
537
543.8
536.4
540.3
546.2
548
549.1
548.3
547
544.9
543.1
539.7
539.4
531.2
536.3
539.6
541.9
541.8
538.5
544.7
547.3
540.4
547.3
537.8
537.3
541.1
536.3
542.8
535.5
535.9
537.5
538
542.7
539.6
549.1
544.6
548.6
543.1
537.7
533.1
542.9
539.6
541.8
536
528
538.7
536.3
540.9
539.9
540.5
541.5
546.4
542.7
543
540.8
533.4
533.1
535.4
536.6
535.1
532.3
537.4
540.7
540.8
544.6
548
546.7
542.3
545.9
540.8
536.6
534.1
537
539.9
535.8
540.7
540.1
540.1
542
547.7
546.7
549.2
546.5
542.5
539.2
537.6
543.3
529
534.1
536.5
537.4
537.2
537.4
545.5
546.1
546.2
545
541.3
538.4
542.4
537.1
535.6
537.7
533
536.8
534
538.4
541.6
538.3
545.5
543
549
542
539.8
541.6
538.7
538.1
532.6
535.8
533.9
537.1
538.9
543
542.1
542.7
544.8
546.4
534.9
538.8
538.4
538.1
544.8
532.1
532.3
533
529.9
541.7
540.4
536.4
543.5
546.6
551
546.6
540.6
538.5
543.4
536.1
538.4
529.1
533.8
536.8
541
543.5
544.8
544.2
544.3
549.2
545.5
549
533.6
535.4
530.3
535.3
531.6
536.8
536.6
538.2
546.2
543.4
556.6
551.6
551.6
546.9
546.9
540.6
535.4
531.5
536.6
533.8
539.6
532.8
539.7
549.2
537.5
547.1
549.5
540.7
535.7
538.9
536.6
534.7
538.2
534.2
536.4
540.1
536.9
537.4
539.1
540.8
547.4
546.4
550
537.4
542
536.2
526.5
541.3
534.8
534.5
537.2
538.5
543.6
536.2
541.7
541.5
544.5
544
543.3
539.3
534
533.8
530.2
532.3
532.1
531.4
538.8
536.5
536.6
544.9
542.1
537.4
542.8
539.4
540.3
538.5
537.5
526.6
532.4
538.8
536.4
530.8
528.3
537.2
548.7
550.1
539
545.7
539.3
539.7
535.8
531.7
528.3
531.4
526.2
530.2
531.7
536.5
544.4
538.7
548.5
546.7
543.1
541
534.9
537.4
531.9
533.7
531.1
532.4
531.7
532
532.3
535.1
540.2
535.4
544.1
537.6
536
542.4
527.5
532.3
526.7
529.9
531.9
534.9
534.9
534.4
537.2
536.1
543.4
547.3
545.2
538
532.4
536.8
528.6
533.7
528.4
533.4
530.6
537.9
532.6
539.2
543.6
541.7
544.3
544.7
535.4
534.5
534.9
529.1
528.6
536.2
534.6
529.2
539
540.5
544.1
545.3
541.2
534.6
539
536.9
530.6
534.6
531.6
535.7
534.5
536.8
538.7
536.7
543.5
543.9
538.3
543.2
540.3
539.7
530.7
532.1
527.3
527.8
532.9
529.5
532.4
537.9
540.3
540
543.1
545.6
535.1
536.7
535.2
535.4
529.6
532.9
529.8
536.5
532.8
534.7
525.7
534.2
540.5
544
539
541.3
541.3
536.2
534.9
536.3
533.9
537.9
542.3
532.5
535.9
536.4
540.5
541.4
543.7
540
541
541.8
529.8
533.7
534
531
536.4
531.6
532.2
538.9
534.9
538.7
540.8
541.4
541.8
537.8
542
531.3
535.9
531.8
536.4
532.1
531.6
535.4
534.4
537.7
542.4
538.7
543.2
550.3
540.1
543.9
535.9
533.6
533.9
536.7
532
533.4
530.8
539.1
533.2
536.7
540.8
541.1
544.6
539.4
543.1
534.1
532.4
528.3
531.4
535.7
533.3
530.8
535.1
538.5
539.2
540.8
545.7
536.7
543.6
541.9
543.6
532
535.1
542.4
531.5
526.6
536.9
536.9
538.3
536.3
549.6
546.9
540.5
545.3
542.4
537.7
532.3
532.3
530.3
533.7
532.3
548
537.3
536
540.8
539.7
532.4
545.8
544.9
539.3
537.7
533.8
530.4
536.2
527.3
536.9
533.1
529.3
540
547.8
541.7
539.9
538
536.2
536.9
541.7
529.9
530.5
528.4
522.7
527.1
528.8
530.2
529.7
539.3
541.3
538.2
539
543.5
539.5
537.8
527.9
534.2
532.9
532.4
526.4
527.9
529.5
535.6
536.4
537.6
544
543.9
529.3
540.1
537.8
535.9
538.3
534.4
533.9
522
533.4
535.9
531.4
538.2
546
543.4
536.7
541.1
535.2
534.6
531.5
522.8
522.9
534.7
531.4
536.4
538.1
537
538.2
538.8
535.9
543.6
535.7
534.6
532.9
531.1
531.7
527.4
527.8
535.8
531
529.6
541.9
534.8
535.9
551.5
538.6
535.6
532.8
536.2
539.3
531.1
535.5
529.6
528.4
531.6
526.5
532.8
529.8
540.2
545
545.4
538.1
532.9
537.2
530.5
533.6
540.7
529.5
528.1
533.4
530.6
537.7
539
552
536.2
543
536.9
528.4
536.7
539.1
530.2
535.8
526.8
526.7
535.9
530.7
535.4
533.7
543.3
541.7
538.5
536.8
534.8
536.5
533.9
533.7
531.4
527.2
527.6
526
529
532.7
532.9
541.2
545
539
537.8
534.6
533.6
525.1
530
524.9
531.4
533.9
523.2
528.9
534.2
539.3
536
541.9
540.3
535.4
536.9
534
528.3
532.3
533.1
522.3
529.6
529.8
531.5
529.5
539.9
530.3
539
539.4
538.7
535.1
536.5
532.6
526.1
528.1
528.3
526.1
528.2
536.5
529.6
532.8
540.6
532.5
539.1
533
536.4
537.1
535.3
527.5
533.3
524.4
510.1
531.8
527.6
539.9
532.1
538.5
539
533.9
535
535.2
527.1
530.9
527.9
530.1
529.8
530.6
531.9
530.7
540
533.9
540.8
531.2
544.6
534
539.4
533.5
533.4
521.4
531.4
529.8
530.4
530.8
532.1
536.7
534.1
538.1
538.5
535.9
537.7
536
532.5
533
537
529.1
526.1
528.2
528.3
531.2
538.6
537.6
538.4
538.7
536.6
538.2
536
535.2
526.8
529.4
528.6
528.6
529.3
534.7
532.7
530.2
542.4
529.1
536.2
536.7
537.4
532.7
532.9
534.1
531.7
533.9
532.1
530.5
526.3
526.5
532.9
530.9
540.8
539.4
540
541.6
528.1
532.2
531.1
527
527.5
530.1
526
528.1
531.3
526.3
537.6
544.8
534.4
538.5
536.2
538.8
536.4
533.8
525.9
528.4
523.8
524.6
531.4
529.1
534.9
532.1
541.9
544.3
540.8
543.5
539.2
539.5
534.6
535
526.6
522.1
530.5
531.8
529.3
534
534.4
537.9
541.8
540.6
537.4
541.3
533.8
530.8
531.7
529.1
528.1
528.9
522.1
534.6
534.7
536.7
534.3
537.7
532.1
534.9
537.7
533.2
538.9
529.1
528.3
529.9
528
528.9
530.9
529.8
532.7
541
541.3
545.9
538.7
536.6
534
533.2
533.4
531.5
527.2
534.7
530.3
533.9
534.9
533.3
535.8
540.6
533.1
542.3
542.7
541.3
533.9
528.6
529.1
530.1
528
525.6
523.5
535.1
530.8
541
545.7
538.7
539.6
546.9
534.6
530.7
532.2
533.1
517.6
534.3
528.2
530.9
541.5
538.7
535.5
538.9
543.4
538.3
540.9
539.9
532.7
532.3
528.3
529.5
535.5
527
531.1
530.9
536.5
537.7
541
539.7
537.5
540.8
541.4
532
531.2
531.5
530.4
535.2
532.1
536.5
537.2
537
548.3
546.7
539.8
537.7
540.2
532.4
540.8
534.7
526.7
537.3
532.6
531.4
530.9
536.5
539.6
539.7
544.4
542.3
537.8
543.1
537.2
531.1
532.5
527.4
530.8
529.7
534.5
535.2
536.4
542.6
538.6
546
543.7
539.4
538.4
533.5
532.7
536.5
532.3
526.7
526.3
530.9
537.2
534.8
533.9
542.8
534.9
538.2
540.3
533.7
531.2
521.7
525.6
530
530
529.4
536.4
534.8
533.1
543.6
540.5
534.5
538
548
542
536.9
532.5
536.1
531.6
530.6
538.3
532.7
535.8
541.3
530.3
541.3
540.3
542.8
544.4
541.6
532.7
534.4
535.7
535
530.4
536.9
533.7
533.4
539
540
537.7
544
562.8
575.4
557.5
546.7
554.9
568.9
570.7
574.2
581.6
577.7
