1336.8
1337.5
1323.3
1321.5
1318
1327.5
1318.8
1318.8
1324.8
1321.9
1325.1
1324.3
1329.5
1331.1
1334
1326.6
1327
1319.6
1311.6
1318.1
1311.2
1308.6
1311.3
1309.2
1313.5
1305.4
1308
1308.4
1310.7
1310.2
1311.8
1303.8
1306.5
1298.6
1294.1
1298.2
1293
1286.8
1284.6
1285.8
1285.9
1298.3
1293.6
1293.9
1292.8
1294.5
1290.9
1291.6
1280.1
1277.7
1279.3
1273.1
1272.6
1272.1
1270.9
1275.9
1277.8
1277.7
1279.6
1280.3
1274.3
1272.2
1268.6
1274.5
1266
1257
1255.4
1255
1257.6
1253.1
1255.5
1257.9
1260.6
1269.8
1254.1
1262.5
1260.1
1255.8
1252.1
1249.4
1251.7
1248.6
1241.4
1242.1
1232.2
1236.7
1239.9
1240.8
1247.4
1245.2
1245.8
1240.2
1232.8
1230.6
1227.7
1231.6
1228.1
1226.4
1226
1229.7
1231.7
1233.1
1237.2
1240.1
1239.2
1234.6
1235
1236.5
1234.2
1225.6
1225.6
1218.9
1223.3
1218.4
1214.1
1219.7
1220.5
1214.1
1220
1220.1
1225.7
1214.9
1212.1
1216.4
1207.2
1201.2
1210.4
1201.8
1199
1204.1
1202
1208
1202.3
1212.5
1211.5
1210.3
1207.7
1207.3
1198.4
1204.9
1198.8
1190.1
1193.2
1183.7
1179.9
1188.8
1189.8
1189.4
1194
1194.3
1190.2
1194.3
1188
1186.1
1188
1184.8
1183.4
1169.1
1170.2
1173.2
1178.2
1167.6
1172.1
1179.4
1176.9
1185.1
1180.8
1175.1
1170.8
1170.3
1167.1
1165.4
1169.1
1161
1161.5
1151.4
1160
1153.2
1161.2
1167.1
1168.4
1166.9
1157.5
1158.3
1151.3
1153.5
1158
1153
1145.3
1151.6
1160.9
1153.5
1153.5
1158
1164.8
1160.9
1162.8
1152.7
1155.7
1154.8
1150.3
1147.7
1141.1
1143.1
1145.9
1137.6
1140.8
1135.5
1136.2
1137.1
1144.2
1151.3
1146.5
1140.9
1141
1136.5
1134.4
1131.4
1128.1
1126.8
1126.8
1127.8
1130.1
1131.5
1137.7
1135.9
1137.1
1132
1134.1
1121.9
1129.6
1121.8
1119.6
1118.9
1115.2
1118.3
1119.9
1114.4
1122.3
1114.9
1130.2
1128.5
1123
1115.4
1113.9
1113.6
1116.1
1111.2
1107.5
1109
1108.5
1107
1105.6
1112.3
1109.4
1114.3
1115.6
1117.1
1105.1
1100.7
1101.4
1096
1099
1093
1096
1097.4
1097.1
1101
1099.9
1101.3
1094.2
1102.6
1105.1
1097
1100.1
1093.3
1082.1
1086.7
1080.5
1087.2
1090.8
1083.7
1088.2
1087.9
1086.3
1090
1093.6
1087.5
1086.9
1086.3
1080.5
1076.9
1080.5
1078.3
1071.9
1071.5
1076.6
1079.7
1081.2
1079.9
1077.6
1072.6
1083.3
1076.7
1071.7
1074.8
1073.5
1066.1
1070.6
1073.5
1061.7
1064.6
1072.5
1070.7
1067
1068.8
1067
1065.6
1063.4
1063.6
1063.3
1056.5
1053
1055.3
1054
1054.3
1051
1050.4
1053.4
1052.3
1059.9
1059.4
1041.1
1056.3
1052.8
1046.8
1046.8
1049.5
1048.2
1040.4
1044.4
1043.7
1043.2
1049.2
1048.2
1052.9
1047.6
1050.5
1044.8
1042.3
1033.3
1034.1
1039.4
1038.1
1036.5
1032.2
1035.5
1034.6
1047.2
1044.7
1037
1038.2
1033.8
1035.2
1032.8
1029.6
1028.8
1024.6
1020.7
1022.6
1017.5
1033
1029.4
1029.7
1036.9
1036.2
1032.9
1024.5
1022.5
1021.4
1025.1
1018.6
1014.5
1012.5
1012.6
1020.3
1025.1
1019.5
1031.5
1033.7
1031.9
1031.2
1021
1023.6
1026.8
1016.7
1008.3
1015.6
1011
1006.2
1011.6
1020.2
1020.9
1016.3
1018.9
1020.6
1017.4
1011.3
1016.7
1011.9
1001.9
1005.7
998.2
1002
1002.3
1004.3
1003.5
1006.1
1008.8
1013.3
1010.7
1002.7
1010.2
1007.4
1000.3
996.6
998.9
991.4
993.7
994
999.6
996.8
996.7
1000.3
1002.2
999.4
1000.6
998
996.2
995.4
985.5
986.9
989.1
981.9
984.6
986.6
985.7
990.2
992.5
992.9
995.2
990.8
988.4
979
983.8
977.8
982.3
978.6
977
977
971.3
974.8
975.2
975.9
981.3
978.6
977.2
977.9
974
971.1
976.3
974.3
967.8
964.3
967.7
969.8
962.9
965.8
970
973.7
973.5
971.8
968.8
964.9
965.5
961.2
961.4
965.7
959.1
960.1
955.6
960
964.6
958.6
958.8
960.1
961.8
962.9
956.4
961.6
952.3
948.3
948.4
953.8
951
947
948.9
948.2
956.2
961
953.8
952.4
950.2
946.4
945.4
943.1
941.5
938.2
947.8
941.4
943.9
939.7
949.8
950.5
946.4
940.3
946.1
942.9
944.3
939.7
941.7
935.9
934.1
936.2
937.9
929.8
934.9
938.7
946.4
942.5
941.8
941.6
939.3
936.9
931
937.1
932.4
932.9
931.2
932.3
930.9
928.9
935.3
936.4
936.2
934.9
936.4
934.8
932.8
928.3
928.4
925.8
923.2
921.9
920.1
919.4
929.1
935.6
929.2
933
931.2
930
923.6
919.9
917.4
914.5
913.1
909.5
913
919.6
925.8
926.8
923.4
922.1
924
922
925.7
920.3
912.3
911.8
906
917.7
911
912.9
913.9
912.7
919.9
925.8
922.6
920.5
924.7
916.3
913.1
908.4
915.2
910.4
908.1
908.1
909
909
907.1
915.8
912.5
913
911.9
913.2
912.4
907.8
908.7
902.6
901
896.8
901.8
893.8
903.8
908.3
899.5
905.5
910
909.8
907.5
904.6
900.5
904.2
896.3
894.3
895.4
890.9
893.2
895.2
898.8
898.6
896.5
903.2
902.8
899.6
900.4
897.5
890.1
888.5
888.2
885.3
889.9
889.1
887.8
890.3
897.4
896.5
897.5
899
893.9
895.8
884.2
883.5
883.3
885.3
887.3
885
880.5
881.1
883.8
886.4
889.7
890.8
890.2
888.4
882.6
882.9
879
879.6
879.5
869.4
874.8
874.6
871.9
882.4
885.6
881.6
880
887.3
883.9
875.2
876.5
875.8
881.4
871.7
867.4
871.5
869
873.3
879
879.3
880.4
879.3
878.9
878.5
872.4
866.2
861.5
859.1
863.5
864.5
868.6
865.9
866.5
868.8
871.7
872.4
872.2
868
870.2
867.7
865.4
860.4
861.3
854.1
857.1
856.3
862.3
864.7
860
860.4
866.4
864.4
862.6
858.4
858.1
858.2
854.2
854.6
851.4
853.1
850.3
854.1
862.8
866.5
863.5
861.4
860.5
856.1
857.2
853.6
848
850.8
848.3
852
850.2
846
847
848.9
854.7
857.3
854.3
858.6
850.9
851.6
846.4
838.5
841.9
842.7
841.9
841.7
841.6
840.3
844.6
846.2
854.9
848.7
851.4
848.6
841.3
842.4
838.6
833.9
837.2
839
836.8
834
845.2
843.1
846.8
841.8
838.3
846.4
842.8
835
834.5
836
831.6
830.2
828.1
825.9
832.7
834.7
843.4
835.8
837.8
838.2
838.4
840.2
829.4
825.8
830.2
825.3
823
827.4
831.7
827.6
830.2
826.2
834.7
840.2
834
835.4
832.6
828.4
822.8
821.1
820.2
829.9
819.5
825
823.8
826.4
829.5
829.9
828.7
827
830.8
830.7
827.5
819.4
822
821.6
815.9
811.5
821.3
813.2
829.1
828.1
829.9
825.7
832.1
820.7
826.8
823.3
822.3
820.2
819.6
823.6
820.1
811.5
819.9
816.7
826.1
824.7
825.4
820.4
821.1
822.1
828.3
819.8
816.2
816.7
817.2
813
815.8
812.3
815.4
825.5
821.4
818.7
820.1
823.6
817.2
816.6
811.1
810.1
809.8
808.6
808.4
809.5
813
817.9
816.6
816.9
820.3
823
819.1
813.3
808.1
814.6
808.6
809.3
800.7
803.5
801.7
800.9
812.8
815.8
818.6
810.3
817.5
810
801.2
800.4
803.5
806
801.3
801.1
796.6
801.6
801.9
812.4
805.8
809
807.9
810
805.9
810.6
799.8
802.2
799.3
799
797.5
794.6
795.4
796.3
805.5
806.2
804.9
805.2
807.5
802.7
800.6
797.3
797.4
792.2
793.7
793
791.7
794.3
794
789.4
800
805.4
805.8
807.4
798.1
799.2
798.4
795.3
793.9
792.7
794.8
792.4
789.6
788.1
794.4
802.4
798.2
795.9
794.1
790.5
791.1
789.8
786.2
784.1
787.7
784.2
786.7
788.5
785.6
788.3
794.2
797.7
792
793.4
793.5
785.4
785.2
787.4
783
783.5
782.6
786.1
781
784.1
786.5
782.7
794.7
791.6
790.9
784.4
782.9
785.7
782.7
782
778.7
775.4
776.5
780.2
779.5
785.6
786.9
786.2
785.5
784.7
780.7
779.7
772.5
775.7
775.9
771.4
777.9
776
777.7
773.8
776.7
778.9
782.3
784
785.5
775.9
781.8
776.4
769.8
771.8
773
770.5
773.3
777.9
776.4
777.4
776.9
779.1
773.4
777.9
775.7
770.2
775.9
772.8
769.8
771.6
768.2
771.4
769.6
786.2
775.2
776
780.6
776.1
773.4
776.5
772.8
765.9
766.1
768.8
765.6
764.2
760.8
767.1
767.5
773
773.1
773
772.2
764
770
769.6
762.6
763.8
762.8
763.7
762.4
767.1
757.2
766.4
768.1
767.7
768.1
764.6
768.5
767.1
763.9
762.2
761.3
761.8
759.7
760.6
762.6
751.4
758.1
765.6
769.1
766.6
762.8
764.1
763.4
759.3
756.1
756.9
751.8
751.6
755.9
755
756.2
752.9
757.6
762.8
764.6
765.4
763.6
762.7
756.4
756.4
751.9
752.6
754.9
754.5
748.2
757.2
749.7
755.8
765.1
759.9
762
757.8
757.4
765.6
752.5
753.2
752.5
746.9
743.4
742.8
743.9
752.9
752.5
756.5
764.4
753.5
758.7
754.5
753.5
753.3
741.6
744.6
743.6
746
742.3
745.6
750.5
748.8
746.8
752
755.7
750
749.1
754.6
760.6
743.2
743.3
739
737.7
742.6
748.2
745.2
751.6
752.9
757.2
751.7
752.5
741.8
746.3
747.8
738.1
740.8
736.2
741.4
739.9
739.6
746.5
744.5
743.9
745.2
751.3
747.5
745.4
746.1
741.5
738.7
739.1
738.6
734.3
740.9
739.6
741.1
741.9
751
750.5
741.4
744.5
741.3
740.9
744
734.3
743
728.1
733
738.4
742.3
746
751.6
744.3
748.6
743.6
741.5
748.4
740
740.4
744.5
740.4
731.2
730.8
736.4
735.5
742.6
739.6
744.2
749
752.9
742.6
746.9
743.3
733
740.8
740.1
741.1
728.9
732.3
742
740.8
756
741.2
741
741.6
748
742.1
736.4
738.9
735.2
727.3
730.7
735.8
737.4
736.3
741.1
739.3
743.6
740.4
743.6
739.8
742.7
733.8
733.8
729.8
739.1
733.9
731.5
729.2
731.3
734.7
738
735.5
741.3
737.6
737.7
738.2
728.4
731.1
735.4
727.8
727.4
732.3
734.2
733.2
738.5
734.5
736.1
733.9
739.8
739.9
737
729.8
741.5
731.3
731.7
730.4
734.1
724.7
731.5
747.1
743.9
744.6
738.8
735
742.6
739.4
736
735.6
729.5
732.6
727.3
731.6
733.8
729.7
728.6
741.3
744.4
743.3
742
743.8
737
727.3
737
727.4
726.7
731
733.9
732.6
736.8
741.3
741.8
741.6
742.1
743.2
745.1
738.7
736.5
734.3
729.1
733.9
729.1
733.9
735.7
736.5
732.4
743.1
740.5
735.3
742
745.7
730.7
738.7
735.3
733.9
728.1
726.7
730.1
726.7
733.1
729.1
738.6
736.9
736.8
736.1
736.8
728.6
729
727.2
732.6
723.5
725.6
725.1
726.9
727.4
733.1
737.1
735.3
734.4
737.6
732.9
737.8
730.7
727.6
730.1
727.1
725.9
728.7
729.9
724.4
735.1
736
737.7
736.9
733.3
735.1
734.2
730.7
723.6
727.1
723.1
725.6
721.1
724.9
729.9
725.7
739.2
730.3
738.6
735
732
731.8
720.9
719.2
727.3
720.1
722.3
722
726.9
724.7
734.9
728.5
728.6
734.8
731.9
728.2
727.4
721.9
724.6
722.5
722.5
717.4
725.2
721.9
724.8
731.9
733.4
733.4
733.5
730
731.8
723.9
723.8
723.2
719.2
720.6
717.5
715.8
718.9
721.7
726.5
724
725.5
727.2
728.2
727.2
720.5
719
719.2
713.6
713.8
714.4
719.4
718
718.3
721.9
723.9
725.6
729
724.1
724.2
719.1
723.7
712.9
708
706.7
712.5
710.3
713.4
715.5
720.3
723.4
720.9
722.1
717.3
719.2
717.1
716.7
711.7
714.8
710.2
710.7
707.3
711.7
718.8
711.6
719.6
722.3
719.2
713.7
714.1
716.7
711.4
707.6
707.3
707.3
708.1
705.1
711.1
707.6
714.2
711.8
717.9
713.1
717
712.5
710
706.2
710.2
710.7
704.4
702.2
707.5
706.1
708.1
711.8
709.5
711.7
708.7
715.5
713.8
708.8
710.1
708.9
710.7
701.4
702.2
700.2
702.2
708.4
709.8
710.9
710.4
714.6
708.8
702.9
703
705.9
700.3
698
703
703.6
698.7
700.7
706.3
698.5
706.9
705.3
713.1
713
702.4
701.4
702.8
698.3
698
694.9
696.5
699.2
697.3
701.4
705.4
701.8
705.4
705.7
709.6
704
697.5
700.2
696.9
699.6
692.6
694.6
695.4
699.7
698.1
702.1
700.5
704.6
700.4
700.6
700.8
694.7
698.9
692.4
692.4
689.6
693.4
688.6
690.7
697
701.7
696.9
700.8
696.5
696
695.1
697.3
691.8
687.7
688.2
688.6
688.7
689
691.8
696.5
692.9
698.3
697.3
697.4
691.4
683.2
687.6
691.2
691.8
688.5
686
685
686.4
688.6
690.5
694.8
703.9
694.4
695.5
697.1
688.6
684.7
685.3
685.5
685.9
688
682.2
690.4
693.2
689.4
692.6
691.9
692.7
689.1
688.3
696.3
684.2
678.3
678.8
680
681.6
680.1
683.8
685.1
690.1
690
690.1
691.7
689.7
687.5
683.3
679
681.5
677.3
677.6
677.4
676
679
679
687.9
689.2
690.1
681.7
691.6
689
683.2
685
679.9
680.8
674.3
675.9
682.3
676.9
678.1
680.9
688.5
687.1
685.2
685
678.7
677.7
678
673.7
675
673.2
673.2
679.1
674.8
675.9
682.2
679.5
681.5
685.7
679.5
680.6
679.9
677.7
670.9
673.5
670
675.7
668.7
673.8
672.9
676.5
683.5
678.9
679.6
677.5
672.8
676.6
674.3
671.7
671.5
666.8
668.4
666.5
667.4
667.9
675
678.1
677.9
679.3
678.8
675.7
677.1
668.7
667.8
665.7
665.1
659.1
661.3
664.1
669.5
669
672.5
671.9
676.2
673.3
664.5
670.3
666.4
658.4
662.9
661.3
661.6
666.6
659.9
664.2
669.9
671
662.3
670
671.3
669.2
663.7
667.1
663.1
653.8
656.3
659
663.7
660.7
667.5
665.1
664.4
672.7
668.6
667.5
668.4
665.4
659.6
660.2
663.5
657.4
661.3
654.3
655.4
656
664.9
661.3
668.4
664.5
658
660.4
659.9
659.6
656.1
650.5
659.8
652.7
661.3
657
661.8
660.9
667.3
663.2
664.2
660.7
660.7
655
652.8
661
651.1
652.9
656.1
653.7
652.8
655.3
658.6
663.2
661
662.4
661.6
663.3
650.6
654.1
652.6
661.9
661
661
657.6
647.2
665.4
657.6
664.2
664.3
666.1
658.2
659.4
652.6
655.3
652.7
645.5
651
656
660
656.2
658.4
660.9
653.3
658.7
659.2
652.6
653.9
639.5
652.4
648.2
640.9
646.4
644.7
648.4
645.8
651
648.6
657.9
654.1
651.5
656.7
645.4
650.2
642.2
647.6
644
642.9
642.5
643.3
651.7
645.5
650.8
651.8
652.3
655.1
652.8
654
645.4
646.7
645.5
643.4
641.8
643.4
645
644.4
646.5
642.5
649.6
656.1
652
653.5
648.2
648.1
645.2
638.4
640.9
637.9
642.1
638.4
640.4
649
649.7
644.4
650.3
649.2
648.9
646.4
641.6
643.2
636.1
642.2
639.9
651
639.5
641.4
642.7
647.3
650.1
648.5
649.5
654.8
645.6
638.6
636.7
635.7
636.2
641.5
627.6
642.8
638.1
644.6
648.4
651.2
649.6
652.9
642.2
640.7
637.4
631.3
637.1
639.5
636
641.7
640.1
644.8
645
645.6
645.4
642.6
650.8
652
636.6
640.5
634.6
634.4
633.1
633.1
627.4
637.1
640.8
638.6
641.8
643.8
646.1
642
647.8
647.7
645.6
634.7
639.3
644.6
632.7
641.5
635.9
639.3
638.5
640.7
650.2
641.3
637.6
646.1
642.6
641
643.8
634.8
635.1
635.2
638.8
634.7
630.2
634.5
638.7
643.4
642.9
646.2
638.6
644.2
642.6
635.6
635.2
637.6
631.6
636.6
629.6
631
632
635.8
637.8
638.6
644
643.6
644.8
642.4
631.3
631.7
633.1
633.6
636.4
631
634.1
631.3
633.7
631.4
640.8
638.4
641.4
644.2
638.6
632.8
632.4
631.1
637.2
629.9
632.9
634.2
638
634.7
637.8
635.7
633.1
641.9
637.8
634.2
632.4
634.8
630.1
633.4
627
634
631.6
633
632.4
633.9
632.5
641
637
634.7
636.8
631.4
633
626.5
629
620.7
627.4
627.9
626.7
628.1
636.8
632.3
641.1
639.6
634.8
634.1
632
628.5
629.9
625.9
617.3
616.9
629.1
623.4
629.2
633.1
633.4
626.2
637.4
624.8
619.3
626.7
624.4
628.4
619.3
629.4
626.2
619.8
622.7
624.3
630.9
633.2
634.4
636.7
627
628.8
627.7
626
615.2
616.1
615.2
624.4
624.9
616.5
623
628.6
630
628.5
632.2
632.6
625.3
630.3
621.2
614.9
611.9
615
611.5
615
616.1
620
629.3
624.8
623.1
631
627.2
631.4
627.2
621.8
622.8
619
620.9
617.3
618.7
616
621.1
628.8
624.6
625.8
628
633.7
622.2
618.6
617.9
623.7
617.9
621.2
620.2
619.3
622.3
622.4
630.7
628.1
625.9
630.9
625.7
622.2
620.9
613.4
617.8
614.1
611.7
612.6
613.3
618.9
621.1
624.4
627.9
629.9
627.6
627
623.6
616.2
622.6
616.5
613.7
621.7
615.7
616.3
614.3
620.7
617.2
619.8
626.5
627.4
625
619.6
618.6
617.7
617
615.4
611.9
617.6
612.4
611.9
619.4
626
621.7
622.8
621.7
623.1
626.7
621.3
612.2
619.5
613.1
611.9
611.9
610.8
612.7
617.6
619.7
625
625.1
622.7
621.8
621.7
618.2
617.5
611.3
610.6
610.2
612.7
615.3
610.8
623.3
623.3
621.8
623.4
617
620
616.6
613.9
615.9
610
610.7
608.9
611.9
610.5
610
611.3
616.5
616
617.9
617.9
622.4
617.4
612.3
605.2
610.6
614.8
606.3
612.9
606.9
606.9
614.8
612.7
614.1
618.5
616.6
620.2
612.4
613.7
609.3
613.2
610.7
608.3
602.6
609.4
608.9
611.8
614.6
618.5
617.8
622.2
619.7
616
615
615.9
611.5
610.6
603.9
608.1
600.4
607.8
613.4
608.2
615.7
620.3
616.4
613.7
616.6
613.3
608.8
607.8
604.8
601.5
601.9
601
602.6
607.1
606.1
610.7
613.7
612.6
611.5
612.4
606.8
606
604.4
597.5
603.5
602.4
600.8
601.2
605.2
610.4
610.1
611.9
613.8
614.4
615.8
603.8
609.2
610.3
600.7
602.7
603.3
604.4
610.6
606.3
609.3
609.7
605.9
613.9
612.1
610.8
605.8
606.9
606.2
598.1
602.6
600.2
600.2
602.7
602.7
605.1
612
611.6
608.1
616.4
611.6
610.7
604.2
601.4
600.9
607
598.4
605.5
604.8
600.1
602.5
603
608.6
608.2
606.1
606.9
602.8
608.5
604.4
601.7
597.2
600.1
597.2
595.5
599.6
602.7
602.6
605.5
611.7
610.4
609.4
601.7
604.5
601.1
599.1
599.5
599.6
594.4
598.8
593.4
603.3
600.9
603.4
608.9
609.2
605.8
603
601.1
599.2
596.6
594.7
597.6
599.6
602.2
597.7
600.8
600.5
606.9
605.3
603.3
605.2
601.5
600.1
600.5
596.7
594.2
592.6
594.4
590.7
593.7
599.8
602.4
608.1
604.4
609.6
603.6
605.5
603.6
597.5
595.3
590.9
590.7
592.6
591.4
597.7
593.5
596.2
605.3
603.2
602.5
607.9
599.8
597.3
595.2
582.7
595.8
586.6
591.8
597.7
594.2
595.3
602.8
601.5
608.3
603.4
597.4
598.6
592.2
593.9
596.3
591.5
590.6
593.3
592.9
596.2
600.3
599.1
603
602.3
603.2
594.8
596.5
590.2
587
593.4
596.8
590
594.5
591.3
588
595.2
600.9
599.3
596.3
602.6
597.8
594.8
595
593.6
589.1
591.5
591
593.2
593
598.8
602.5
599.3
602.9
602.7
594.2
598.3
593.6
588.6
588.9
589.8
585.4
581.1
590
590.9
592.5
597.3
597.5
597.7
600.9
596.8
595.4
595.4
585.5
585.6
587.7
590.2
584.9
587.8
585
593.8
596.4
598.4
598.8
599
598.2
589.3
589.6
584.5
589.3
589.3
585.7
584.9
591.4
586.6
596.3
595
596.1
598.4
596.2
595
590.6
586.4
585.6
586.8
589.9
583.6
584.4
588.1
585.6
588.6
595.9
597.4
597.9
596.2
592
592.4
586.9
589.4
582.9
586.2
582.8
578.4
586.6
590.5
589.6
591.6
593.3
593.9
602
588.7
595.1
591.5
585.3
585.1
584.6
583.6
586.9
583.9
591.2
589.3
595.1
591.8
593.8
593.3
595.9
593
588.2
584
587
579
585.3
587.1
587
589.1
591.5
593.8
593.8
596
590.4
589.8
586.3
585.6
585.1
586.4
583.4
580.8
586.5
584
587.7
584.1
591.7
592.5
592.6
594.5
594.5
590.1
593.6
589.4
583.5
587.5
579.3
588.6
582.1
583.2
588.8
596
593.2
597
588
594.3
585
583.5
582
583.5
582.2
578.3
592
580.7
583.6
587.5
585.6
592.5
589.9
588.2
589.2
586.4
583
584.2
583.9
572.6
577.9
580.3
585.9
579.5
585
589.3
584.6
591.1
590.3
590.1
588.1
586.4
582.6
580.4
575.8
576.9
579.3
581.6
583.4
583.5
588.8
584.5
592.3
596.9
587
586.4
579.8
577.6
583
583.5
582.7
578.1
579.4
576.7
589.1
585
590
594.9
585.4
585.3
587.7
584.3
575.7
584.4
579.9
582.9
575.9
582.1
585.5
580.3
586.5
588.6
588.4
584.1
584.1
589.1
582.1
580.5
571
576.3
582.3
576.8
575.2
579.5
581.4
581.2
582.4
586.6
586.6
574.1
582.5
577.2
577
581.8
579
574.7
578
579.8
582.5
583.3
580.2
586.8
583.1
581.1
582.8
580.8
579.5
578.3
571.2
574.1
576.1
580
574.8
579.7
579.6
581.1
584.3
583.7
583.6
585
573.6
578.6
572
572.5
573.7
573.2
574
574.6
582.6
584.7
583
587.6
581.8
579.9
582.6
579.7
574.2
575.5
573.4
572.3
574.7
573.3
576.2
576.7
578
584.5
581.6
577.9
585.7
580.3
580
576.5
578.3
579.9
576.3
570.9
571.4
577.7
576.3
582.8
579.3
583.6
581.3
578.7
581.5
577
580.5
575.6
573.4
569.8
573.7
574.3
568.8
574.1
576.4
578
575.3
581.9
579.4
572.5
579.5
573.7
574.7
570.4
569.5
565.7
571.5
570.8
574.2
575.6
579.8
580.8
579.1
582.2
578.5
575.1
576.3
569.8
581.9
568.4
574.6
571.2
571.9
573.8
578.4
573.3
583.8
584.8
575.1
578.7
572.2
571.7
572.8
567.9
568.2
565
575.4
575.1
573.3
581.5
578.2
575.5
580.6
571.7
574.9
576.8
571.4
575.9
565
567
568.8
565.8
571.4
570.4
579.7
574.4
579.5
574.8
575.7
573.4
573.6
570.3
563.8
572
573.7
564.4
569.6
570.2
570
573.5
581.6
576.4
574.2
576.6
573.1
585.2
567.6
565.4
564.1
562.7
568.7
565.4
570.6
575.3
576.8
579.7
579.7
578.1
579.8
574.4
570.3
563.2
571
570.6
565
568.6
566.9
569.8
569.5
581.1
583
573
578
571
570
571.3
569.3
566
570.4
570.1
563.7
567.6
572.1
564.3
571.6
573.7
575.2
573.8
571.9
569.4
570.9
568
563.9
564.3
566.5
560.7
570
576.4
574.2
571.5
575.8
573.7
576.1
571.9
573
569.1
566
566.1
565
565.3
563.2
565.9
566.3
567.5
575
574.7
572.4
576.5
577.1
571
567.1
568.6
564.7
565.2
561.4
567.2
556.3
567.4
567.3
574.2
575.2
574.3
574.5
570.6
567.6
570.1
562.8
564.1
561.4
563.9
561.1
564.4
565.3
565.8
568.7
571.5
575.6
577.6
562.9
566.9
568.1
560
560.2
560.6
563.8
561.4
561.5
569.1
569.4
569.2
573.3
567
566.4
572.5
566.5
566.4
561.6
563.1
567.7
558.6
570.1
558.6
559.4
563.3
568
570.6
568
571.9
571.8
568.2
563.5
563
563
561
562.1
565
561.9
565.2
567.2
566
571.9
569.1
574.4
563.8
567.8
569.5
559.7
558.7
563.1
559.2
563.7
558.2
561.8
565.8
566.8
569.3
570.3
570.5
569.5
567.6
559.3
561
565.7
558
566.7
557.2
563.3
569.1
564.2
564.4
565.3
569.7
571.6
567.8
561.3
562.3
561.1
560.8
558.5
559.3
560.8
561.8
557.8
567
565.4
566.6
563.7
564.9
568.4
565.1
562.8
559.3
559.1
554
557.7
559.4
552.6
554.5
562.3
560.2
567
567.2
567.2
565.5
567.7
560.1
562.6
558.2
555
558.5
560.5
557.1
549.7
558.7
559.6
562.7
563.3
569.2
565
565.9
566.1
555.7
559.9
557.7
554.6
556.4
554.3
556.7
559.3
562.7
565.6
569.8
566.7
570.3
563.5
564.4
553.1
557.8
553.4
550.3
555.7
561.2
558.5
557.5
562.9
566.1
562.4
568.1
569.3
567.5
566.4
563.9
562.7
554.5
557.9
559.2
559.7
558.3
557.9
560.3
569.5
564.9
566.5
562
565.1
558.5
559.5
560.4
558
552.8
552.5
552.9
554.1
553.7
561
564.2
565.2
569.6
565.4
563.6
563.8
558.4
556.7
555.3
560.8
548.1
554.2
556.7
558
568.8
561.2
565.4
567.8
562.3
562.1
563.2
557.5
549.6
554.4
556.5
558.4
550.4
554.1
563.2
561
563.5
561.4
569.3
566.4
563.8
557.4
556.9
554.5
552.5
556
551.7
551
553.9
553.5
552.7
561.5
559.8
562
565.1
559.6
562.1
557.2
553.6
554.9
555.2
553
553.4
552.2
555.4
553.9
556.7
561.4
567.8
560.1
560.9
561.1
554.8
549.6
555.4
555.4
549.7
548.3
559
552.1
559.7
559.1
557.7
559.9
562.7
559.1
557.5
558
550.6
556.3
550.6
549.1
553.9
545.2
556.7
559.6
557.5
561.1
563.5
560.7
558.2
556.1
554.3
550.4
555.4
547.1
549.4
546.8
550.4
555.3
560.6
557.9
557.4
562.5
554.9
558.2
558.4
552.4
553.9
548.4
550.7
547.3
548.6
555.5
551.4
553.7
548.9
554.3
558.7
556.7
558.9
555.9
550.5
550.1
549.1
548.1
549.8
544.4
550.8
551
556.7
559.1
554.4
561.2
556.5
553.9
552.6
552
551.2
551.6
545.6
546.3
558.9
548.1
550.9
558.2
554.6
562
561.5
560.3
559.4
557.1
552.7
550.9
555.4
547.3
549.3
547.2
548.3
551.4
558.4
552
556.2
560.8
562.7
557.4
549.3
557.1
552.8
551.2
548.4
548.5
543.2
549.6
545.1
552.5
551.6
558.5
553.9
554.4
557.1
558.9
559
546.7
549.1
552
549
550.8
551.1
547.2
548
554.9
556.5
562
557.1
557.7
559.8
552.9
552.1
552.6
548.6
548.6
545.8
548.2
547.8
546.8
548.3
548.3
557.4
550.7
558
556.1
554.4
550.5
556.7
543
545
545.3
547.8
553.1
547.1
550.2
546.7
553.9
558.2
561.4
555.3
554.2
555.6
550.5
548.6
543.1
542.7
543.6
543.2
544.1
545.9
554.2
553.3
555.7
563
558.7
556.7
555.6
550.6
543.1
548.8
541.3
546.1
549.9
550.9
551.1
545
557.1
553.1
556.8
551.2
550.8
547.6
549.2
546.4
548
542.2
543.8
542.2
547.8
548.1
550.6
554
552.6
551
555.5
553
548
550.8
544.5
546.5
541.1
543.1
546.7
548.3
552.1
554.1
551.8
553.9
557.1
550.7
545.7
545.9
543.6
544.4
536.7
545.1
544.3
540.8
547.3
550.8
549.8
547.4
555.2
550.6
553.8
551.3
546.8
544.5
550
540.6
540.3
539
546.4
546.5
543.9
544.3
551.9
551.6
552.1
554.1
548.3
549.3
543.5
547.2
545
542.1
541.4
541.9
536.2
545.6
558.8
544.7
551.3
547
550.2
547.3
551.7
551.6
545.7
549.4
538.8
543.3
549.2
547.1
546.9
550.7
560.8
549.5
555.7
548.5
551.3
548.5
541.3
548.8
545.6
550.6
545.5
547.1
544.4
540.2
550.7
555.7
548.4
549.3
553.1
546.1
554.2
552.1
548
536
539.4
546.4
544.3
550.2
554.4
547.5
550.3
555.4
554
542.2
545.3
544.1
542.3
544.1
545
535
535
536.1
544.3
544.6
554.2
548.6
549.1
550.8
556
555.3
551.9
547.5
546
546.1
545.2
545.5
547.2
546.3
552.4
556.4
547.1
556.1
561.2
554.1
549.5
545.6
547.5
546.4
545.5
541.4
544.9
543
541.2
544.2
540.2
549
547
555.6
553.6
544.1
542.6
539
536.7
543.5
539.3
536.6
542.2
539
551.8
552.1
550.3
547.4
552.7
546.2
544.8
549.6
541.5
541.9
543
540.8
548.7
542.4
543.6
547
549.8
558.2
552.9
557.1
548.7
546.7
545.4
542.7
547.6
543.8
538.9
544.9
548.4
550
541.3
542.4
548.7
550.9
548.1
547.8
545.5
542.7
534
538.5
532.8
532.5
537.6
534.3
546.5
542.9
548.1
548.8
547.8
549.7
544.5
537.3
541.8
542.7
533.6
536.5
535.1
535.3
540.6
537.6
543.6
540.8
547
543.6
544.8
546.5
543.7
537.2
540.3
535.6
539.4
534
532.2
534.4
534.1
532.8
540.2
548.6
544.2
548
551.3
541.8
540.6
538.1
534.9
542.9
542.5
537.6
540.1
542.8
544
547.1
550.2
551.8
548.6
549.6
540.3
547.7
544
541.5
539
544.6
540.3
543.9
545.1
540.1
552.7
551.3
550.4
549.8
548
543.8
544.7
539.5
540.3
540.6
537.4
540.9
534.9
539.8
538.8
546.7
546.3
550.8
547.6
552.3
543.1
540.8
537.3
539.4
539.9
539.5
536.5
543.6
542.8
546.6
551
542.8
541.8
543.2
540.5
535.1
531.6
537.9
534
537
530.5
531.3
534.8
536.4
545.5
546.1
546
541.7
548.5
539.1
537.4
535.6
547.9
532.4
533.4
538.4
542.5
538.8
544.1
544
545
544.8
546.7
545
549.5
544.5
543.6
536.2
538.5
537.8
531.2
540.7
541.1
541.6
540.5
540.9
548.3
546.1
543
546
541
539.8
542.5
538.1
536.3
533
534.1
535.1
542
541.8
543.2
542.4
542.7
537.9
537.2
535
535.5
537.1
534.4
534.4
534.3
536.8
545.5
540.5
533.9
548.5
548.4
539.2
537.4
542.8
538.3
535.5
540.3
536.4
535.8
539
537
533.9
541.6
545
547.3
543.1
543.8
540.5
539
542
536.7
534.4
534
538.5
534.6
534.2
542
545.3
543
543
547.1
541.8
539.4
534.4
532.2
539.5
533.9
532.6
532.9
535.7
538.7
537.6
538.9
542.1
538.5
542.4
541.3
540.8
537.7
533
529.2
538.1
532.3
532.2
537.2
542
541.1
540.2
541.8
538.6
540.7
536.8
539.6
529.6
530.6
535.3
534.4
531.5
531.9
534
535.1
538.3
544.2
541.7
539.1
542
541.2
538.5
535.8
535.5
533.6
534.5
531.4
527.5
535
532.3
537.1
537.5
546.8
540.5
544.3
537.4
538.9
535
530.1
531.1
530.1
536.1
528.5
537.5
531.5
535.8
539.9
543.1
538.3
537.3
534
528.9
535.2
539.5
532
526.8
535.6
533.1
527
537.2
542.3
538.1
542
537
537.4
541
531.8
530.6
535.4
526.7
528
523.8
531.6
538.1
530.4
540.7
542.3
531.9
538.1
536.1
534.1
527.3
530
529.2
531.9
527.8
526.9
528.2
526.3
540.3
529.1
537.4
537.7
538.5
534.2
533.5
533.3
537.9
536.3
534.3
534.3
534.8
535.1
535.6
540.4
543.7
537.8
537
543.8
534.1
532.9
527.9
524.9
526.9
525.9
524.5
530.1
532.1
534
534.1
535.3
539
534.6
533.9
533.8
531.2
525.6
530.1
532.4
528.9
524.3
525.1
533.4
532.5
533.6
536.3
533.8
533.2
532.7
535.4
530.3
531.1
527.3
527.7
533.9
524.8
526.1
529.4
536.6
534.9
533
535.8
535.5
534.5
533.9
535.9
528.8
531.3
534.4
519.2
518.6
522.9
529.6
528.9
531
538.3
545.2
530.8
545.7
535.3
531.1
530.5
528.4
530.5
527.9
521.6
525.7
530.7
533.3
537.1
538.6
540.7
535.1
532.5
532.4
530
521.3
524.9
524.5
526.5
522.9
529.7
531.9
539.9
539.8
536.2
539.3
533.7
538
538.1
535.3
532.5
532.9
526.2
533.1
525
530.6
532.2
527.5
531.6
530.3
542
537.3
526.4
530.2
532.1
533.6
520.3
530.9
526.9
530.9
530.2
531.6
531.7
540.6
535.8
540.3
532.1
534.3
530.2
531.2
530.8
526.3
527.9
535.7
529.9
515
534.5
532
535.9
536.6
535.2
532.8
538.4
539.8
525.9
528.4
527.7
524.4
527.4
523.6
521.8
530.1
533.4
532.3
537.1
537.7
540.4
542.3
536.6
535
534.7
530.9
529.2
523.2
531.4
530.6
528.1
518.4
537.3
535.2
545.2
542.1
536.9
534.3
527.4
522.4
524.4
525
517.4
520.6
521.4
527.1
521.1
525.8
526
543.3
530.1
534.9
534
531.1
521.9
521.1
519.1
529.2
523
519.9
525.7
527.6
522.9
527.6
532.2
528.2
530.9
526.2
527
526.9
519.6
535.2
527.4
512.4
526.2
526.4
537.8
522
534.8
533.8
530.3
534.2
531.9
526.7
522.9
526.5
524.5
518.8
519.8
518.3
515.9
517.2
532.3
538.7
529.9
530.7
525.6
528.8
527.7
526.9
527.3
525.4
519.4
527.9
525.3
526
524.1
525
535
531.3
531
531.2
536.3
527.4
533.6
526.4
520.6
524.1
526.6
530.3
525.2
521.9
533.2
530.2
534.7
530.4
532.8
530.5
529.8
513.6
521.7
524.6
520.1
524.2
525
524
525.9
528
529.8
529.1
529.8
530.6
521.8
527.8
521.5
522.1
516.7
517.8
522.5
520.3
530.3
536.3
535.5
533.4
532.1
525.1
536
524.8
527.8
529.5
524.9
523
522.1
527.3
523.3
530.8
538.7
533
529.1
532.8
530.8
535.4
527.1
517.1
528.8
525.4
522.4
528.6
525.1
528
532.1
531.1
531.2
534.5
540.4
527.9
523.5
529.8
522.6
525.9
526.3
527.3
522.8
518.9
520.1
524.2
528.1
531.8
531.4
534.7
535.9
528.2
519.3
524.9
524.5
521.3
518
529.3
525.4
523.2
533.4
521.2
529.8
526.6
530.4
530.2
531.6
528.1
526.6
518.6
519.9
523.7
525
526
526.6
526.7
533.4
530.8
532
529.1
533.5
530.6
538.6
521.8
522.2
521
525.8
526.6
525
523.2
517.3
529.1
532.3
535.6
529.7
529.8
528.4
527.6
522.2
520.3
522.7
522.9
523.6
517.6
518.4
525.3
528.3
525.7
527.4
526.8
533.5
533
524.9
529
523.4
525.2
525.1
522.2
517.4
523.5
525.4
531.2
528.1
530.9
535.3
532.6
532.5
532.7
526.9
524.9
526.9
525.2
514.2
520.6
521.8
515.1
531.5
533.2
532
531.3
529
529.3
530.4
530.8
523.9
519.2
524.9
520.6
519.4
518.9
525.4
522.3
530.2
528.1
531.4
524.2
528.3
528
522.9
523.7
517.4
515.5
515.5
518.6
518.9
519.2
528.6
527.4
531.6
529.4
532.7
521.8
528.6
525.4
518.8
518.4
521.3
519.6
523
520.1
525.4
523.3
529.4
526
530.6
528.7
529
533
519.8
526.8
523
515.5
525.1
521.3
516.3
523
524.3
529.2
535.2
529.7
533
528.4
517.9
517.6
515.7
522.2
512.8
515.9
521.8
520.6
525.1
521.6
528.6
533.9
531
536.5
521.7
526.1
521.2
519.8
516.4
520.2
517.4
519.9
528
523
529.8
530.9
529
524.4
529.9
527.8
531.7
517.2
521.9
514.7
508.7
518.9
522
518.8
528.7
522.3
524.2
524.7
532.3
526.9
536.7
523.4
519.5
516.9
518.3
521.2
515.4
518.3
522.5
522
522.8
524.7
530
527.7
531
528
535.5
522.2
521.1
514.1
515.9
519.7
522
516.1
518
525.6
522.9
528.5
531
524.6
526.6
529
522.9
519.6
518.6
518.1
527.1
519.2
524.7
519.2
525.7
535.2
526.3
528.1
525.4
524.5
526.5
525.9
517.6
515.1
524
525.7
527.8
516.8
523.5
524.4
524.7
530.3
527.4
526.1
530.9
525.6
526.1
527.7
515.9
523.4
523.8
522.5
520.9
516.5
531.3
529.5
525.4
527
529.3
524.1
523.7
526.9
521.6
522.1
515.2
525.9
519
520.1
522.5
522.2
525.9
530.8
531
528
528.8
521.9
522.3
517.9
516.7
514.4
511.8
515.4
512.3
524.8
521.2
523.1
528.7
521.9
530.6
521.4
526.4
516.8
515.3
511.1
520.2
517.1
522.1
515.6
518.9
517.8
520
525.3
523.1
525.3
528.5
522.2
519.1
504.5
519.4
516.8
511.3
517.6
515.4
522.2
526.3
526
533.1
532.4
530.9
527.3
528.6
522.5
518.4
521.1
516
516.6
520.6
519.4
522.4
522.9
515.6
542.2
525
524.4
527.4
517.7
519.6
517.2
521
515.3
516.6
519.2
520.6
522
529.4
528.5
532.6
523.4
523.4
524.9
529.5
519
519.8
523.2
519.7
516.1
515
516.9
524.5
521.8
527.5
530.4
528.7
534.7
523.5
520.2
520
522
516.6
515.3
512.1
524.6
515.9
517.5
524.3
519.8
523.9
525.9
529.2
523.6
520.1
520.8
516.5
513
516.6
515.3
518
513.7
520
526.4
524.3
524.6
530.1
526.7
522.3
518.1
516.5
517.8
516.9
516.9
518
519
519.5
524.8
517.6
523.7
529
527
525.6
522.6
522.3
521
511.8
515.6
515.7
514.6
510.8
509.8
511.3
518.9
528
522.6
520.6
522.2
523.1
523.6
524.8
522.3
520.9
514.7
512.6
519.1
514.6
517.4
524.8
525.5
527
523.7
521
523
521.5
524
517.5
529.9
514.3
514.4
513.7
517.9
517.5
520.3
519.2
524.7
531.7
530.4
525.1
521.2
520.3
519.5
520.2
513.2
509.8
521.3
524.1
512.9
520.7
517.7
521.8
522.1
518.1
525
527
516.6
521.1
511.6
511.7
508.6
514.3
517.7
516.9
520.3
520.2
517.1
526
522.9
523.1
528.4
520.2
515.4
519.3
512.7
513.3
519.1
518.4
511.4
519
522
521.5
527
520.9
521.5
520.5
524
521.9
513
514.6
515.6
514.6
512.3
513.6
527
514.4
522.8
528.5
521.4
523.1
525.6
520.2
519.4
515.2
513.7
517.3
512.1
511
520.4
513.4
514.6
522.4
519.7
528.2
525.7
524.7
516
521.3
509.9
514.1
512.7
510.3
512.2
514.9
524.3
523.9
526.5
526.7
530
529
525.6
523.1
522.9
531.7
529.1
539.7
556.5
558.5
565.5
574.1
582.6
584.4
582.7
570.8
584.9
592
590
590.4
584.4
588.3
591.8
587.2
587.7
593.7
598.2
605.3
609.6
611.1
604.7
607.5
603.8
599.6
603.8
592.7
603.6
603.4
607.9
601.6
608.9
605.1
610.3
622.5
624.7
619.6
619.8
620.9
619.3
625.9
618.7
617.2
615.6
615.8
614.2
623.9
624.1
629.6
633.6
643.6
642.2
641.1
649.9
647.2
647.1
645.7
637.1
634.5
634.5
632.2
629.5
628.6
637.7
643.6
648.4
647.6
654.7
657.5
665.9
659.8
650.9
657.2
655.1
655.8
653.6
659.7
659.1
656.9
659.1
665.5
673.3
674.8
681.3
680.6
679.8
674.2
671.3
666.4
663
660.4
658.9
663.2
675.5
672.8
680.4
683.3
697.6
694.5
690.4
685.1
681.5
675.5
669.2
672.7
678.8
678.9
695
697
700.6
706.4
700.4
706.9
698.2
699
692.6
698.3
699.2
692.9
689.3
702.7
703.5
708
710.5
709.5
703.4
709.2
717.5
712.5
719.6
711.9
709.1
713.8
714
714.9
715.2
715.9
710.5
715.9
721.6
720.2
730.8
721.9
724.8
723.8
716.4
716.2
716.9
716.7
721.9
715.9
709.5
711.6
716.7
719.4
722
733.5
732.4
733
730.9
740
730.9
734.6
727.6
725
724.9
730.3
730.9
732
733.3
739.1
735.8
735.3
740.5
734.6
734.2
734.9
736.1
740.6
745.9
745.5
746.4
740.2
741
753.4
761.6
755.2
754.8
