546.9
545.2
544.2
535.7
542
538.1
539.8
539.1
532.9
527.4
540.3
528.2
547.3
543.7
543.8
548.7
550.8
545.3
545.9
537.3
531.4
536.8
533.4
529.9
536.7
538.5
547.2
549
546.7
550.6
546.8
545.3
540.9
541.7
540.8
539.7
534
539.1
534.1
533.6
547.1
543.3
538.2
546.2
546.7
544.8
545.8
544.1
540.2
536.7
537.8
538.8
543.2
544.3
540.3
537.4
545.2
547
543.9
540.6
547
542.3
541.1
544
540.9
538.3
528.7
537.1
530.7
539
539.3
549
549.9
558.7
548.4
548.4
548.5
547.5
540.7
542.1
541.6
541.3
535.2
538.3
534.9
547.1
549
548.9
531.6
554.6
545.8
549.2
539.5
542.7
542.2
539.3
545.5
537.3
538.7
532.5
545.8
545.2
549
555.3
544.3
550.1
548.2
543.9
547.8
540.6
541.9
539.2
538.3
539.9
541
545.4
543.2
552.2
548.9
552.2
549.1
549.4
545.8
540.1
543.8
540
537.1
544.4
534.5
535.4
546.8
547.8
548.8
545.1
555.5
548.6
544.3
542.9
543.7
536
543.7
538.8
540.1
544
540.1
541.4
544.9
549.4
551.5
547.8
551.2
552.2
544.6
537.7
534.1
532.7
537.3
538.7
536.7
536.5
543.4
547.4
546
552.7
546.8
547.5
551.5
548.6
537.9
542.7
543.1
541.9
533.6
544.4
539.2
543.4
547.5
548.7
549.4
550.4
552.1
551.7
543.3
541
535.2
540.5
541
541
543
541.8
537
548.7
544.3
544.1
553.6
547.3
547.5
545.4
535.8
536.6
541.8
539
542.9
533.4
544.6
542.4
544.4
546.5
544.1
547.4
539.6
538.7
536.3
534.9
538.6
534.8
537.4
534.4
537.2
541.9
541.2
538.6
544.3
545.3
544.1
545.4
546.2
544.7
541.8
533.9
542.4
541.6
537.5
542.9
535.4
549.1
546.1
550.7
546.2
548.2
549.2
548.9
541.2
541.1
542.5
536.4
536.8
538.6
540
540.2
547.1
546.1
548.5
544.8
547.8
544.4
540.7
541.6
538.4
545.1
543.1
544.5
539.8
542.5
542.3
538.6
550.5
554.9
550.9
544.7
537.5
544.7
545.4
542.9
548.1
543.2
540
538.4
529.3
545.6
545.2
549.9
550.7
550.7
552.3
554.1
538.3
542.2
536.5
542.2
537.7
534.1
534.1
539.6
539.2
546.5
542.2
542.7
532.6
541.9
545.2
542.5
534.1
532.6
517.6
530
535.5
535.1
539.5
536.5
549
540.3
543.7
540.9
542.7
544
546.5
535.2
537
525.6
530.9
532.1
531.5
529.8
537.3
539.2
542.1
539.2
541.7
542.5
548.7
542.9
537.7
531.4
536.7
533.2
535.7
533.6
533.6
532.4
543.1
544.8
540.6
546.8
543.7
542.4
542.4
542.4
537
540.1
534.4
536.9
534.6
536
535.4
540.8
543.2
548.9
544.5
540.6
537.6
537.5
533.7
530
533.9
536.5
540.9
534.3
533.2
537.6
538.7
537.2
548.4
537.9
540.7
539.6
535.7
535.7
535.9
531.2
532.4
530.1
534.3
540.5
536.9
542.9
542
546.3
538.1
543.7
540.1
544.2
538.2
530.5
529.6
536.9
529.5
530.7
538.2
544.2
540.1
538.6
547.4
539.2
538.1
536.2
527.6
543.6
531.7
540.4
528.3
533.1
533.9
539.2
545.5
547.9
538
541.1
546.3
535.4
538.9
534.2
535.3
532.8
536.9
529.1
532.6
531.2
537.1
541.2
541.8
541.4
537.2
545
535.7
540.6
535.6
533.8
531.2
532.7
520.8
523.3
528.4
537.3
541.6
537.6
545.8
538.3
541.2
540.2
537.6
534.9
535.9
527.5
530.1
527.1
530.1
537
528.8
537.6
546
547.8
543.1
540.8
542.4
536.1
535.1
533.2
532.9
532.4
533.3
533.9
532.2
532.9
534.8
542
543
543.2
548.4
534.5
538.3
539.1
541.6
529.5
531.6
525
525.6
528.8
538.8
536.8
536.5
539.3
540.9
541.6
535.4
546.3
533.7
531.5
532.6
530.9
527.1
526.6
526.6
534.6
534.9
536.3
545.2
539.3
535.7
538.1
527.1
536
538.8
533.7
525.1
527.8
535.7
532.5
535.9
537.3
541.1
541.2
534.4
539
534.9
534.2
537.4
532.6
526.9
528.8
530.1
525.6
532.6
540
537.9
543.3
541.7
540.9
537
533.7
537.8
529.6
535.7
529.5
531.1
535.5
523.7
533.4
539
540.3
537.7
539.7
533.7
539.6
537.1
533.6
525.6
536.9
525.9
528.6
533.4
535.5
528.4
540.5
541.9
534.6
541.1
535.9
529.8
529.4
529.9
533.4
528.9
527.6
538.6
532.7
536.2
532.1
534.7
541.1
537.9
538.3
538.2
536.5
534.3
531.2
531.7
530.7
535
527.4
522.8
526.5
533.5
538.1
542.6
543.5
538.2
540.1
531.5
532.4
533.1
533.3
528.9
533.5
529.5
531.4
535.4
534.4
543
540.1
534.5
538
528.6
531.3
532.2
528.6
534.7
531.4
539.4
531.5
533.3
537.1
534.4
537.3
547.5
538
535.1
535.5
533.6
528.5
532.1
528.3
528.6
529.3
536.5
530.1
534.4
538.5
536.9
533.3
547.6
555.4
537.8
546.2
533.7
526.7
524.5
534.2
528.1
532.5
529.2
535.4
533.8
537.3
540.8
541.4
541.4
539.6
532
529.8
542.7
526.4
530
528.9
527.9
536.2
533.5
537.3
529.1
538.5
540.3
545.5
540.1
535.6
530.4
530.2
532.1
530.4
528.6
529.7
529
532.9
533.4
540.8
538.8
539
547.9
539.1
535.8
529.3
532.7
526.8
533.3
525.2
534.7
526.1
533.3
536.6
537.8
542.7
544
539.9
540.4
534.5
530.9
532.9
533.6
531.7
524.4
526.6
529.5
535.4
536.8
543.2
543.6
534.5
535.4
536
535.1
532.8
531.8
535.8
524.8
534
524.8
532.9
530.1
538.8
541.2
538.8
537.9
539.1
539.7
532.1
538.1
528.7
532.2
526.6
527.1
529.5
533.4
535.7
534.8
541.4
532.9
540.2
540.1
532.9
530.9
540
535.3
532.6
535.6
524.1
527.2
541.7
529.9
536.6
536.1
544.4
543.4
537.5
537.3
537.1
531.1
532.5
534.4
534.4
533.6
530.6
534.5
539
537.5
544.1
543.3
536.6
538.6
535.5
534.8
534.5
528.3
524.6
524.6
532
533.2
529.6
532.7
544.7
551.2
539.9
543.5
537.4
542.1
530.1
531.9
534.9
537
528.8
529.2
531.7
529.1
536.8
542.7
541.5
543
543.7
539.6
542.3
534.4
536.8
538.8
530.1
531.1
534.4
538.6
536.3
542.6
539
543.3
546.8
538.9
534
536.6
531.9
534.9
533.9
533.7
529.4
533.3
530.6
533.1
538.8
543.9
543.2
543.1
541
542.5
539.9
532.9
533.5
536.6
538.3
531.6
530.5
537
543.1
540.9
539.3
546.7
541
542.5
537.3
532.1
528.3
532.9
537.9
536.8
527.8
537.2
539.7
538.8
542.3
542
547.1
548.6
539.6
543.6
542.7
536.3
521.2
532.2
528.3
532
532.7
539
539.2
540.3
542.9
541.4
545.5
539
540.6
536.3
539.7
528.4
533.2
529
535.5
537.2
538.6
539.6
537.5
540.4
540.4
541.7
543.7
533.7
530.9
527.7
531.4
536.8
528.2
529.1
533.5
536.9
544.3
543.5
547.6
538.8
545.3
537.5
528.1
531.8
531.5
532.7
536.1
539.1
533.1
537.2
535.1
542.8
544.2
545
546.2
543.7
533
540.7
533.6
535.4
526.7
528.2
533.2
536
537.2
532.9
540.8
537.6
545
539.9
541.7
539.9
534.8
532.3
518.3
527.9
533.4
529.3
536.2
536.4
535.3
539.4
543.4
540.3
542.2
537.8
534.8
535.9
529.9
531.5
525.9
534.2
533.9
530.1
539.8
543.9
547.1
539.3
540.9
537.6
544.2
535.5
534.2
531.7
530.7
531.5
533.4
531.3
526.5
535.5
535.4
545.2
540.1
542.4
536.1
540.4
540.2
532.5
539.3
531.9
536.7
530.9
530.7
534.3
542.6
540.4
545
537
539.4
546.6
539.7
536.5
533.7
533.1
530.2
529.1
537
530.9
532.3
530.8
540.6
540.1
544.9
544.8
534.7
533.9
533.7
531.2
527.8
530.7
535.5
533.1
531.7
538.1
538.7
541.9
543.4
551.5
541.1
537.3
533.8
534.9
536.5
533.4
532.2
529
531.9
534
541.3
541.3
538.1
544.4
541.6
546.4
535.4
539.6
536
531.3
532.6
534.5
534.9
532.9
535
539.4
543.7
541.4
540.1
539.9
541.6
536.4
537
534.3
535.8
533.4
526.5
527.8
529.1
532.2
536
538.7
543.5
541.5
541.8
537.3
536.3
537.6
533.6
529.1
529.1
532.5
532.6
526.4
534.6
536.7
542.6
544.7
540.8
548.1
538.5
537.1
535.7
536.4
536
535.7
532.4
532.1
533.3
539.5
540.4
544.1
543.2
546.5
547.1
535.8
541.9
535.8
539.2
532.9
532
533.4
536.1
535.9
541.2
545.3
545
546
547.8
538.6
539.9
540.6
532.7
530.8
533.5
535.8
532.8
537.7
533.3
540.5
545.9
550.8
544.3
546.6
543.3
542.5
534.2
535.7
534.7
531.7
533.4
534.4
533.5
538.1
535.7
531.4
546.8
538.8
547.5
542.9
537.8
531
531.5
533.5
533
536.2
534.1
535.8
534.4
543.2
542.5
545.8
541.2
541.5
541.9
538
534.4
530.3
532.4
532.9
540.2
534.1
539.7
538.2
539.2
539.1
551.9
544.8
548.5
541.2
538.9
538.3
538.9
530.8
537.3
539.2
539.6
539.4
538.6
548.3
545.1
544.4
549.6
536.4
544
532.1
530.9
534
531
533.6
536.7
536.9
537.7
533.9
546.5
540.1
539.7
549.2
539.1
542.4
547.6
534.2
539.1
529.9
532.7
537.7
528.9
540.9
540.8
541.2
544.2
540.1
546.9
545.1
537.3
538.6
536.6
536.4
537.4
526.6
535.7
540
543.5
540.5
541.1
543.2
538.3
535.4
541.5
535.6
542.7
539.4
530.1
534.9
530.8
539.2
538.3
539.5
545.3
542.3
537.1
541.7
541.1
531.4
543.6
536.5
535.4
536.2
528.3
536.4
524.8
534.2
539.7
548.1
543.7
549.2
545.7
548.3
549.6
533.5
534.2
527
529.4
537.7
537
534.4
534.7
539.4
543.2
532.9
545.9
548.4
545
540.4
537.5
541.1
528.8
536.6
542.9
540.6
534.6
538.8
539
540.9
543.9
544.3
541.3
545
534.6
532
539
528.5
531.3
532.1
539.3
531.6
541.8
537.8
542.2
547.4
555.5
544.1
546.5
540.9
538
539.6
534.8
538
521.4
535.2
529.2
533.1
546
533.5
546.2
537.1
543.8
537.7
534.1
535.8
527.7
527.3
535.3
535.2
529.1
540.9
538.2
538.9
537.9
546.7
543.2
538.5
536.8
535.1
538.3
532.4
532.9
530.8
536.6
541.1
533.8
539.8
544
539.6
540.8
546.1
539.6
545.5
546.3
536.1
536.7
526.7
532.3
540.7
540.1
543.2
539.6
543.7
539.2
545.5
542.8
545.1
537.6
541.7
544
535.7
535
539.5
535.3
536.1
526.2
535.9
538.1
544.4
549.9
559.3
538.2
536
541.1
538.1
537.9
532.8
532
533.5
528.6
555
537.7
539.3
545.2
548.9
545.3
544.3
539
545.3
539.5
531.3
530
528.3
534.4
532
538.2
541.3
536.4
539.5
537.5
545.6
539.9
537.3
536.5
542.2
529.7
534
538
535.6
534.9
537.6
544.5
537.6
539.4
546.8
545.2
546.1
543.9
539.1
532.7
529.8
533.5
536.9
537
532.9
540.1
539.3
535.6
550
541.4
545
547.8
537.7
543.7
537.7
531.2
536.1
538.3
529.3
537.9
539.1
539
537.8
532.4
549.9
535.8
543.4
531.9
535.4
532.4
531.1
531.9
531.1
533.4
530.7
538.5
543.1
547.1
540.9
549.5
538.8
534.8
533.8
534.9
530.8
528.6
530.4
533.4
542.6
535.5
533.9
535.9
543.4
544.1
547
539.6
537.3
534.4
529.1
536
526
538.2
531.3
523.7
533
536.9
539.5
543.3
540.9
543.1
532.3
531.4
546.9
538.1
532.7
531.8
531.7
527.4
527.6
540.2
541.8
539.5
534.5
542.6
542.3
533.7
535.9
532.4
531.3
533.6
536.1
529
530.5
534.9
540.9
539
539.7
528.8
543.4
543.1
546.2
533.5
530.1
529.2
534.2
527.5
528.3
529.3
535.1
531.9
535.1
547.1
544.3
544.1
545.9
538.6
533.8
536.2
534.9
530.1
530.2
531.9
533.9
535.9
537.4
537.6
536.5
540.6
550.2
544.1
539.5
531.4
522
538.1
530.1
528.6
535
529.9
530.5
533.2
533.6
544.6
544.7
543.7
542.4
539.8
540.2
536.9
537.2
538.6
541.8
533.5
534
519.2
532.1
541.2
538.1
536.9
535
545.6
539.2
538.8
528.4
525.6
528.4
535.5
532
539.6
529.9
539.5
539.2
536.4
542.2
545.2
536.9
545
545.2
538.2
538.3
535.9
528.5
521.5
534.4
529.5
541.1
534.5
538
542
546
544.9
548.4
541.1
540
532.1
532.4
523.4
534.1
532.6
535.4
531
537.2
536.9
544.4
543.4
545.7
547.3
542
543.7
532.9
531.8
534.4
530.3
529.4
536.6
543.9
540.5
532.3
535
541.8
546.5
540.5
539.6
537.9
532.8
532.7
540
532.6
540.6
532.9
536.7
540.6
541.8
547.6
546.6
548.4
540.5
545.7
537.4
533.4
532.2
529.5
530.7
538.2
530.8
533.9
539.8
542.6
547.2
542.4
547.3
542.9
532.8
530.9
533.3
537.3
534.7
532.8
538.6
540.2
535
538.4
547.8
541
552.5
534.6
544.4
540
537.1
537.7
534
530.1
538.7
531.3
530.3
541.9
538.2
540.5
541.1
545.8
551
540.5
533.2
537.5
531.5
539.9
528.7
530.4
536.2
535.9
536.6
545.5
545.4
544.1
545.9
546.2
543
533.6
536.1
535.3
540.7
536.7
532.9
535.4
539.4
541.6
544.9
542.7
547.2
553.4
542.9
539.7
540.3
533.9
531.1
533.4
533.1
531.4
537.4
545.6
536.2
547.2
544.6
543.8
536.9
543.9
546.6
542.1
535.3
534.9
532.9
537.4
529.6
538
537.1
533.2
539
537.2
549.2
544.1
541.3
548.3
537.8
535.6
526.1
535
531.9
535.8
535.6
536.8
538.6
537.1
540.2
545.1
546.2
540.7
540.9
525.5
536.1
536.8
534.9
532.7
522.9
533.1
538.3
534.6
541.8
544.4
543.1
542.8
544.1
536.3
537.2
533.4
531
531
535
531.3
528.3
541.3
539.7
546.7
543.7
543.8
538.3
543.9
540.1
537
533.4
539.1
535.4
534.9
537.1
533.4
529.1
539.7
535.6
539.8
546.5
540
543.3
541.7
536.5
538.5
542
527.3
536.4
533.5
529.3
538.5
533.7
542.9
538.3
545.5
540
538.4
536.6
531.5
535.9
537.1
535.6
536.5
538.2
535.1
536.7
541.8
542.4
550.3
538.8
541.7
549.2
543
535
539.5
535.9
535.9
536.3
532.7
534.9
535.5
538.2
540.2
543.1
543
543.6
540.7
546.9
538.2
532.4
531.6
531.6
540.7
538.5
535.7
540.2
537.8
544.9
541.1
539
548
540
546.6
533.7
524.2
535.6
532.1
525.1
533.6
531
539.9
538.2
536.5
544.6
544.4
544.5
544.9
537.6
537.4
534.8
535.4
528
539.4
538.8
530.3
548.1
540.4
545.9
542.8
545.1
546.5
539.9
534.8
528.7
536.7
537
530.6
529
531
529.3
535.9
540.8
537.7
545.4
540.8
543.6
538
539.2
533.4
534.7
530.9
534.6
533.2
532.6
534.1
533
535.4
543.1
548
542.1
547.1
540.5
537.9
537.7
528.5
532.4
534.9
529.1
532.7
531.9
542.4
544.4
540.6
543.1
551.3
539.1
540.9
539.5
533.3
528.8
535.7
535.1
529.2
532.7
528.9
537.8
545.2
547.2
544.4
538.7
535.4
541.8
539.2
530.1
538.8
538.4
539.2
535.7
531.9
529.3
541
542.8
548.3
541.3
545.1
541.2
542.6
538.1
534.9
538.5
538.4
531.1
538.3
534.3
537.5
542.9
541.8
545.6
548.6
538.7
549.2
537.5
535.1
529.5
531.9
533.7
534
532.8
530.3
531.5
534.5
541.3
548.8
550.4
540.8
541.3
539.9
535.7
532.4
539.5
544.9
532.5
538.1
535.4
536.9
540.5
540.5
542.7
546
547.3
543.6
538
537.5
537.7
528.6
537.4
529.3
533.4
532.1
534.8
536.4
536.5
538.1
537.7
539.2
548
541
539.5
533.7
521.4
529.3
531.9
531.3
535.4
532.1
536.8
543.7
547.2
541.8
549.8
545
548
543.4
535.9
532.8
531.9
535.7
533.6
536.9
529.5
537.6
539.4
542
546.9
542.2
540.6
535.7
539
536.2
539.4
534.3
532.1
529.9
527.5
531.6
538.8
534.7
543
548.3
543.3
539.8
533.7
537.1
535.9
536.3
540
530.4
529.7
527.5
531.6
540.9
540.6
544.6
544.4
544.6
539.1
536.1
533.8
533.4
537.5
541.5
530.3
537.3
533.8
536.3
533.2
539.2
541.1
537
545.3
537.5
532.9
534.2
533.7
535.5
534.9
534.8
533.2
529.1
530.4
539.8
532.1
541.9
541.2
535.7
543.4
534.9
534.6
533.2
531.7
528.1
536.1
530.1
534.4
530.6
537.8
547.1
540.3
547.2
537.8
545.4
535.2
536.2
528.7
530.8
527.8
534.9
534.4
536.5
527.2
543.4
541.1
542.8
542.9
541.4
540.5
542.1
529.2
531.8
534
533.1
530.8
533.2
530.8
538.5
538.8
540.2
540.2
545.9
534.7
537.7
531.8
532.1
524
533
536.7
528.9
533.3
532.3
533.1
537.5
541.6
542.4
536
546.2
547.7
537.8
535.6
524
519.5
534.4
523.8
531.7
533.1
543.1
542.7
543.1
549.2
543.5
537.6
533.6
536.7
529.6
532.7
535.9
528.3
530.8
533.4
537.2
540.1
535.4
542.8
545.9
542.7
539.3
535.7
530.9
533.5
524.4
529.6
535.2
536.4
519.8
529.5
536.1
546.4
535.8
537.5
540.5
538.9
539.7
532.8
529.4
533.3
528.5
528
531.2
530.9
544.6
530.6
536.3
527.6
542.9
542.1
542.7
525.1
529.2
536.7
535.9
534.8
531.6
534.9
532.4
529.1
527
540.6
536.6
540.1
541.1
531
538.8
531
539.7
528.6
533.1
528.2
525.2
528.4
537.4
542.1
543.7
540.5
543
536.4
533.5
529
523.8
529.3
523.9
527.9
525.6
536.7
536.2
541.7
537.3
543.8
539.8
538.5
537.4
542.1
530.8
528.6
529.9
538
525.2
527.9
535.5
533
534.9
534.3
533.6
539
539.9
546.6
532.6
531.8
526.5
531.6
526.3
533.6
520.4
532.6
533.4
532.7
532.1
537.4
538.8
542.5
539.1
537.7
530.6
535.2
531
537.8
529.3
520.4
526
531.1
536.4
539.4
544.2
538.3
538.6
540
532
532.1
536.8
527
525.1
523.8
524.1
523.4
526.7
534.1
536.3
534.6
528.1
544.9
533.8
541
529.4
526.6
520.7
529.1
533.4
521.8
524
530.5
527.4
537
539.8
543.9
537.8
540
536.7
536.6
535
536.8
531.9
529.8
530
527.7
530.6
539
542.6
539.2
540.2
540
535.2
534
533.8
532.5
526.2
537
531.1
532.6
527.8
526.1
542.1
534.4
540.4
542.4
540.8
529.3
532.3
524.2
536.8
533.4
524.5
527
537.2
531.3
534.8
536.3
536.9
540.4
538.9
529.3
532.2
528.2
530.9
527.7
523.9
526.1
529.8
528.8
527
533.5
532.7
536.8
537.5
532.7
539.5
533
531.3
524.6
526.1
524.6
527.5
533
529.4
526.2
536.3
533.5
532.3
536
535.3
535.8
533.2
533.8
524.9
530.7
526.3
527
522.3
526.9
522.1
532.2
528.7
529.1
540.7
537.2
532.7
530
536.1
532.5
532.8
527.2
527.8
524.4
536.7
529
530.3
533.8
535.5
533.7
531
540.1
532.6
538.4
531.3
534.1
527.9
524.3
526.7
533.6
531.5
530.1
534.9
536.6
533.6
534
538.9
527.5
530.1
536.5
529.8
522.7
527.4
525.6
525.3
529.2
525.5
536.1
539.1
539.3
533.2
535.8
533.3
528.7
528.2
528.7
523.8
525.1
530.7
535.1
526.1
527.7
531.5
531.5
537.1
535.6
534
530.4
537.3
521.8
524
520.7
524.2
523.2
523.4
529.1
524.6
529.5
534.6
532.7
539.6
543.1
530.8
533
530.2
531.3
526.5
521
527.3
531.4
524
533
530.5
532.6
535.5
537.5
540.4
537.9
530.3
527.2
522
522.9
526.5
532.7
525.7
527.7
527.8
525.9
532.8
539.8
533
532.7
533.4
525.2
528.8
530.1
523.3
525.1
525.5
523.2
525.4
529.4
531.8
534.7
538.2
538.7
536
530.3
521.8
537.4
526.5
524.2
524.3
523.3
528.7
529.3
529
533.6
532
541
541.5
537.5
530.5
526.2
527.3
526.2
527.3
527.4
525.7
530.4
530.7
531.7
528.4
528.8
537
540.9
537.6
538.1
535
527.3
533.1
528.4
529
526.5
527.7
529.7
527.2
525.4
530.2
534.5
539.9
533.2
536.9
527
528.5
527.6
531.5
520.9
518.2
529.9
530.1
537.1
514.3
533.5
538.6
536.8
534.2
532.9
528.2
534.2
526.5
526.5
518.6
525.7
528.3
530.3
532.6
535.1
533.2
533.2
538.3
538.9
527.2
523.6
525.9
520.5
525.3
525.3
530
523.9
528.6
533.9
528.7
537.3
531.5
533.6
531.4
536.6
526.1
520
527.7
526.1
526
523.5
525.1
527.9
529.4
536.4
533.4
536.1
531.3
530.1
527.8
536.5
529.6
525.7
529.3
521.9
525.1
529.6
526.5
527.1
530.3
534.1
530
530.4
530.1
528.3
527.7
517.7
517.5
524.3
520.4
524.5
529.9
528
537.9
538.8
535.9
531.3
534.6
527
534.3
526.3
530.6
524.8
528
526
523
522.9
531.6
528.1
532.8
534
534.8
528.9
518.4
527
521.6
524.2
515.2
534.4
523.7
525.1
528
530.4
526.1
533.2
534.8
532.2
531.4
532
531.5
524.6
522.9
515.7
529.3
527.9
525.7
525.7
529.6
536.5
537.1
538.1
536.5
530.7
524.3
528
523.9
522.7
522
524.4
524.9
531.5
524.6
535.5
530.4
530.6
536.6
533.7
539.7
525.3
531.4
526.1
527.8
522.1
524.7
530.7
527.4
529.2
529
534.9
535.8
535
533
530.8
529.6
528.8
528.6
528.2
519.7
526.4
525.7
523.5
529.1
542.4
536.8
536.9
539.9
533.1
537.9
531
531.3
531.5
526.5
528.9
527.8
524.9
522
523.4
531.5
537.6
536.9
538.9
536
530
529
530.3
525.4
528.2
524.6
526.6
525.3
534.4
528.4
534.6
529.3
538.4
534
532.5
528.1
523.3
527.5
526.9
523.4
529.8
522.3
528.2
531.1
527.5
534.3
536.6
536.5
537.7
533.6
530.6
530.3
525.1
527
520.9
524.6
525.6
529.1
529.2
536.9
535.7
532.1
529.5
535.6
525.1
523.4
525.5
521.2
524.5
524.4
523
526.5
525.7
524.7
530.6
537.6
539.9
537.6
528
525.6
524.3
528.8
526.5
521.3
520.9
515.2
523.7
531.3
528
535
534.8
538.6
532.7
530.1
531.3
533.4
528.6
523.5
521.3
521
526.8
527.7
527.2
534.3
533.2
535.6
531.8
529.6
531.2
521.4
526
526.3
526
524.8
525.7
520.5
521.7
529.4
531.3
537.9
538.4
539.4
530.2
533.8
529.3
526.7
533.1
530.5
525.7
531.1
528.5
525.1
527.1
532.4
537.2
537.8
531.5
530.3
529.5
531.9
527.2
526.5
526.5
522.3
523.2
524.1
530.6
531.5
534.9
535.3
537.9
540.3
538
530.2
528.7
523.2
526.8
519.4
523.2
528
524.8
524.9
525.7
533.8
535.9
535.9
539.6
533
529.3
530.8
531.1
527.6
528.8
519.9
524.4
525.1
528.7
533.2
532.9
536
533.5
538.2
528.8
526.9
524.7
526
521.7
528.8
518.9
531.2
526.2
525.9
531.5
524.2
531.2
536.1
545.3
535.3
530
529.4
522
524.4
524.7
517.4
523.3
524.2
529.3
530.1
532.2
527.4
533.5
530.7
528.5
526
529.3
530
524.2
522.7
524.5
521
527.2
531.1
530.7
536.1
535.8
529.3
533.6
530.4
530.3
526.5
522.2
520.7
524.6
527.5
525.2
524.5
530.2
522.9
535.3
529.8
531.2
530.4
524.7
521.5
524.3
520.5
528.5
521
527
527.2
531.5
532.6
533.7
534.3
535.5
530
527.5
534.3
526
531.7
526.6
526.7
523.3
523
530.5
527
532
535.3
530
537.7
537.6
532.8
530.6
523.4
523.3
528.5
530.4
521.5
524.3
528.7
528
535.1
530.7
538.9
534.6
533.6
534.6
526.3
525.3
530.1
524.5
520.9
530.2
519.4
527.1
529
541.9
536.1
533.8
537.3
529.4
528.4
534.9
523.8
527.3
522.5
518.1
522.6
526.1
523
531
528.5
539.4
538.1
533.3
527.6
528.5
524.3
527.9
517.9
520.2
521.8
519.9
521.4
528.7
537.1
535.2
527.6
529
530.7
527.8
530.9
525.7
523.4
525.4
526.2
518.8
530.5
526.8
531.2
533.5
532.3
535.6
538.8
530.3
527.6
518
523.8
523.5
520.9
522
521.9
522.9
523.7
525.7
539.9
531.8
536.3
531.6
530.9
531.8
533.4
522.9
528.3
520.7
528.1
535.2
526.9
526.9
540.5
537.4
534.5
528.5
540.5
530.8
532.9
526.6
520
520.5
527.1
518.8
522.7
522
525
529
533.3
540.5
534.4
531.5
534
516.6
516
521.5
528.2
518.4
519.7
521.1
522.6
527.6
530.3
535.1
538.1
537.1
529
529.8
530.8
526.3
520
526.6
523.9
526.3
528.2
527.3
527.8
520.8
534.8
534.4
529.7
529.1
523.7
524.5
527.5
522.3
525.2
522.2
521.5
524.7
527.1
529.6
535.4
533.4
532.2
534.9
532
527
526.7
523.9
517.9
522.2
527.5
522.2
530.7
528.4
532
531.4
539.1
537.9
535.5
531.9
531.5
527.2
528
527.7
521
524.8
523
523.1
521.2
530.9
531.3
544.2
528.7
528.2
537.8
527.8
518.3
525.6
517.5
520.3
518.3
528.1
523.8
530.2
525.9
532.3
533.5
534.1
530.1
527.1
530.3
523.6
518.8
523.5
521.2
531.6
533.3
522.7
531.8
537.7
534
528.1
533.8
533.4
532.2
534.8
529.2
524.2
522.7
527.1
521.2
526.5
522.4
527.8
532.4
528.2
535.9
528.6
522.6
525.8
527
526.3
524.8
517.6
523.8
522.5
527
528.3
530.7
526.5
532.1
537.6
530.5
532.8
531.2
534.2
526.4
525.8
523.2
524.2
522.7
522.5
528.6
527.5
522.3
522.9
538
523.5
533.4
528.3
528.2
523.8
529.1
527.6
529
524.2
522.3
527.8
533.2
533.2
528
533.3
529.6
531.3
525.6
524.3
520.7
527.2
522.7
531.2
522.2
528.9
526.2
526.7
531.2
533.7
536.3
533.3
530.2
531.5
525
523.8
521.9
522.2
520.3
520.2
524.7
530.7
523.5
529.9
535.7
524.5
526.5
534.9
527.2
523.5
524.9
523.2
525.4
528.2
523.7
525.6
525.4
527.7
528.8
526.3
533.1
534
531.8
530.3
530.1
516.1
522.7
526.9
521
521.5
524.8
526.5
527.9
527
529.5
534.2
532.8
527.4
521
527.2
524.9
517
527.7
525.9
518.7
520.5
532.3
530.6
529.1
529.6
540.2
532
534.7
522.7
528.4
520.5
527.7
518.8
518.7
522
518.1
523.2
523.1
529.9
532.9
528.5
532.4
532.6
530.6
518.1
526.9
524
523.8
526
527
525.9
524.9
527.4
531.9
527.7
539.9
535.1
525.1
526.5
529
527.7
525.4
518.8
519.9
523.8
528.7
526.8
535.8
532.8
533.3
530
533.5
533.5
526.7
535.4
534.1
526
521.1
515.5
521.2
524.9
528.5
524.2
529
537.2
531.6
538.2
533.1
517.1
527.9
521.6
520.3
524.5
521.2
521.7
523.9
524.7
518.7
531.6
528.9
531
532.9
529.3
522.4
524.1
524.6
525.6
522.7
519.8
524.1
523.3
531
533.2
529.8
526.3
527.4
531.9
524.3
532.2
519.4
518
523.8
520.2
521.8
522.7
522.2
530.1
536
534.2
533.9
532.9
537.7
527.7
526
523.5
520.4
521.2
519.2
526.5
515.3
524.9
534
531.1
532.5
533.5
532.3
526.7
528.5
524.8
529.1
524.1
518.2
527.4
531.1
522.2
526
527.5
532
530.5
533.4
533.4
530.5
521.3
529.8
522.5
529.1
526
527.7
524.9
530
530.9
529.2
529.9
531.8
527.2
532.2
526.5
524.7
534.1
526.8
518
519.8
513.9
523.9
523.4
529.6
528.3
530.9
533.1
532.3
524.6
523.4
517
516.3
519.5
523.4
519.6
523.5
522.8
531.5
532.8
524.8
525.7
528.5
519.6
528.3
531.4
524.2
521.7
523.1
521.7
526.8
526.1
521.3
523.4
523.3
530
526.9
533.1
528.5
522.3
522.6
527.9
522.3
522.2
525
522.7
523.7
529.3
522.4
515.8
522.8
529.1
529.5
526.7
523.2
521.1
524.3
519.2
515.3
519.3
517.1
514.6
522.3
522.4
522
530.2
524.4
534.8
523
531.5
516.2
523.5
524.3
518.4
522.5
520.2
528.5
523.9
529.3
530.5
529
532
532
534.8
521.2
520.3
531.6
520.7
521.9
522.6
517.1
527.1
522.6
524.2
528.6
528.7
534.6
530.6
534.6
529.9
521.4
525.1
511.2
515.7
518.1
521.9
511.7
521
523.7
521.7
525.7
534.3
533.9
529.9
521.7
529.9
526.5
519.9
515.3
522.3
524.7
528.7
519.2
531.8
526.8
531.5
532.3
525.4
526.2
524.9
523.1
530.4
518.3
521
520.2
522.1
524.3
522.3
521.5
526.8
521.9
533.1
522.5
520.8
522.5
520.3
519.6
522
513.4
521.8
522.4
522.3
518.8
524.9
529.9
541.7
526.6
528.7
526.6
522.6
520.6
516.3
519.4
523.2
524.2
523.7
529.9
529
529.1
524.7
532.9
529.6
530.6
523.4
532.3
519.3
521.8
520.7
531
522.3
522.6
531.5
528.3
537.5
521.5
532.3
535.9
531.8
521.9
528.6
529.6
527.7
512.3
526.7
523.5
520.9
524.8
524.9
526.9
529.6
531.5
530
534.6
530.3
525.8
528
519.9
526.1
525.9
523
524.9
522.5
530.2
532.1
539.7
534.5
532.2
531
530.1
532
523
526.9
522.2
519
529.3
528.5
522.6
531
535.5
531.7
533.9
530.4
539
528.3
528.4
515.8
521.1
517.2
522.8
523.6
526.5
517.9
536.4
535.4
532.1
529.2
529.4
531.8
529.8
530
521.8
516.5
514.8
514.6
526.8
522.3
521.5
525.7
537.9
529.6
528.6
528.7
519.4
526.8
524.2
518.2
521.8
518.7
524
520.6
519.7
521.4
525.5
530.2
527.1
528.1
523.2
524.8
525.5
516
516.1
516.1
516.3
519.8
516.6
522
526.1
526.5
534.4
530.6
532.3
533.4
522.1
520
518.5
520.1
522.4
517.8
510.1
515.8
526.1
518.7
525.4
524.9
532.9
528.4
529.6
526
522.5
521.3
520.6
515.6
526.7
519.4
524.8
523.6
527.8
523.4
528.2
525.9
527.1
518.8
520.5
523
521.6
516.7
524.3
516.5
522
523.8
521.1
525.7
524.5
524.2
536.5
527.3
522
522.1
522.9
522.8
517.5
523.9
520.7
519.7
521.4
526.7
523.6
522.2
523.9
523.9
509.5
522.6
527.8
533.4
519.7
521.2
514.9
520.9
527.1
522.5
517.3
525.6
522.1
527.3
525.4
528.9
525.3
523.6
525.6
508.2
520.6
516.4
520.4
516.7
509.7
518
518.3
520.1
528.1
530.8
531.7
531.6
524.6
521.1
522.3
519.5
520.7
517.4
518.4
520.1
521.5
521.2
525.3
529.3
529.4
527.3
524.8
524.6
520.3
521.9
517.5
520
518.1
521.8
520.1
518.5
526.9
526.2
530.7
530
524.3
526.1
515.1
522.3
522
508.9
522.3
520
516.9
518.1
521.7
518.3
529.9
531.4
521.1
522.9
526.3
526.7
519.1
518
514.9
517.8
526.3
520
516
519.8
518.5
520
527.8
525.6
526.9
527
526
523.7
515.2
516.3
518
516.6
518.5
515.4
521.4
523.3
528.7
529.9
530.4
529
527.5
531
520.9
518.5
515.3
519.3
516.6
517.6
525.3
518.3
515.5
520.5
523
527.5
525.5
520.5
515.8
522.4
509.5
512.6
516.7
514.1
512.8
529.3
519.7
519.8
534.8
527.9
523.6
531.1
522.6
524.1
522
520.1
512.1
518.7
521.4
517.6
518.5
525.1
519.3
522.9
520.7
527.1
523.3
527.8
521.2
518.1
516.9
516.9
518.8
524.7
521.3
527.1
523.3
523.6
524.4
535.3
528.1
522.4
529.7
517.6
518.4
524.8
519.1
518.1
523.2
522.8
520
522
524.3
524.4
525.9
531
532.8
523.9
518.9
521
518.2
522
520.7
517.1
520.1
521.1
527.9
525.2
529.2
527
528.5
525.3
525.6
522.6
517.3
510.8
522.3
509.5
515.5
521.5
519.9
523
524.6
527.6
528.6
526.8
529.6
521.5
523.7
523.9
515.8
518.8
520.8
516.8
517.5
520.8
524.7
521.5
527.8
528.8
531.5
528
530.1
522.4
517
523.8
520.9
516.9
513.3
518.4
526
523.4
521.4
521.6
530.4
520.8
526.4
522.8
519.3
518.7
520.7
525.6
516.2
516.3
519.2
518.5
524.1
524.4
522.5
525.3
530.5
529.9
526.1
527.5
514.9
513.9
521.2
517.3
516.1
520.6
523.3
523.3
521.7
526.2
527.9
529.7
525.2
524.8
525
521.1
512.8
513
515.1
517.9
518.7
519.6
519.6
525.9
523.2
524
525.9
530.4
522.4
520.6
522.3
519.3
520.6
518
517.1
518.7
520.3
523.2
524.5
527.8
526
530.6
528.5
529.5
521.9
529.5
522.2
516.4
521
516.6
519.4
527.5
514.7
522.7
528.7
528.6
534.4
527.6
519.5
528
519.4
519.3
517.7
521
517.5
521.2
512.7
518.2
525.3
527.2
524.7
524.2
524.3
523.8
522.9
522
520.2
520.2
514.5
514.2
515.8
516.3
523.8
514.7
525
531.7
530.8
528.3
526.5
529.2
517.2
523.8
521.8
514.9
516.5
515.9
514.1
520.6
525.5
524.2
532.2
522.1
522.9
522.2
524.5
518.4
518.2
523.1
517.9
519
515.6
523.7
519.7
525.6
527.5
531
526.3
520.8
529.3
521.1
523.9
512.6
522.8
515.3
515.7
523.3
521.5
522.5
526
522.9
531.1
529.6
529.1
523.6
518.2
522.7
519.6
514.1
516.7
522.8
518.4
521.6
519.4
528.4
524.4
520.3
524.4
526.6
521.8
524.7
524.4
522.1
513.4
517.3
514.7
520.3
516.5
522.1
525.9
528.3
533.5
531.4
513.4
514.4
525.7
524.8
523.2
521.9
514.5
516.5
520.4
525.5
529.3
533
524.6
534.2
530.9
519.6
529.5
526.3
527.9
525.9
512.9
519
516.6
518.3
529.6
528.3
523.1
531
525.5
530.3
530.6
529.6
513.4
523.1
519.8
522.1
521.9
518.5
524.3
522.5
525.3
525.9
525.1
534.4
528.8
531.3
522.8
520.6
517.1
513.9
515.8
515.8
515
516.3
523.1
523.6
524.9
528.6
526.1
524.7
526.2
518.9
528.1
524.7
517.8
516.6
516.3
521.7
518
522.3
521.6
528.1
526.9
531.1
525.2
521.2
522.6
516.4
517.9
515.4
519.6
524
519.3
520.7
528.9
525.9
529.6
524.4
530
528.9
521.8
522.8
514.3
514.5
520.8
524.8
516.5
522.8
521.8
525.3
525.6
525.8
528.2
531.4
528.8
526.1
517.2
524.3
519.6
516.5
523.1
520
523.8
521.3
525.8
523.8
529.9
526.3
532.1
526
519.6
522.8
527
516.6
522.3
515.6
519.1
523.3
518.8
530.5
526.8
526.4
533.6
530.2
527.6
527.3
519.9
521.5
526.8
523.6
515
522.2
518.5
521
523.8
524.7
529.3
525.1
532.1
528.4
525.1
520.6
519.9
519.7
516.3
526.2
522.7
523.2
530.2
525.5
529.5
532.2
529.7
524.3
528.1
529.9
524.3
523.8
529
522.2
523.5
528.7
522.4
523.8
520.3
532.8
524.3
536
535.8
532.2
529.1
519.8
526.7
523.6
517.8
524.1
521.4
522.3
528.1
538.2
519.3
526.5
541.9
529.3
527
518.3
520.6
524.6
523.3
521.3
524.4
521.5
527.8
522.8
527.9
525.7
522.3
535.8
527.8
528.8
526.8
525.3
515.4
517.2
519.3
521.3
524
520.3
527.8
530.6
527.3
531.3
525.1
528.9
518.5
524
524.8
524
520.3
518.2
515.3
518.9
521.2
527.3
529.2
536.4
525.1
530
535.4
522.5
523.4
526
521.3
526.1
526
519.1
520.4
518.6
527
525.8
531
526.3
527.1
534.9
528.3
529
525.4
524.3
529.6
518.5
525
519.3
517.4
518.2
526.3
526.9
533.9
526.4
524.3
529.3
522.1
524.8
523.1
518.3
515.9
521.1
522.9
523.4
520.2
522.8
531.8
527
524.1
529.1
524.8
523.7
519.1
520.5
516.4
522.5
523.1
520.8
519
520.5
528.9
528.6
531.2
531.3
520.6
529.9
526.4
525.6
517.8
520.8
518.2
521.1
514.2
518.3
524
529.6
515
526
529.6
528.2
535.6
527.1
522.3
516.5
518.6
520.6
513.7
519.8
524.8
534.1
529.4
523.4
528.6
532.2
531.1
524.2
525.3
519.9
522.4
523.6
524.6
520.5
526.7
517.4
528
523.8
525.8
528.5
526.3
532.1
531.7
531.6
530.8
528.2
521.3
524.3
524.4
522.3
525.8
530.2
522.7
531.8
530.1
529.5
533.3
531.7
527.8
524.4
520.3
526.1
524.6
516.1
518.9
521.9
511.6
533.9
527.8
526.9
536.5
532.1
536.9
522
524.1
521.3
526.3
521.9
527.7
532.1
515.6
531.1
531.9
530.2
535.7
527.7
524.7
532.3
531.8
519
522.3
516.2
520.5
513.5
516.8
516.3
531.6
525
526.2
529.3
529.1
532.4
532
521
524.1
520.3
525
522.1
511.4
521.8
525.9
520
522.7
533
531.7
533.4
530.4
530.4
527.1
518.4
526.8
521.3
524.6
520.8
514.6
520.5
518
531.9
528.8
525.8
529
531.6
523.6
520.3
521.4
523.8
523.5
520.5
524.7
521.3
524.5
526.6
529.1
530.1
536.4
536.2
530
521.5
523.3
521.4
528.6
517.7
521.7
516
518.1
528
520.5
528.8
532.3
529.6
530.4
531
524.3
529.1
520.5
530.2
518.8
530.1
521.5
531.7
531.8
529.3
529.7
535.7
530.6
534.4
544.3
534.6
518.3
523.5
519.2
524
526.8
524.8
521.8
524.5
532
536.9
530.1
536.9
525.6
525.9
528.2
525.7
527.4
526.8
514.9
519
517.7
517
523.4
529.1
528.9
529.7
532.1
535.4
534.9
529.1
530.1
526.9
527.9
523.1
524.5
527.8
527.8
529.1
531
536.5
537.7
533.8
530.6
525.1
525.7
530.3
525.9
527.8
523.3
521
526.6
522.4
527.2
527.2
535.9
531.5
538.4
534.9
529.8
527.5
523.6
523.8
523.5
520
523.3
528.9
514.8
525.3
523.3
533.5
530.2
536.6
531.3
531.9
534.9
530.8
518.8
526.4
516
523.6
525.1
521.2
534.5
525
532.9
535.3
535.3
535.4
528.1
529.8
525.1
526.9
531.3
528.1
528.9
531.6
528.8
535.9
531.2
539.1
537.8
533.9
532.8
531.8
528.3
522.6
528.9
526.8
527
529.6
526.9
528.3
530.8
537.1
537.1
540.5
533.9
534.8
530.6
526.8
531.6
527.7
521.1
527.3
524.5
530.1
527.8
526.8
533.2
536.2
536.9
535.3
531.8
533.6
529
525.6
533.6
531.6
532.2
525.4
520.2
528.5
526.3
526.2
540.7
531
531.4
535.6
531.6
528.3
528.6
526.5
522.1
527
531.3
521.1
530.3
526.4
526.3
535.5
535.8
534.4
531.6
533.8
532.4
524.9
530.2
537.8
529
501.6
531
528
540.3
538
533.1
533.1
538.9
533.4
534.2
533.2
527.9
531.4
528.5
532
523.3
523.9
529.4
538.2
536.4
537.4
538.6
540.2
541.2
534.2
533.9
527.6
526.6
530.8
530
528.9
529
532
528.2
538.9
539.5
548.8
539.1
540
536.2
541.1
533.1
530.5
526.5
526.8
534.8
539.3
532.6
538.1
544
546.1
543.7
534.8
538.6
545
532.9
528.8
535.5
527.5
529.8
528.6
528
537.9
535.8
524.7
538.4
538.1
545.1
541.2
542.5
540.4
534.5
532.5
533.2
537.1
539.2
533.6
534.1
538.4
535.2
534.5
550.7
570
562
