806.2
800.9
799.2
795
792.5
794.7
788.9
795.8
803.5
806.7
809.5
808.6
807.5
803.2
796.8
800.2
802
792.7
792.5
793.5
786.1
792.6
792.1
800.9
802.6
793
798.7
796.1
787.5
791.8
791.4
786.1
784.3
781.7
783.7
779.6
779.5
782
785.3
782.6
789.2
790
783.1
778.5
778.7
772.3
773.5
771.2
772.4
772.7
769.2
770.4
765.6
769.9
776.9
777.5
778.4
774.9
774.2
778.2
768.7
761.8
768.5
770.5
762.8
766.8
765.5
768.3
772.5
771.7
768.9
770.8
777.4
767
768.7
761.3
760.7
760.3
757.6
757.4
760.4
761
760.4
765.8
761.7
775.3
767.9
766
762.2
765.4
753.9
758.2
750.1
752.4
757.8
756.3
755.2
751.5
752.8
761.5
767
760.5
763.5
758
755.5
756.3
752.9
747.5
749.1
747
750.6
750.8
750.9
755.8
754.6
758.9
755.2
758.1
747.6
759.3
751.2
755.1
746.7
742.5
736.9
739.3
740.6
740.3
742.7
742.8
756.3
746.9
752.6
749.7
744.5
740.4
741.6
745.2
739
736.4
742.6
738.5
746.1
742.3
749.7
746.9
748.7
756.9
748.4
747.2
738.5
732.1
743.5
736.3
739.5
735.5
731.4
737.9
739.8
742
747.1
739.4
746.9
736.2
735
731.2
727.2
733.5
735.2
730
729.6
729.9
735.8
746.1
735.5
741.1
730.5
740.4
736.3
734.4
731.8
729.3
724.9
729.7
728.1
736.2
729.7
729.4
734.9
737
732
737.2
740.9
724.4
727.7
730.4
722.5
724.1
722.7
719.3
721.9
723.7
717
725.3
728.6
732.3
730.4
726.6
727.1
722.6
719.2
713.5
720.6
712.1
716.4
715.3
715
718.5
725.6
719.5
719.3
724.6
725.9
729.2
729.3
719.6
708.7
717
710.7
709.3
711.2
715.4
716.2
717.8
720.1
715.9
718
716.1
717.2
716.7
716.7
711.8
707.3
704.1
709.9
708.3
705.3
706.8
709.4
712.9
715.5
709.3
706.5
706.7
709.6
696.7
698.2
693.2
698.8
703.9
696.3
701.9
700.8
697.8
710.5
706.4
705
705.8
702.3
697.8
696.7
688.2
697.6
699.7
692
697.5
698.4
696.9
698.8
696.1
703.1
704.3
700.9
696.1
696
691.1
692.9
700.4
688.2
693.1
686.3
686.1
692.2
689
693.1
697.1
699.2
693.3
694.5
690.8
686.6
682.5
684.5
684.5
682.1
683.3
692.3
691.2
699.4
696.6
700.2
692.9
697.3
697.1
691.8
686.8
686.4
678.3
681.6
684
675.6
681.6
684.6
686.3
690.6
687.9
693.5
696.4
691.2
686.4
686.6
683.5
677.3
683.1
683.2
677.1
689.9
683.3
683.7
687.4
683.1
690.7
683.7
685
687
679.5
674.3
689.3
676.7
683.6
687
679.9
677.9
688.7
688.1
686.5
686.8
686.6
680.6
687.9
674.5
683.1
676.4
674.2
681.4
683.9
680.2
683.3
676.7
688.5
682.8
696.4
685
687.6
679.3
682.8
675.3
673.1
675.1
674.1
674.2
676.3
672.3
679.1
683.4
680.9
678.6
686.3
675.9
682.3
678.6
680.7
674.7
672.3
670.7
672.3
670.7
670.1
679.2
679.6
686.7
675.9
681.8
679.4
682.6
671.9
668.3
673.2
670.1
664.3
665.4
663.5
670.3
674.4
675.7
673.5
680.2
676.9
672.1
672.1
668.7
669.8
666.5
666.2
664.9
666.7
663.6
669.5
673.3
671.3
669.7
671.6
673.5
670.1
671.5
672.3
660.3
664.3
659.4
659
665
662.3
666.1
673.3
676.1
675.5
678.7
672
662
666.3
661.7
657.4
663.6
662.6
652.2
660.3
665.1
670.4
663.4
667.1
674.8
665.3
666.9
664.4
662.6
659.1
666.3
658.5
654
652.5
665.9
657.2
663.6
666.2
672.6
664.8
667.4
664.8
661.7
660.3
656.1
653.5
651.1
655.2
646.2
652.1
652.6
656.2
659.1
666.9
665.5
665
659.9
666
656.7
655.7
652.6
644.3
647.5
644.7
654.5
652.5
646.5
657.7
659.7
659.9
658.7
660.5
652.3
655.5
651.3
651.2
653.9
647.1
647.4
648.3
655.9
648.7
657.8
655.2
661.5
656.3
655.5
647
645
648.2
646.2
644.5
645.8
643.6
639.2
646.3
647.2
653.5
647.6
657.7
651.1
651
646.7
644.3
642.3
638.8
638.5
638.6
639.4
639.6
638.4
640.6
647.2
648.8
648.2
650.8
644.7
647.6
645.7
637
640.4
639.8
641.4
641.8
639.3
639.3
642.4
641.1
647.1
649.4
655.1
654.4
653.3
644.9
640.1
641.7
642.1
641.8
638.4
641.8
645.6
642.3
650.3
640.1
641.1
641
643.2
645.4
642.6
632.4
639.8
628.1
630.5
634.4
637.9
639.6
641.7
642.1
641.8
643.7
643.2
648.4
643.8
643.6
636.1
632.1
639.9
639.1
639.9
633.9
635.2
641.4
635.6
645.7
641.8
648.5
643.6
645.1
639
634.9
641.6
633
633
632.1
630.7
633.5
630.5
638.9
643.1
637.9
640.9
643.6
632.2
634.3
633.2
626
628.7
630
623.9
620.9
629.8
627.7
634.3
630.9
638.6
640.1
640.1
636.2
639.4
640.6
633.4
624.6
625.2
628.7
623.9
620.1
627.1
623.7
626.9
624.8
632.5
636
635
631.6
628.5
626.9
617.1
619.6
625
625.1
622.6
627.1
627.4
630.1
629.7
633.8
633.1
631
629.3
630.3
622.1
625
619.5
620.5
621
623.3
625.2
619.5
634.6
633.8
626.3
630.7
630.6
627.5
626.4
628.9
616.7
623.2
616.4
620.9
617
617.5
625.2
624.7
627.3
625.1
626.9
624.8
618
620.5
618.6
616.4
613.7
611.1
614
626.3
618.1
621
623.5
626.4
626.4
619.4
630.3
622.2
620.1
615.5
615.6
618.2
615
614.6
607.4
613.8
617.2
617.4
617.2
616.8
627.9
626.9
618.3
614.3
617.4
614.9
609.4
609.4
610.4
610.6
615.7
607.5
609.8
612.7
621.2
625.3
624.1
617.6
612.2
613.7
611.4
610
613.7
612.2
612.7
614.6
615.2
613
625.5
621.2
617.8
623.1
607.7
614.3
612.7
610.1
605.1
609.7
607.7
613.5
607.9
618.4
614
617.5
624.1
609.6
616.3
615.3
618.9
608.2
613.2
609.9
610.4
605.2
606.9
608.1
609.4
612.9
620.8
619.8
613.8
616.2
609.5
614.4
604
606.8
604.5
607.2
605.6
608.9
608.8
615.9
616.1
613.2
609.7
614.5
607.3
610.9
608.4
600.1
608.2
595.9
604.9
587.8
602.4
604.8
612.8
612.4
604.7
611.5
611.3
613.2
607.7
602
603.9
601.1
603.9
599
600.7
602.6
605
606.4
604.9
614.5
607.8
603.8
601.2
602.8
600.4
603.4
597.5
601.3
596.4
606.4
605.7
606.8
603.6
600.7
607.7
609.3
616
609.2
603.4
602.6
601.4
599.6
608.2
601.7
600.1
602.5
604.5
608.2
618.5
613.3
609.8
618.9
605.9
597.6
599.4
598.6
600.4
603.2
602.3
598
606.1
601.1
608.6
608.6
609.1
608.7
610.8
596.3
607.6
602.4
602.7
597.2
599.7
594.2
595.6
599.5
597.8
599.1
608.6
608.2
611.4
607.8
609.4
603.6
597.7
596.7
599
602.5
596.2
593.3
599.3
595.7
599.9
595.4
604.8
605.7
598
601.1
601.8
594.4
595.3
595.7
595.5
590
595.9
596.7
594
595.9
602.4
598.8
598
603.3
600.1
597.8
595.3
596.7
592.7
595.3
595.3
595.9
598
600.5
599.9
605.3
600.5
603.7
601.7
592
588.2
585.9
594.3
587.4
588.6
589.9
596.9
590
601
598.6
599.4
604.6
598.5
602.4
594.4
598
596.2
595.9
588.8
587.9
591
586.8
591.2
591.7
596
598.1
597.2
604.5
595.7
592.3
593.2
589.7
585.5
582.3
585.4
590.6
583.1
587
591.9
593.9
598.2
595.3
595.3
598.5
590.5
590.8
588.2
589
592.1
584.4
587.8
588
589.2
592.5
588.9
599.3
590.1
594
597
591
584.8
585.3
591.1
588.7
584.8
580.6
580.4
585.8
586.5
593.6
603.4
597.1
585.5
600.4
592.5
585.7
580.7
593.3
586.4
585.1
583.4
583.6
593.5
590.5
592.4
590
594.3
593.7
590.2
589.9
584.1
583.1
582.6
582.2
582.1
579.7
585.5
581.7
578.6
580.3
587.6
594.3
594.1
597.8
589
584.2
580.9
577.2
583.1
573.8
579.5
579.7
582.3
585.4
591.4
585.7
585.6
582.8
592
587.8
584.4
587.4
585.5
575.8
576.9
581.3
577.4
579.1
589.2
586.8
589.1
590.6
591.7
590.2
593.3
586.1
585
581.6
572.9
576.3
581.1
573.4
577.7
570.2
580.4
588.1
584.1
585.9
589.8
591.8
588.1
583.8
583
574.6
577.9
577.6
573.9
578
582.4
586.4
597.4
590.8
594.5
585.8
585.1
584.4
581.7
574.1
581.8
573.8
576.2
576.5
575.2
581.7
579.8
585.7
581.9
588.5
588.4
590.4
587.3
581.1
577.7
579.1
577.3
573.3
574.1
576.8
577.3
586.2
586.7
586.4
585.8
587.8
585.8
586.6
579.8
572.2
581.7
571
571.3
577.4
572
579.8
582.2
581.1
583.7
583.1
583.5
591.8
579.8
574.9
577.9
571.4
570.8
570.5
577.8
575.1
581.6
577.9
583.3
577.3
586.9
579.8
582.1
582.4
582.5
568.6
573.8
568.1
571.2
580.4
568.9
572.5
578.8
579.5
577.8
589.8
581.7
579.9
580
576.4
576.6
571.2
576.6
569
571.9
570.1
574.4
585.4
575.5
581.3
583.6
585
579.1
577.1
578
580.1
572.1
568.8
575.3
572.9
570.4
572.5
572.3
581
577.7
580.1
577.2
579
576.2
578.6
574.5
573.3
570.9
566.5
571.4
573.2
574.6
571.4
572.4
576.8
577.1
582
577.6
580.2
578.6
568.9
563.9
569.5
563.4
568.2
568.2
570.7
573.3
577.5
575.9
579.5
577.9
577.4
576.5
568.9
568
566.5
565.6
570.4
565.3
571.1
573.9
578.2
571.8
582
580.3
588
572.6
579.5
571.2
571.2
568.6
568.7
568
561.4
575.1
571
570.2
575.9
577.5
581.4
580.7
568.7
567.3
570.8
566.6
557.8
566.6
565.4
567.4
570.4
571.6
575.4
575.7
574.8
583.1
582.9
573.6
577.6
566.3
564.9
571.9
568.3
563.8
566.4
571.2
571.2
568.8
571.2
574
582.6
581.9
577.9
572.2
572.1
569.6
561.1
566.3
567
565.1
570.4
574.8
569.5
569.2
574
582.2
576
577.1
573.9
567.3
569.6
561.8
567.5
563.6
571
567.3
572.6
573.8
573.7
575.3
575.8
581.7
573.8
571.9
577.9
562.3
560
566.9
564.4
568.2
563.1
570.9
569.3
572.7
574.9
571.4
578.3
574.7
576
570.2
564
563.8
566.6
562.5
556.9
563.9
565.8
572
569.5
573.8
570.9
575.8
564.9
563.3
568.8
562.8
561.1
556
558.6
567.8
570.2
567
568.8
569.5
573
575.9
571
569.2
564.1
569
562.6
568.6
558.2
562.8
559.8
563.6
559.9
562.2
572.8
580.9
572.2
573.4
569.4
566.4
566.4
560.5
569.3
561.4
568.6
562.8
570.9
570.9
569.1
576.7
574.2
569
573.9
570.8
564.2
565.8
565.4
559.1
560.3
565
558.8
560
565
567.7
563.7
569.1
573.4
570.3
571.2
566.6
559.9
563.8
555
558.9
558.7
555.6
557.8
565.3
558.5
569.1
574.7
579.5
573.4
569.7
572.6
562.8
566.9
561.7
564.2
563.4
558.8
568.8
571.6
564.9
569
572.7
571.5
573
567.7
579.8
553.4
567.1
558.4
567.4
563.4
561.6
561.8
570.8
563.9
574.3
571.4
569.1
556.3
563.4
576.5
564.4
570.3
558.8
563.9
567
555.6
566.2
566
567.1
574
573
571
566.2
557.1
569.9
558.6
560.1
561.8
565.7
566.2
562.7
564.7
565
559.1
571.7
572.5
576.3
571.9
564.1
568.6
558.8
561
560.9
553.9
559.6
561.3
561.6
567
563
567
563
573.7
571.8
569.8
567.2
564.2
561.5
555.5
564.3
553.6
554.3
561.8
565.7
564.1
559.8
572.8
567.8
568.5
566.5
562.6
560.3
562.4
556.7
561
553.3
553.1
560.4
557.7
569
563.5
562.8
564.4
566.9
569.9
559.3
561.7
554.9
553.1
553
555.9
554.3
550.5
560.8
559.4
566.5
567.5
565.9
566.3
563.2
563.5
561.7
559.8
557.4
559.2
555.6
550.6
555.8
563.7
556.2
564.6
569.5
562.2
569.6
563.3
571.4
561.5
554.7
556.3
557.5
553.3
557.1
556
553.3
564
563
565.6
563.6
568.5
560.8
561.3
551.6
556.6
554.5
558.9
557.1
557.5
553.9
560.2
547.5
562.6
564
561.1
559.7
565.2
557.9
553.7
550
554.7
552.8
562.7
553.2
556
566.1
560.5
564.6
564.7
563.8
562.3
560
558.1
553.2
553.4
551.3
552.3
550.6
555
554.1
558
558.9
564.1
560.8
564.4
561.7
552.8
561.2
553.3
550.7
548.2
552.7
549.8
560.4
549.2
554
567.5
558.5
553.3
555.6
561.8
560.5
555.9
557.4
552.3
551.3
549.7
549.5
551.8
550.8
552.8
560.3
563.3
564.4
564.1
561.5
560.2
556.4
552.1
551.8
551.6
545.1
551
548.3
552.4
556.4
558.1
558.3
557
559.7
556.8
559.3
553.6
554.6
548.2
549.2
550
548.4
544.7
551.8
554.1
559.2
557.1
551.5
560.2
555.3
560.2
556
548.7
551.1
555.5
545.2
549.2
551
551.1
553
553.3
556.5
560.5
557.7
558.7
557.5
555
555.7
551.4
550.1
554.3
548.2
551.2
549.8
547.2
555.1
559.4
560.6
558.4
559.2
560.2
552.8
554.8
554.6
543.2
548.7
551.1
549.2
551.3
552.3
557
562.9
553.8
558.9
554.6
552.8
550.8
554.1
545.7
550.2
548.3
542.8
548.1
542.6
551.9
548.4
556.3
559.3
553.5
558
554.6
550
548.2
556.8
549.4
544.7
552.1
547
544.2
550.8
552.8
557.1
554.5
555.4
556.8
547.6
550.2
557.9
548.7
548.3
543.2
542.8
549.4
551.4
551.6
553.1
557.8
555.7
555
553.8
551.1
543.7
548.7
543.2
542.3
545.7
546.1
553.4
544
545.2
554.8
557
557.1
555.3
552.9
549.8
547.8
545.5
549.2
547.2
544.3
545.1
545
548.5
556.9
556.8
558.7
555
553.8
556.3
555.1
547.2
548.7
548.6
547.4
543.7
546.9
546.2
547.3
549
553
553.1
556.4
546.8
551.8
549
554.8
551
542.9
546.9
548.5
542.7
542.4
545.9
543.2
547.2
555.1
556.5
556.3
557.3
548
546.6
548.4
538.1
541.9
537.9
546.3
548
543.3
550.1
546.9
544.9
551.5
552.5
546.7
553.3
551.9
547
537.3
545
540.9
546.1
534.7
543.4
546.7
543.1
552.4
551
544.6
554.1
545.1
540.2
544.3
541.8
543.2
542.9
541.5
539.4
540.4
547.8
555.8
549.4
551.3
546.2
551.2
548.8
546.2
535.1
539.9
538.7
543.9
531.7
537.7
550.8
545.6
545.4
552
542.6
551.1
551.2
546.1
542.4
536
543.1
549.2
536.5
540.9
537
543.6
545
552.1
552.5
547.1
554
545.4
539.4
541.9
540.9
540.6
536.4
540.1
540
534.7
545.5
543.2
543
548.5
551.5
555.8
545.2
537.1
539.2
537.3
536.8
541.4
535
540.8
537.7
545.5
544.9
538.7
546.1
550.8
545.1
544.4
551.7
541.3
544.1
540.4
542.3
541.2
539
540.5
545.4
546.7
540.8
551.7
548.1
546.4
536.9
545.8
543.9
537.4
537.6
541.7
535.2
535.5
538.4
544.9
544.4
545.6
546.7
547.7
545.7
546.6
541.9
536.8
538.9
545.7
540.7
538.1
534.4
539.6
545.4
538.9
543.9
547.2
546.7
545.2
540.6
539.1
532.8
541.4
542
538.7
536.4
537.7
536.2
538.6
548
544.5
546.5
546.4
547.1
542.6
540.9
539.4
532.3
534.6
532
541.2
536.9
532.1
536.6
544.9
539.6
551.5
545
544.1
539.5
543.1
537.6
537.8
534.7
538.9
528.9
537.6
537.9
536.1
540.5
545.9
545.2
548.9
541.3
541.8
540.1
539.1
536.9
532.6
531.7
534
533.4
533.6
537
541.6
543.4
544.6
545.1
539.1
543.4
536.5
532.5
534.8
536.2
533.1
531.5
528.1
534.6
534.6
541.8
546.6
544.8
542.3
547.8
539.7
539
536.6
532.9
534.4
531.5
537.2
535.1
534.2
539.3
540.3
543.2
543.9
542
546.2
538.9
541.6
537.7
538.1
538
533.9
540.1
531.1
534.7
534.6
540
542
542.4
542.2
536.9
535.6
533.4
533.5
532.6
535.6
537.1
531.3
533
537.5
537.9
547.2
535.1
545.2
541.5
535.6
530.7
526
526.6
531.1
530.2
526.5
532.2
537.9
534.1
543
547.4
547
540.7
540.8
543.6
543.2
534.6
534.1
529.7
527.2
533.7
534.6
539.1
537.9
545.1
540.3
541.6
546.3
546.5
541.8
537.3
538
536.3
530.9
535
537
540.8
538.3
539.8
545.6
538.7
542.4
541.8
538.6
537.9
535.8
533.3
527.9
532.7
531.5
536
536.3
545.1
543.7
544.4
537.7
543.8
537
537.7
539.8
534.3
541.7
533.3
530.8
537.6
538.3
544
546.1
543
543.6
544.4
536.5
546.1
536.6
534.3
530.4
525.5
525
534.4
523.7
530.2
529.7
535.1
528.4
538.4
528.3
536.4
534.3
537.6
533.6
532.8
534.6
526.4
533.5
525.6
521.3
537
526.9
539.6
536.9
533.6
535.6
536.7
535.4
527.5
530.2
525.5
528.8
529.7
523.8
537.3
535.6
531.8
538.2
534.6
532.4
535.1
533.9
531.9
530.9
532.3
528.9
530.1
528
531.2
531.8
535.5
538.6
541.7
541.1
534.9
528.5
535.3
531.3
531.7
527.6
524.8
534.8
526.8
536.5
534.1
541.2
537.9
537.7
540.8
544
533.9
536.8
538.1
534.8
532.8
534.4
535.1
532.3
538.5
540.8
544.8
545.6
542.1
542.6
546.7
540.5
548.6
533
529.2
529.1
528.6
533.3
530.4
534.1
539.2
541.3
538.2
545.2
539
540.8
533.3
529.4
537.4
532.7
535.3
527.9
531.3
532.5
535.6
534.7
539.9
547.6
536.6
538.5
532.7
531.9
529.9
541.3
528
535.3
530.1
526.6
528.7
539.8
532.6
542
540.3
543
539.5
532.1
537.8
530.7
534.7
520.9
535.2
529.6
531.8
530.2
537.6
534.8
540
548.8
539.6
539.2
536.6
537.3
527.6
531.6
526.8
530.1
527.6
534.7
540.7
542.2
537.2
535.6
537.8
534.6
532.7
539.6
538.6
533.9
532.6
531.3
530
527.4
534.9
535.8
526.9
536.1
540.1
536
538.9
535
529.6
530.9
531.8
532.9
530.6
524.5
533.1
534.6
533.8
533.5
532.7
534.3
536.2
533
534.6
527.6
534.6
537.4
532.2
527.3
524
528.9
527.8
528
536.5
537.8
541.4
533.5
536.7
534.7
528.9
528.3
531.5
532.6
527.6
530.1
535
528.4
534.6
536.3
536.4
536
539.5
533.3
534.1
538.9
532
535.6
525.6
524.1
522
524.3
526.8
527.6
537.7
545.5
532.8
536.7
534.6
532.9
528.6
529.9
527.4
533.1
527.1
523.7
527.8
527.5
532.8
528.8
534.6
537.3
542.4
540.6
530.6
546
528.2
525.4
531.5
521.6
528.7
526.6
530.9
530.8
544.8
536.4
540.3
537.1
535.1
533.1
535.1
530.1
528.8
523.6
525.4
523.9
526.4
527.8
533.1
540.1
537.2
529.9
536.9
539.3
538.3
533.2
529.7
528.9
527.6
522.7
522.2
523.4
526.6
530.6
528.2
530.3
537.9
534.2
534.1
531.5
534.9
533.8
532.3
526.2
526.3
529.8
529.8
534.1
525.4
531.5
525.8
530.3
535.8
535.8
530.6
530.8
533
524.5
520.4
526.1
526.3
523.8
524.1
533.5
535
540.9
542.1
540.7
532.3
533.7
529.7
522.4
528.6
530
531.8
524.9
517.2
527.4
530.5
526.6
531.9
540.6
539
538.3
534.2
527.1
528.1
529.7
524.4
520
523.7
526.6
528.5
523.4
525
539.3
534.6
540
541.6
535.7
534.6
534
535
517.4
524.9
519.8
528.1
531.6
530.6
529.3
533.4
538.9
531.6
536.5
535.4
534.7
525.7
526.6
522.7
520.4
525.2
526.4
522.7
523.7
530.3
534.8
527.9
532.6
532.8
529.8
530.3
530.7
526.6
522.2
520.9
526.3
518.1
526.1
526.6
522.4
534.6
530.3
531.2
538.2
529.9
524.4
531.3
523.1
527
524.8
525.8
521.9
523.1
527.8
534
530.2
533.7
529.8
538.1
525
524.9
525.6
530
524.9
523.9
524.5
522.8
527.4
534.9
528.8
526.4
530.9
532.8
527.2
528.7
523
528.6
527.1
520
518.1
526.9
523.4
528.3
532.3
529.7
528.6
533.5
536
535.8
530.4
529
521.2
527.1
527.9
516.4
518.3
513.9
523.2
530.1
530.6
536.6
539.1
530.6
534
533.1
525.9
523.6
527.1
518.9
523.5
520.9
524.4
523.4
535.3
531.2
531.4
532
537.8
530.1
529.1
529.2
527.6
521.7
521.1
521
523.9
522.8
531.8
521.8
526.6
528.7
531.6
528.1
530.1
525.1
523.4
526.1
520.6
521.2
522.9
517.7
521.5
529.8
525.7
528
534.7
535.4
531.7
525.7
530.4
520.9
522.5
517.1
517.7
519.2
519.9
516.9
522.1
533.7
527.1
531.3
531.3
531.1
531.6
525.4
522.8
522.4
517.6
518.9
521.2
515.6
521.7
522.4
525.8
521.2
529.9
531.8
523.2
521.9
526.8
516.8
519
518.1
518.7
524.6
515.6
520.5
522.2
528.3
530
533.6
530.3
525.3
527.2
527.4
523
517.6
514.1
511.6
519
523.5
521.5
524.4
524.3
523.2
531.5
537.2
531.5
521.5
520.5
515.8
510.8
525.1
514.7
516.3
521.5
519.1
518.7
525.6
531.1
529.6
526.6
528.5
523.9
522.8
521.4
520.5
513.3
518.3
523.2
518
520.6
526.8
525.3
526.6
522.8
530.1
527.2
528.2
528.5
517.8
521.4
524.7
518.8
527.6
515.2
518.1
527.4
527.8
528.8
525.6
529.1
525.8
531.9
522
517.1
517.3
515
518.7
519.2
524.1
524.3
519.5
528.2
527.1
521.9
528
526
532.3
519.2
523.4
517.6
520
522.5
513
514.2
520.7
520.4
525.9
525.6
526.6
521.2
524.9
524.4
517
521.5
514.1
518.8
516.6
515.4
516.5
520.4
528.9
528.1
525.8
525.8
525.4
524.9
519.8
520.4
515.4
513
516.9
523.4
521.9
518.5
529.5
530.9
527.8
528.7
528
525.9
519.8
521.7
518.2
517.5
514.5
510.7
514.8
518.9
515.6
525.6
522.1
526.5
528
520.1
523.3
525.9
525.7
519
512.9
516.8
514.5
518.8
520.7
519.7
526
527.4
523.7
523.8
527.7
520
523.2
519.3
515.1
517.6
508.8
510.6
518.7
522.6
525.9
525
529.2
529.4
524.4
523.2
528.9
518
510.6
519.5
516.9
508.8
516.3
523.7
516.6
520.6
525.5
522.1
534.3
531.8
522.7
517.8
519.4
519.2
521
516.6
513.1
515.4
511.1
523.4
518.5
525.3
526.7
527.6
524.2
521.5
526
521.9
512
516.1
514.8
512.4
513.9
521
515.1
523.9
524
530.5
531.3
524.1
520.3
517.6
520.2
519.2
517.5
513.4
512.7
513.6
516.4
521.4
524.8
524.4
524.9
523.2
525.2
527.6
528.1
522.7
520.6
522.9
520.7
512.9
503
512.3
521.2
517.8
518.8
524.1
528.8
525.6
528.4
516.8
522.1
517
521.9
517.3
514.6
511.4
511.5
520.1
520.2
529.3
524.9
527.7
522.6
522.3
523.8
524.2
517
517.8
518.7
514
518.3
517.3
520.4
521.3
530
521.9
528.8
524.1
519.5
518.5
516.3
515.9
519.7
516.9
521.1
518.7
508.8
519
518.3
523.9
521.7
526.1
523.4
520.9
519.6
516.4
514.6
518.5
511.5
517.4
513.9
520.6
518.9
518
522.2
529.5
531.7
526.7
518.8
521.6
530.9
521.1
520.8
513.2
523.2
512.8
518
522
523.7
526.8
527.7
525.6
523.3
524.4
524.9
521.7
519.8
521.2
518.8
507
518.6
517.2
516.2
524.2
531.9
524.3
528.7
526.8
528.6
522.4
512.4
511.3
508.7
510.5
511
508.7
520
518.9
521.9
525.7
526.8
524.6
530.7
529.1
519.5
516.4
523.5
516.2
518.5
518.3
515.1
519.8
524
534
524.8
526.7
529.5
522.2
527.1
523
523.2
515.8
514.2
517.3
512.5
517.1
517.2
518
514.6
523
532.6
529.6
533.1
523.1
525
516.3
519.7
520.3
517
519.6
519.1
516.4
517.9
523.4
521.4
537.2
529.5
526.7
520.3
520.4
521.1
518.9
516
516
517.5
515.9
519.8
521
522.5
531.6
528.6
526.8
521.6
524.3
517.4
516.7
517.3
518.1
520.9
512.6
518
518
516.9
519.1
526.8
524.3
521.7
522
520.7
516.1
518.4
514.5
512
513.7
514.7
517.9
520.6
516.7
516.8
519.1
519.3
518.6
525.5
517.3
508.7
513
514
515.7
515
516.7
523.2
525.5
524.3
524
526.9
528.8
515.9
525.5
517.8
527.3
513
514.5
517.5
523.3
511.4
515.7
519.6
518.1
513.6
518.8
528.2
517.1
522.8
518.7
514.4
520.3
508.8
507.2
511
509.4
509.7
513.2
517.8
524.4
516.7
527.7
521.2
515.9
514.4
517.8
513.9
515.4
507.9
509.8
511.5
506.1
519.5
521.3
526.1
521.5
515.9
520.6
523
519.5
518.2
509.4
517.2
516.9
520.8
512.8
518.4
519.7
519.1
523.4
525.9
521.2
516.2
520.7
515.7
520.8
512.3
517.7
515.1
513.4
515
519.1
526.7
504.9
524.9
528.1
528.8
527.3
515.6
519.8
515.1
519
513.3
516.4
514.2
509
515.1
518.9
518.4
516.7
522.4
521.9
520.2
527.5
521.3
516.7
515
513.8
512
519.8
516.9
518.3
521.5
518.6
516.4
521.9
526
523.1
518.9
518.9
514.3
513
514.9
510.8
515.9
512.8
518
519.1
522.6
523.8
521.6
525
528
520.9
516.2
516.4
517.4
510.8
506.6
519
515.4
510.7
514.1
518.2
521
524.5
524.3
521.1
514.1
520.6
519.6
514.2
514.5
515.8
511.6
510.5
511.8
522.7
532.6
521.5
528
524.8
522.3
522.5
509
514.7
513.9
513.2
511.5
514.7
523.7
516.9
519.1
519.2
520.6
523.1
527.7
523.8
512.8
518
513.3
511.5
513
506.7
513.2
514.5
511.8
514
520.1
526.5
523.2
524.5
519.7
522.8
514.5
521.3
511.9
517.8
516.4
516.9
512.4
516.7
512.1
515.2
523.3
520.5
526.2
520.1
524.3
513.5
505.6
517
512.9
511.8
512.9
512.9
513
521.3
518.3
517.7
519.4
521.1
522.3
519.4
513.4
517.2
519.1
506.8
511.7
510.9
513.6
530
521.1
519.5
518.2
522.8
519.1
524.2
522.3
513.7
512.7
518
513
507.6
515.2
515
509.8
518.4
524.1
521.3
525.5
519.8
523
515
514.5
511.2
514
511.6
512
510.6
512.3
517.4
519.8
522.5
523
522.4
524.7
517.8
516.9
511.8
508.8
512.1
510.9
510.4
512.3
513.3
517.1
513.4
520.7
523.8
525.9
524
511.3
512.4
518.6
511.8
514.9
512.4
504.3
517.9
516.3
519.6
517.2
531.9
528.2
523.8
519.5
518.9
522.5
519.2
511.9
507.6
505.5
515.7
508.5
517.8
511.6
517.6
515.8
519.5
522.8
518.3
520.6
516.9
515.3
513.2
510.4
515.5
514.4
510.9
509.6
513
516.2
517.3
521.1
521.4
521.6
520.8
514.6
518.6
514.5
516.1
514.5
511.3
510.7
513.8
518.5
516.4
519
518.6
523.6
525.3
519.8
517.9
511.3
509.6
509.1
507.9
515
508.5
512.4
516.2
519.1
524.1
518.6
534.4
511.1
515.1
510.1
518.1
506.9
509.4
509.6
507.8
510
511.4
507.5
515
526.9
526.7
525
518.7
514.7
519.1
520
510.9
508.4
509.6
517.7
513.2
509.4
523.3
516.2
516.7
524.4
519.7
514.3
519.1
515.4
514.3
510.4
506.7
510.6
510.5
514.4
515.9
514.7
513.9
520.8
519
519.2
519.7
518.6
515.9
511.9
516.8
504.4
511.2
510.6
509.1
513.3
515.7
514.6
519.9
520.8
521.8
520
518.2
514.4
509.1
507.9
508.4
508.4
508.3
512.1
511.5
514.8
508.9
523.7
512
519.6
519.6
515
515
516.5
508.1
507.5
509.3
518.9
511
513.1
513.9
518.9
521.4
522.7
520.4
516.2
518.4
516.2
512
509.2
509.8
513.2
514
513.3
509.6
517.3
517.9
512.8
516.9
516.4
519.9
514.7
517.9
509.1
515.8
512
510.4
512.3
506
512.7
517.6
514.9
522
516.9
519.2
513.5
513.3
508.8
510.3
508
510.7
514.4
509.6
513.9
514.4
514.8
523.2
521.3
523.7
521.1
512.5
515.5
508.6
517.2
507.8
513.5
508.2
513.7
510.3
514.8
511.3
523.4
520.5
511.1
518.8
518
515.4
511.8
512
509.4
507.4
509.7
510.1
505.6
515.2
516.9
516.3
524.5
519.8
520.7
510.3
517.3
514.8
509.1
507.1
505
511
511.3
512.1
517.1
523.3
518.3
520.7
522.7
515.9
517.6
511.4
513.1
508.2
508.7
513.9
509.4
506.5
512.4
518.1
516.2
521.3
516.2
525.5
522
508.1
512
512.8
509.6
511.6
506
507
512.3
508.4
515.1
515.8
523.3
522.2
516.3
519.8
509.6
507
505.3
509.4
506.8
510.4
516.4
515.2
514.3
519.4
515.4
520.8
521.2
517.9
508.9
507.6
507.8
509.6
507
507.4
506.4
511.6
514.2
515.6
516.4
514.3
520.8
529.5
518.2
517.2
514.3
519
501.9
513
512.5
513
515.7
513
512.6
516.3
520
518.9
527.4
514.9
518.9
512.4
519.7
514.5
507.5
508.7
506.6
503.8
506.4
519.1
522.8
519.7
518.1
514.2
519.3
510.6
514.3
512.8
512.8
504.9
509.4
510.8
509.4
510.3
510.9
519.4
512.3
518.2
519.1
522.8
508.7
509.5
510.6
507.4
504.9
501.4
511.3
504.9
509.8
515.2
518.3
516.7
521.3
516.1
522.5
519.1
514.2
510.9
508.6
508.7
511.8
511
512.9
509.5
514
516.5
520
526.2
518.4
520.2
517.3
516.4
509
508.8
502.5
502.2
501
505.6
511.4
515.9
515.3
514.7
519.9
517.9
516.7
519.7
510.4
509.4
511.1
504.6
513.2
510.6
512.8
514
511.5
518.8
514.5
517.6
519.2
516.7
517.6
514
506.8
507.4
507.5
508.2
511.7
505.5
514.5
520.6
515.8
526.2
519.6
520.3
516.8
515.7
519
511.1
510.6
506.7
505.5
511.7
505.8
510.6
513.4
515.9
517.2
525
515.4
516.2
516.9
507.5
513.7
511.3
503.9
510.8
512.1
513
513
514.6
513.5
518.8
518.5
519.2
511
514.1
509.6
509.6
512.8
513.5
507.6
502.4
508.5
522.7
514.8
513
512
517.4
522.9
516.2
510.6
513.6
503.3
509.1
509.6
513.4
512
502.6
509.1
521.3
513.5
519.6
520.3
522.1
514.6
510.8
512.9
505.8
520.6
515
505.6
507.9
510.3
516.2
507.8
514.9
519.5
515
514.9
509.5
516.2
511.1
507.7
509.9
509
509.2
511.4
513.3
509.4
518.3
520.3
520.9
515.5
517.7
515.4
517.3
511.3
507.8
509.9
505.8
509.2
507.6
510.6
520.3
515.8
516.7
522.1
515.2
517.6
520.7
512.2
516.9
514.1
505.8
509.7
506.7
512.8
514.6
523.4
521.4
522.5
524.5
523.5
522.9
516.6
513.8
520.1
508.9
504.6
511.3
506.6
521.1
509.5
516.3
519.3
519.8
518.1
517.3
523
516.2
511.6
512.5
524.4
513.3
510.2
512.1
516.1
511.8
518.8
520.8
520.9
520.9
521.2
515.3
513.3
513.4
510.1
511.2
507.7
509.9
509.4
517.4
508.9
519.6
519.6
512.8
523
522.4
521.1
517
512.5
517.1
508.7
521.2
507.4
509.1
512.8
513.7
510.2
520.9
514.6
501.6
510.9
507.7
507.3
516.3
506.9
506.1
505
503
501.2
512.1
509.2
509.6
511.2
517
516.2
509
518.8
516.8
510.5
509.3
509.3
506.1
498.6
501.1
508.8
513.7
511
512.7
518.2
514.9
515.5
515.8
508.8
514
509
506.3
509.1
503.8
504.9
505
512.8
512.2
516.7
517.9
516.3
515.9
510.4
508.8
505.3
505.8
510.7
509
505.8
506.3
502.5
513.4
508.8
516.1
513.9
514.8
515.1
513.5
509.7
507.7
511
502.9
505.4
511.9
506.4
511.2
510
513.9
518.4
516.3
519.9
509.3
513.4
510.7
507.9
505.2
505.3
508.5
504.8
508.3
501.1
511.7
516.2
513.2
517.9
513
521.5
507.3
510
508.6
511.9
508.3
505.5
503.8
504.4
507.1
505.9
519.2
520.2
512.3
517.1
503.4
508.9
507.1
507.5
504.9
504
502.1
499.6
509
508.3
513.6
516.8
514.4
520.2
516.2
519.1
521.2
508.8
514.6
505.5
502
506.8
508.8
513.7
510.6
514.5
516.3
517.3
521
520.4
516.2
511.9
511.2
504.7
512.9
507.8
503.8
507.7
514.8
510
519.7
518.6
521.4
521.2
519.7
517.5
517.2
509.4
510.4
509.3
510.8
508.6
510.8
510.2
510.8
513.9
515.8
514.3
510.7
512.5
512.6
506.9
505.7
504.6
503.2
502.2
504.1
501.4
509.3
511.5
518.1
515.8
508
516.6
508.6
502.1
503.6
511
503.6
509.3
505.8
503.9
503.5
510.9
512
517.9
509.7
509.2
516.4
510.6
517.5
511.7
500.9
510.6
503.5
510.8
505.5
505.5
509.2
507.6
509.6
515.3
509.1
518.7
506.7
513.4
508.9
504.6
506.5
501.2
505.5
506.5
510.6
511
513.1
510.8
507.7
511.8
512.3
514.9
511.4
509.3
502.6
504.6
509.9
508.9
502
509.3
511.3
510.9
508.8
514.4
514.7
510.9
513.5
515.7
512.7
507.4
507.4
503.5
507.6
507.6
504.4
506.1
505.2
512.5
511.7
523.1
520.5
505.1
516.9
515.9
506.4
512.5
506
504.1
502.1
502.2
507.1
510.1
511.6
514.4
518
513
514.7
511.9
532.3
509.7
500.9
508.5
511
502.8
505.5
508.4
514
514.5
513.4
512.4
518.4
517.4
515.6
515.6
512.2
513.4
509
499.3
509.6
508.4
510.4
519.3
515.3
505.9
512.6
518.3
515.7
515.5
510.7
514.6
509.6
507
508.3
505.9
502.1
505.6
508.1
517.6
511.9
517.3
515.1
517.3
510.3
512
515.4
509.6
505.1
508.6
507.2
510.3
507.8
510.6
512
514.8
512.4
517.1
516.7
511.8
513.6
515.2
510.5
508.9
509
510.1
501.9
503.6
503.1
516.5
513.1
510.7
516.1
518.7
522.2
516.8
515.5
512
508.4
506.2
505.6
501.5
502.7
507.1
512.6
513.2
511.3
513.7
521
516.1
513.2
506
509.1
505
509.4
504.3
506
505.3
510.8
512.7
513.2
517.8
513.9
519.4
520.3
516.7
511.8
511.1
503.8
512
510.8
504.9
510.3
510.8
514.4
515.2
517.6
525.4
517.6
518.4
517.2
511.2
513.7
505.4
510.7
510.4
506.1
508.9
505.2
512.9
512.7
521.2
511.7
513.1
519.2
515.8
514.2
513.9
507.8
508.2
509.1
511.3
511.8
507.9
509.6
511.4
508.4
512.1
512
511.4
510.1
508.4
508.8
507.1
507.9
508.9
509.3
509.2
507.5
512
506.1
504
518.2
512.3
509.4
516.4
510.6
508.8
500.2
510.9
513.4
502.2
505.1
504
511
512.1
506.8
520
509.4
515.9
518.5
513
508.4
503.6
511
507.2
502.6
502.2
504.9
503.4
508
511.5
509.6
509
511
505.8
511
504.6
502.4
499.8
503.2
499.5
498
507.6
499.3
508.8
514.9
511.5
512
512.7
516.9
514.9
509.4
509.5
503.4
501.7
494.2
502.9
507.9
509.5
499.4
510.3
511.3
510.3
509.8
511
510.9
513.2
503.7
504.1
496.1
508.8
505.4
508.6
501.2
505.4
513.9
518.8
517
519.6
513.1
511
507.6
504.3
502.6
506.9
503.3
502.4
502.3
513.5
508.2
506.1
512.9
516
515
510.6
510.6
508.6
503.8
502.4
500.5
499.9
504.1
505.2
510.2
507.7
505.6
512.1
514.1
512.8
509.4
511.8
507.6
510.9
504.4
504.5
503.3
501
506.2
503.4
506.7
507.3
508.8
512.5
515.6
511.7
511.9
506.8
508.3
504.9
503.5
501.9
501
506.2
509.3
510.2
505.7
510
513.4
512
512.1
508.5
508.2
505.5
502.7
506.1
507.7
507.2
505.6
505.7
502.5
513
507.7
515.7
509.4
513.7
515.5
508
508.1
504.1
502.6
500.5
502.6
506.2
505.9
508.4
510.8
502.9
511.3
512.6
507.5
508.4
499.3
505
504.1
500.2
499.5
503.6
506
506.2
507.9
515.6
516.9
515.4
516.2
510.1
511.3
509.8
509.5
503.1
499.9
506.6
508.2
501.7
507
511.6
510.8
521
512.4
515.2
514.4
505.7
505.5
506.5
504.3
505
510.8
501.6
510.1
509.8
511.3
510.1
514.6
512.5
518.4
514.5
508.7
512.5
507.6
503
508.6
500.4
504.2
497.4
504.9
508.6
511.5
510
516.2
517
510.8
508.4
507.4
509.1
510
506.5
507.7
507.7
504.8
508.7
514.6
513.5
513.9
516.3
519.6
515.8
507.6
502.5
502.2
510
506.3
503.6
501.2
508.2
508.9
512.5
517.2
510.8
514.9
520.2
514
508.8
507.9
510.9
504.1
507.6
507.4
509.1
514.4
513.5
511.7
507.4
512.3
516.6
512
510.8
507.9
509.6
507.1
504.5
506.2
500.5
517
512.5
512.2
510.8
510.1
515.5
511.6
516.2
513.2
513.4
511.5
510
505.7
508.1
510.7
515.7
505.8
509.7
515
515.5
513.5
518.9
518.6
514.4
513
511.7
512.5
504.8
506.2
506.1
510.6
513.1
508
521.9
516.6
525.8
519.7
518.8
517.2
513.4
506.7
509.2
506.1
506.4
512.5
510.7
513.4
517.4
513.4
518.2
520
520
518
523.4
514.4
516.4
515.8
511
505.4
508.9
508.6
507.2
510.2
517.7
510.5
518.8
523.4
506.8
515.4
514.4
518.8
507.2
505.3
509.6
508.6
510.5
515.2
508.5
516.8
518.2
516.3
518.4
521.6
513.3
517
512.8
509.8
506.3
513
508.9
510.8
508.1
508.6
522.7
509.7
519.2
517.1
519.4
517.6
510.7
508
510.4
508.9
512.7
507.1
506.4
512.2
513
518.2
514.6
524.3
519.6
515.9
516.7
515.1
508.3
505.3
511.7
499.9
506.7
510.6
513
517.6
518
522
521.3
516.9
514.9
518.5
517.7
510.5
506
510.6
510.3
509.1
512.3
514.9
515.5
518.4
523.5
524.3
522.5
520
515.9
516.1
516.2
509.2
511
510.9
502.6
508.2
508.1
517.6
515.1
514.7
519.8
515.9
520.2
515.8
512.9
515.1
515.6
511.5
507.4
513.8
516.6
506.9
517.4
519
525.1
517.3
518.8
514.8
515.6
513.1
512.7
518.4
506.4
509.4
511.3
509
513.4
513.3
517.5
519.3
523
513
519.1
517.1
510.3
507.7
506.4
509.5
504.8
511.8
515.8
507.5
511
513.4
510.1
520
523.9
514.2
513.1
510.8
505.7
512.3
504.2
509.6
516.6
509.8
506.5
513.4
515.6
522.6
518.6
520.3
518.5
517.8
515.3
512.7
511.8
507.2
513.3
510.4
506.8
517.6
510.2
521.7
518.5
521.4
522.5
516.4
516.1
516.6
512.5
513.5
511.2
507.1
512.6
512.2
515.2
512
514.1
516.3
518.7
517.4
521.5
519.7
518.5
517.1
513.1
510.6
508.1
507.7
521.7
513.9
511.8
512
523
520.3
521.3
520.8
514.9
520.3
518.8
511
505.3
505.2
509
512.5
512.9
509.3
521.1
511.3
518.3
516.6
512.6
515.3
504.8
513.9
509.8
515.9
512.5
506.7
519
514.3
512.9
513.8
523.3
517.2
522
525.1
521.1
518.8
506.5
514.4
509.9
515.1
512
516.1
517.1
517.6
513.5
520.1
520.8
529.3
519.5
520.3
520.5
513.9
520.1
512.9
521.4
511.8
514.7
506.1
507.7
519.3
516.8
520.3
