941.2
946.8
949.1
941.7
946
952.8
954.2
959.6
960.4
966.7
957.5
954.2
945
948.2
950.5
950.4
944.5
947.3
953.9
951.2
951.4
960.1
958
960.1
969
957.2
954.6
946.8
954.9
943.1
943.1
944.4
942.4
950.3
953.8
953.8
952.9
952.1
965.3
958.9
948
941.8
943.1
945.2
938
939.2
943.5
935.3
948.5
944.1
951.4
954.9
945.9
953.6
947.8
948
943.4
940.1
937.4
937.9
939.5
936
938.6
931.8
945.2
936.3
946.7
953.1
942.4
944.4
938.7
934.3
924.9
938.1
945.8
939.2
947.4
938.6
938.8
940
941.2
940.4
950.9
950
948.5
954.3
944.6
930.9
938.3
938.8
933.1
933.7
938.4
932.6
936.7
943.2
941.7
944.6
948.5
943.9
943.8
943.1
934.9
936
934.2
931.3
929.3
932.9
927.3
934.9
936.8
942
938
938.4
941.5
939
930.9
929.3
930
924.2
921.2
921.2
919.8
926.7
926.5
938.3
929.4
928.3
940.5
937.9
936.2
924.9
923.6
922.5
921.5
919.6
921.2
920.3
919.7
921
928.9
929.7
928.6
925.6
928.9
924.8
915.9
917.7
915.1
915.5
917.3
903.3
908.9
913.5
914.2
913.7
920.7
921.2
916.8
921.7
917.5
914.9
914.1
910.8
913.6
906.5
912.4
909
908.7
912.7
914.7
914.2
918.5
916.4
912.6
913.9
904.8
907.9
896
906.8
903.4
895.7
899
904.6
910.5
910.5
909.1
910.2
911.3
905.4
897.7
900.8
894.5
888.6
897.1
903.8
900.2
899.3
902.2
901.6
907.8
899.6
895.8
905.5
902.3
895.7
892.7
895.9
896.5
887.2
895.4
898.7
895.4
894.2
904.8
896.4
896.8
903.9
900.5
898.6
893.1
895.3
893.7
885.3
894.5
894.2
893.1
889.6
899.3
897.8
895
903
896.8
898.8
902.7
891
889.5
892.7
883.7
879.8
887.5
883.2
888.2
888.5
891.2
879.8
893.6
891.7
887
889.9
897.1
880.5
879
876.2
881.5
874.6
877.2
879.7
887.3
885.2
884.8
884.3
885
884.1
887.8
883.3
883
872.9
870.7
878.2
868.1
863.5
871.1
867
874.6
873.6
876.8
880
878.1
873.9
867.5
866
869
865.3
864.6
864.4
862.5
854.1
863.4
865.4
863.4
868.9
865.6
877.2
872.4
863.6
866.2
860.3
858.4
859.1
856.4
861.5
856.9
857.2
859.2
865.1
865.5
868.5
863
860.2
862.7
861.6
854.5
856.1
855.7
854.8
851.1
850.3
857.1
855.9
851.1
851.4
858.9
863.4
860.9
857.2
859.6
857.9
853.4
848.9
852.5
844.6
846.1
848.6
853.2
857.3
860.6
856.5
855.6
853.4
854.7
859.7
848.3
848.4
837.6
839.8
843.5
843.7
843
844
844.8
848.6
850
850.4
852.8
836.9
840
841.6
832.9
837
833.5
825.9
831
833.5
840.4
838.4
844.8
850.6
844
855.9
848.2
840.5
841.4
838.5
838.8
836.6
828
838.4
837
839.4
844.9
845
849.6
841.2
842.4
836.1
832.9
835.4
834.9
834.9
833.2
828.2
835.1
833.9
829.1
837.4
837.2
834.7
843.9
837.5
834.6
828.6
828.9
830.2
823.5
830.6
823.9
826.9
825.3
821.3
834
821.6
833.5
830.1
826.8
828.4
827.5
821.1
824.1
815
817.9
822.3
818.3
822
830.3
826
830
830.1
830.2
831.5
827.1
820.8
817.2
809.9
809.5
805.6
812.2
812.1
813.8
816.4
816.5
823.3
814
816.9
817.1
816.1
820.4
811.8
804.6
810.8
813.2
807.9
805.1
811.7
810.6
812.3
814.4
815.1
818.5
815
809.8
812
810.2
801.6
809.2
800.5
801.4
806
801
808.2
808.8
817.8
810.4
810.9
809.3
813.3
812.9
803.5
805.6
805.6
800.2
804.4
804.8
799.2
805.4
790.6
814.7
812.6
805.4
800
804.8
799.9
801.4
795.9
792.3
791.7
790.7
795.4
798.8
795.6
794.8
810
798.1
802
800.6
804.2
798.1
795.9
790.2
789.4
785
785.2
786.3
786.3
786.3
790.1
800
797.3
795.5
793.6
788.9
795.6
790
781.2
785.4
782.9
787.3
780.6
771.6
785.8
788.6
784.2
793.1
791.9
791.9
785.8
792.9
784.1
789.5
782.2
781.6
778
776.5
782.5
788.7
781.6
786.4
789.5
795.9
795.8
789.7
782.5
778.3
775.1
783.7
776.1
781.1
768.9
772.6
784.4
780.2
779.7
788.4
782.6
781.5
780.2
783.3
782.9
783
780.9
783.2
778.4
775.4
780.8
775.4
778.4
781.3
782.6
791.6
786.5
778.2
783.5
774.9
771.2
776.3
777.9
767.4
774.3
775.6
790.9
773.9
778.8
783.8
780.8
779.8
778.7
777.8
770.9
773.2
770.2
765.1
762.3
767
768.1
767.4
770.5
776.4
779
773.4
777.8
774.1
773.6
768.9
761.1
766.6
764.9
766.2
762.5
761.4
761.3
765.9
771.1
777.4
772
770
770.7
767.8
762.2
763.3
758.5
762.1
753.2
754.2
758.4
765.4
773.8
765.7
772
766.8
765.7
763.3
765.6
758.9
758.9
755.9
755
756.8
759.8
759.8
760
762
761.9
766
762.1
766.3
760.5
759.3
757.4
747.3
752.2
751.4
744.7
753.3
755.9
754.3
755
762.1
760.2
759.7
759.7
751.5
753.6
748.7
747.4
752.8
743.8
739.7
748.9
746.3
754.6
754.9
755.4
760.2
758.6
761
758.6
750.7
745.4
744.4
744.4
739.1
743.3
744
748.4
750
747.6
751.5
754.7
751.6
758.5
754.9
742.4
745.3
744.6
743.7
742.7
744
745.5
741.6
746.2
750.4
748.9
751.5
748.8
749.3
745.9
743.9
740.7
735.9
736.5
737.5
738.8
739
736.6
745
744.5
742.3
747.3
747.4
744.7
746.2
737.7
735.8
736.7
729.9
737.6
725.5
731.1
735.6
739.9
745.6
742.6
742.5
744.1
739.3
746.9
736.1
732.4
732.2
728.9
733.1
734.5
731.6
731.9
738
741.5
741.2
741.4
735.3
738.8
736.7
728
726.8
727.6
722.9
729.5
726.1
724.8
737.9
734.1
733
746.7
734.4
740.1
741.2
737.5
734.8
729.9
727.2
727.6
725.3
725.5
723.4
730
727.8
730.4
729.8
731.2
734.7
729.9
728.6
723.9
725.9
726.5
717.9
720.4
720.9
720.8
726
724.7
730.1
729.3
737.7
732.1
723.4
728.9
726.3
711.5
724.2
722.9
717.1
718.6
717.1
714.1
723.7
724.2
726.1
735.8
731.5
727.3
725.3
722.3
715.6
717.5
720.6
713.9
714.2
713.7
711.9
718.8
716.7
719.4
719.2
723.7
723.3
722.6
712.9
713.4
712.6
708.5
711.5
706.6
709.4
711.9
715
723.3
720.2
718.4
719.3
714
714.8
711.7
710
709.4
710.4
709.8
704.4
709.5
716.7
714.7
722.7
719.3
722.3
720.7
720
714.5
711.2
706.7
706.9
710.2
707.8
711.4
710.5
708.3
716.1
718.1
715.3
708.2
715.6
710.4
709
707.3
708.2
703
702.6
701.5
707.1
710.6
714.3
714
718.5
713.2
713.8
711.2
716.8
711.2
706.4
708
705.8
703
698
702.6
708.5
705.6
704.5
711.1
711.6
707
710.2
711.9
709.4
714.8
717.4
707.4
701.9
706.4
708.5
708.3
704.5
701.3
709.5
700.6
712.6
718.5
713.9
715.1
711.8
712.9
707.7
707.7
705.8
707
706.2
707.8
708.1
716
719.7
705.4
710.2
705.4
706.9
707.9
693.4
698.5
702.6
701.1
700.2
697.3
701.6
703.9
712.7
708.7
717
709.1
714.9
708.2
707.6
701.1
698.9
703.5
692.2
688.7
704.4
702.4
699.7
703.4
706.3
703.6
709
698.4
696.7
694.2
692.9
693.6
704.6
702.9
702.4
698.6
700.1
700.4
704.6
706.7
709.1
715.2
706.6
709.1
703.9
697.4
697.4
706.1
702
696.9
699.4
704.2
701.4
703.5
707.8
709.9
707.4
709.2
707.5
700.8
693.6
703.8
713.6
689.1
698.1
701.1
702.5
710.3
718.3
713.6
707.4
707.4
703.7
691.8
701.9
699
700
700
696.5
699
702.1
705.8
703.8
699.9
708.9
701.9
712
710.8
708.9
697.2
696.9
695.1
693.7
694.9
695
695.5
704.6
709.4
705.9
709.8
706
708.3
702.3
702.9
698.6
692.6
696.7
695.1
689.4
693.3
695.9
698.9
701.4
700.8
699.2
704.5
702.9
704.8
698.9
698.1
704.5
695.7
693.9
692
693.1
685.8
695.3
699.8
707.7
707.9
702.2
700.9
701.4
702.4
698.1
697.7
696.5
691.8
689
689.4
693.7
694.9
700.4
704
701.5
698.1
700.9
700.9
697.8
702.8
690.1
692.2
692.8
686
701.9
692.1
690.8
694.2
699.2
697.8
704
697.8
698.2
694.4
698.7
692.8
690.4
686.7
688.5
685
695.7
688.8
694.5
692.1
698.6
700.3
700.9
698.2
692.9
693.9
687.6
682.6
687.2
688.8
687.7
683.3
690.7
685.5
690.9
694.9
698.6
701.7
691.9
696.3
697.2
696
683.3
688.8
690
686.5
681.5
685.5
683.5
685.4
697.2
694.2
694.8
695.3
690.7
689.2
688.5
684.8
687.2
682.9
690.6
683.9
687.2
684.4
683
696.3
694.1
699.2
691.3
692.7
687.6
680.3
683.3
684.1
679.9
678.6
683.2
683.3
681.5
688.4
692.7
692.5
689.2
698.2
686.1
689.1
692.9
683.1
688.4
680.7
676.2
680.6
680.1
688.5
693.5
692.9
696.8
689.2
702.4
690.4
688.5
687
685.9
675.8
683.7
678.4
679.9
678.5
682.7
684
690
692.7
692.1
691.3
688.8
687
685.4
678.9
676.2
677.9
679.7
681.7
679
672
688.2
687.6
693.4
691
688.4
689.7
685.4
677.2
678.1
672.9
672.8
681.3
676.3
675.4
674.6
678.7
682.3
691.7
688.6
687.4
688.8
688.3
676.6
673.9
683.3
674
678.3
678.7
685.7
676.9
682.8
682.9
683.6
690.3
680
681.9
680.7
677.3
675.7
677.4
673.5
673.9
680.1
674.8
679.5
676.3
689.5
684.4
681.3
689.2
686
681.9
673.9
672.4
671.1
674
674.7
675.3
675.3
686.6
681.6
688
686.8
686.6
681.5
679.9
678.8
675.4
683.3
676.7
665.1
670.6
667.5
676.5
677.9
679.4
687.5
680
683.1
682.4
681.9
683.7
679.8
675.7
673.4
670.9
674.3
674.9
676.8
676.2
678.7
678.7
684.1
685.6
678.1
676.1
675.3
670.9
673.4
676
669.1
667.6
669.6
666.7
677.3
679.3
680.7
682.9
680.9
679.7
673.3
684.4
678.2
675.1
677.6
668.3
681.4
680.5
677.6
674.2
672.1
676.5
676.9
680.9
681.8
676.6
676.1
675.1
665.2
667.7
663.7
666.9
673.7
674.9
676.7
675.8
677.6
675.9
679.9
670.7
676.5
666.1
668.8
678.6
664.2
672
669.3
667.3
670.9
671.8
670.6
677.3
684.6
674.9
666.9
673.4
670.1
669.3
665.5
664.7
669.7
666.3
669.3
670.3
673.7
676.7
678.4
680.9
675.9
673.1
669.1
673.7
671.7
668.5
665.3
668.3
662.9
669.9
666.5
676.1
677.1
675.5
678.6
674.2
674.5
671.7
673.5
671.9
670.7
665.5
665.1
667.5
660.7
663.8
667
674.1
672.9
677.8
679.1
681.4
662.6
663.7
662.8
670.7
662.2
667.7
665.2
663
668.9
670.6
669.2
673.6
673.1
682
678.4
668.2
674.7
662.4
664.9
666.2
656.4
663.9
660.9
665.1
673.2
673.6
675.1
676.3
673.6
668.9
675.3
673
664.5
669
662.7
666.5
667.6
668.2
669.6
673.3
677.7
680.2
676.1
676.8
677.4
676.4
666.8
671.2
669.1
666.2
666.2
665.1
667
662.3
660.9
666.3
663.7
675.1
667.5
672.8
665.9
666.7
664
656.2
662
658.7
656.6
666.1
663.5
662.9
670.4
669.1
670.6
673.9
672.5
666.3
660.1
657.2
657.2
663.8
659.2
658.8
657
654.1
659.5
665.2
676.4
667.7
668.8
669
663.5
662.2
662
656.3
660.8
668.1
665.4
664.4
666.7
667.3
662.2
676
674.3
667.9
657.6
665
671.6
667.7
663.1
656.9
663.7
654.1
659.4
655
660.3
667.5
666.1
678
670
674.1
667.6
665.5
659.6
656.5
655.8
663.2
662.8
661.6
663.2
674.2
674.8
677.4
673.3
677.4
674
670.2
667.9
662.7
668.2
662.3
659.9
668.2
663.2
667.1
663.9
656.8
675
673.5
667.2
663.4
671.4
658.4
662.4
657.3
654.6
659.5
652.2
652.1
657.2
658.1
659.2
667.7
662.7
680
668.7
667
666.8
660.5
659.9
656.6
655.2
658.4
663.8
656.3
664.8
663.7
671.2
670.1
672.8
660.8
664.1
664.2
668.8
657.4
658
658.6
662.5
659
660.7
659.4
665.1
664.4
673.6
668.2
668
673
660.1
656.3
660.7
664
658.7
659.7
657.8
652.9
658.3
660.5
666.4
662.5
678.6
666.9
668.1
656.8
663.3
660.9
651.3
662.1
662.2
659.9
656.2
652.9
661.2
661.6
667.9
667.7
670.9
670.8
664.8
666.8
660.3
657.8
660
657.4
656.7
658.2
659.9
660.9
664.2
665.6
669.6
666.3
665.6
663.8
665.5
654.1
657.9
670.7
659.6
660.5
653.9
656.1
659.5
660
666.2
668.5
669.3
668.9
670.4
658.5
662
659.6
655.3
656.7
654.7
656
660
660.4
661.6
667.6
663.1
663.4
665.8
660.5
665.8
657.3
655.7
660.5
650.9
655.8
655.7
660.4
659.2
667.6
662.9
667.6
669.6
666.6
651.2
663
654.8
652.6
655.9
651.5
655.1
652.9
656.8
660.2
662.2
661.6
662.6
663.9
667.1
662.1
653.5
654.6
651.6
654.7
654.5
654.8
653.5
658.8
660.2
662.4
662.5
661.6
667.6
660.8
664.7
663.3
653.3
646.5
656.7
656.5
650.3
657.8
657.4
656.7
657.6
660.2
663.9
663.3
671.8
659.3
660.5
654.2
648
653.3
660.1
655.1
652.7
652.6
652.9
656.9
664.3
659.6
663.2
657.5
660.9
659.7
662.2
658.8
655.3
648.9
646.8
649.3
654.5
656
659.5
659.6
665.3
663.4
660.5
656.8
654.1
661.5
648.9
654.7
651.8
649.7
646.7
648.2
654.5
655.1
658.8
662.5
656.9
658
655.1
651.6
654.3
653.6
644.5
648.9
651
647.5
646.5
654
657.9
655.3
658.4
661.4
661.4
659.4
654.7
657
647.6
637.8
640.7
652.3
648.8
654.1
647.4
651.9
645.4
650.8
650.7
652.4
654.4
659.4
651.7
647.7
648.4
647.9
648.6
643.5
643.9
642.3
642.1
647.7
653.6
655.2
655.9
654.8
643.9
652
648
649.2
649.7
646.9
643.9
654.6
638.3
646.9
645.6
657.3
654.5
656.4
655.7
661.9
659.1
651.2
648
647.2
644.3
641.1
643.4
642.6
646.7
637.9
644.6
647.1
649.3
650.8
652.2
649.7
650.7
637.9
644
643.6
643.8
642.1
637.2
640.9
645.7
641.4
647.7
644.6
647.2
651.7
645.9
644.8
638.4
640
640.3
639
641.6
638.1
643.7
635.1
642.2
651.2
650.7
651.2
651.9
647.3
649.1
645.6
636.1
634.5
642.6
637.2
639
635.6
636
636.2
647.8
649.8
649
649.8
650.1
644
643.7
635.6
640.2
637.2
643
638.5
638.3
635.7
638
639.1
643.5
647.1
644.8
642.7
643.9
641.7
641.5
635.2
636.2
627.9
633.1
628.4
631.6
643.9
627.3
641.3
641.6
645.1
640.9
642.5
634.3
638.9
637.6
624.7
627.5
628.5
627.3
630.6
632
637.3
643
638
636
641.1
642.9
640.9
633.7
633.3
629.1
628.5
634
631.3
626.5
628.5
634.1
634.4
638.1
644.8
642.1
643.7
638.3
633.6
627.3
627
632.6
627.8
628.5
629.3
634.7
637.5
634.6
637.5
637.9
635.8
638.5
629.3
624.5
628.7
627
627.5
628.5
627.6
629.8
635.4
631.6
633.5
637
633.3
636.6
639.1
633.3
630.1
625.9
627.6
627.9
628.3
628
628.3
629.8
630.1
636
642.2
632.2
632.2
631
630.8
624.6
630.1
626.4
630.1
621
628.6
630
635.7
636.2
631.6
629.7
634
633
639.3
636.9
628.8
627.4
622.8
626.3
627.4
623.3
625.9
624.7
629
633.2
635.9
627.2
628.9
622.8
618.6
616.9
618.8
622
626.2
618.7
621.8
625.9
624.5
629.8
629.7
634.9
623.3
623.3
629.2
624.5
619.7
624.4
618.1
623.7
619.7
624
627.4
629.2
626.1
631.3
630.1
624.5
625
620.1
622.1
617.1
621.5
623.4
620.6
614.7
621.9
621.4
622.8
621.9
631.9
631.4
624.1
619.3
626.2
615.9
615.3
616.9
619.8
621.5
616.3
620.3
620.4
626.4
628.7
625.5
624.6
626.7
624.6
622.7
614.1
613
608.4
614.3
612.5
615
620
626.4
623.9
624.6
622.9
620.9
623.8
614.8
618.8
614.8
614.5
613.1
615.9
614.9
623
621
614.3
625.6
627.5
619.3
620.2
621.4
612.6
608.3
626.5
613.7
610.3
622.4
614.3
622.9
624.3
622.7
630.5
622.7
623
621.6
616.7
615.7
607.2
612.1
622.5
619.7
614.4
617.5
618.8
618.8
619.6
626.1
625
625.4
623.5
623.9
622.6
617.4
608
616
613
611.6
618.1
618.3
617.4
627.4
610.4
625.7
625.8
625.7
615.7
613.2
616.4
605.6
617.5
613.8
609.8
613.4
617.9
620.6
614.2
622.1
626.3
622.8
619.8
614.6
613.3
611.3
606.7
613.5
608
616.4
611.6
605.1
619.2
616.4
622.6
619.9
625
618.2
620.7
612.2
615.8
612.3
608.2
609
610.4
620.1
615.5
616
619.5
627.3
615.3
623.4
619.3
620.7
613.4
606.8
610.7
611.4
611.9
608.8
609.4
612.3
615.4
619.3
617
611.3
616.2
615.4
615
610.4
608
606.6
596.7
602.6
600.8
605.9
603.9
607.3
611.9
620.7
611.9
614.3
613.7
620.9
612.1
602.6
614.8
610.8
608.4
605
610.1
616.1
610.3
601.9
615.4
609.3
631
615.2
611.7
610.4
612
607.5
608.8
608.5
603.4
602
607.6
609.9
617.8
615.9
614
616.8
616.1
612.9
602
608.7
609.9
604.8
609.2
607.1
608
606.7
614.2
620
629.5
608.9
611.8
612.5
608.2
612.9
615.3
607.8
605.2
610
610.2
605.2
605
606.2
611
611.5
616.9
621.4
610.9
605.2
610.8
612
605.9
596.6
602.9
603.9
607.1
602.6
607.8
607.4
614.3
609
622.9
613.9
609.1
606
609.3
605.1
609.6
609.6
601
598
609.5
606.7
612
615.6
611.8
607.8
607.2
608.4
606
605.4
607.4
604.4
596.7
601.5
604.3
594.8
603.4
609.2
616.5
617.4
615.1
605.2
603.8
599.7
600.1
597.7
598.2
593.6
597.5
600.7
603.4
604.5
604.3
606.9
601.3
605.7
603
597.2
600.3
593.6
595.1
579.4
601.5
598.7
599.6
605.3
603.7
609.8
616.1
612.3
606.8
603.5
609.6
606.6
605.2
600.5
597.5
596.3
603.3
602.3
602.2
607.5
604.5
613.3
612.8
614.6
609.9
599.5
601.7
602.6
606.7
596
594.2
604.4
604.1
605.3
605.3
606.9
603.7
601.9
605.1
602.6
609.2
593.9
587.1
603
596.5
600
595.3
600.4
601.1
607.8
603.8
606.2
610.5
604.8
605
601.4
600.8
593.1
597.7
603.8
593.3
596.4
605.9
599.5
596.7
601.7
609.5
609.7
606.1
601.2
598.9
598.4
598.9
596.3
595
590.9
594.9
594.9
596.3
598
601.5
603
604.9
607.2
609.9
602.7
601.9
601.8
594.2
596.1
596
599.6
593.9
600.1
596.6
599.7
602.2
595.2
603.3
600.4
603.3
604.3
590.3
601.5
595.4
594.7
589.9
596.2
607.5
593.3
598.3
606.4
602.7
605.2
601.4
600.5
600.1
597.7
594
591.6
597.3
590.1
593.6
586.9
596.3
601.3
600
603.9
605.8
605.1
606.3
599.8
599.6
593.2
591.7
593.6
594.6
592.5
590.1
592
593.1
599.5
601.5
599.1
603.7
604.8
600.4
590.7
595.4
593.6
592.6
598
585.5
591.5
597.4
590.8
594.9
599.2
601.8
602.3
604.6
602
600.4
596.7
591.9
591.3
594.1
589.4
592.2
596.2
590.8
594.3
598.9
599.7
597.3
592.7
596.7
591.5
590.1
586.7
591.2
589.1
592.1
589.5
590
590.9
594.7
595.4
601.1
593.8
599.8
592.9
592.8
586.9
587.5
587.5
587.7
587.4
585.3
587.4
590.8
590.5
597.9
599
596.2
593.7
591.2
589.9
583.4
587
592.7
585.9
585.9
583.7
585
591.6
588.9
592.4
595.2
587.6
594.3
591.3
588
593.4
588.2
586.9
587.4
588.5
585.6
584.8
594.5
591.8
591.5
593.2
595.2
593.3
594.1
589.3
578.8
589.2
588.1
596.3
588.3
585.3
581.5
584.8
589.7
593
591.6
593.5
595.1
597.1
589.7
587.6
586.8
584
584.7
582.9
583.9
582.2
588.4
586.9
593.5
589.2
592.5
595.6
587.3
588.6
592
585.8
584.3
582.8
583.6
580.7
577.9
586.3
588.2
596.7
596.9
593.8
594.2
590.1
588.8
585.3
587.1
581.4
578.5
578.1
581.5
583.4
596.2
590.6
591.4
590.7
587.1
590.8
593.9
585.4
582.4
584.8
583.9
587.9
579.9
580.8
584.4
582.8
579
580.4
587
588.5
595.3
595.3
586.7
585.6
581.4
583.9
582.8
581
586.4
584
583.7
579.7
585.5
593.2
595.6
592.9
582.7
592.1
583.8
582.9
583.4
584.2
578.4
587.7
582.9
583.6
587.6
592.9
587.7
590.8
586.6
592.6
585
580.9
588.5
582.6
585.7
585.9
581.8
588.2
588
589.6
593.7
591.9
584.7
586.6
584.2
580.8
587.9
577.1
570.9
572.2
575.5
580.3
568.4
590.5
587
580.6
583.7
587.8
587.4
581.3
579.2
576.1
577
577.7
574.6
573.7
574.9
575.3
583.4
586.4
578
587.3
587.4
592.4
584.9
579.7
575.3
581.9
573.9
579.7
576.6
569.9
572.9
579.3
584.3
583.5
582.1
586.4
588.1
591.4
581.6
578.7
587.1
573.9
576.8
574
575.9
578.2
583.9
582
583.4
588.8
585.3
589.5
581.3
581.8
579.2
577.7
579.1
575.7
565.1
576.1
585.7
576.4
581.9
585.4
585.4
584.5
595.9
585.2
579.9
584.3
581.2
580.7
573.1
575.9
578.6
575.5
580.1
581.3
585.2
588.6
587.8
586.2
578
588.3
572.6
573.8
579.9
573.9
576.8
570.9
574.3
570.9
576.4
582.3
577
586.1
590.2
586.4
582.5
584.4
584.7
576.9
576.6
574
576.1
576.3
572.5
577.1
579.9
577.9
583.4
587.4
577.6
573.7
574.2
584.4
572.9
574.3
572.9
565.8
572.8
575.4
580.3
571.5
574.8
583.2
583.8
584.2
588.5
580.6
576.1
576.8
575.7
573.3
571.9
576.6
570.6
567.7
576.4
577
570.9
572.8
583.6
574.2
576.3
570
569.7
565.9
573
566.6
574.4
569.5
574.2
579
587.2
581.6
579
581.6
582.5
579.6
571.1
570.3
575
573.9
567.3
565.2
577.1
574.8
575.5
580.7
574.7
578.5
578.1
576.8
571.1
567.6
573.3
568.5
573.8
575
573.7
574.9
578.7
580.9
581
579.9
580.3
582.9
578.9
577.8
568
577.3
566.3
567
563.3
565.6
569.8
569.2
571.1
573.2
574.4
570.8
582.3
571.9
571.8
565.8
568.4
564
568.8
571.9
565.1
570.7
565.1
562.8
576.6
579.8
578.8
574.1
577.4
575.9
573.8
568.9
567.9
563.7
565.3
564.8
567.4
565.2
571.7
566.6
577.1
574.6
577.9
571.6
577.4
571.3
567.7
570.7
559.5
565
560.5
567
568.6
565.6
569.8
573.6
571.9
577.3
581.5
570.4
562.6
573.5
561.2
566.8
564.9
558
566.5
568
567.7
574.2
569.6
579.3
579.4
575.7
568.2
566.6
568.4
569.9
565.6
560.7
561.2
562.3
571
571.5
577.4
573.9
579.4
570.8
572.7
570.1
569.7
567.7
564
563.4
562.5
563.5
561.8
564.1
567.5
566.9
574.2
575.6
567.5
573.8
567.7
558.5
568.8
560.1
563.5
569.7
556
564.9
567.1
572.1
569.6
572.3
573.6
571.8
570.9
570.9
565.9
562.3
561.5
561.7
562.2
564.6
561.7
563.6
565.9
563.6
573.5
572
567.3
576.8
571.8
569.1
563.9
559.5
564.9
562
564.9
565.4
561.8
562.9
567.3
570.1
571.2
572.2
570
572.1
560.6
559.2
559.5
553.6
564.1
569.3
563.1
569.2
574.1
570.1
576.9
577.3
584.9
573.7
571.9
571
569.7
566.7
566.9
568
567.5
570
562.9
573.4
575.3
574.5
574.4
575.2
569.8
573.8
571
565
565.4
563
563.4
565.3
562.1
561.1
566.6
573.7
569.6
569.6
574
580
573.6
572.4
569.2
562.3
564.8
561.9
563.4
561.5
565.2
570
567.2
570.1
568.7
575.6
569.2
559
568.4
555.5
564.9
570.8
559.2
559.9
565.1
571
567.9
572.6
566.9
579
564
569.6
557.2
564.5
559.5
562.2
557.3
563.3
560.4
555.8
564.1
574.4
570.8
573.4
570.7
568.6
565.5
561
566.9
564.3
564.9
556.9
560.7
572.6
569.7
565
569.4
575.8
569.5
573.2
566.6
565.6
564.1
554
563.2
563.5
566
562.8
560.7
565.1
569.1
567.9
568
571.9
576.8
566.7
562.2
562
562.1
564
561.7
557.4
556.9
563.7
558.1
560.6
564.1
570.4
570.9
573
569.8
569.7
566.1
558.8
564.8
560.9
557.3
562
563.1
567.2
564.2
567.7
569.7
566.9
567.6
572.7
565.6
567
563.8
561.3
561.3
555.6
558.2
561.2
560.3
553
564.3
563.9
570.2
568.9
568.2
570.8
569.6
561.9
565.5
563.2
561.5
558.9
561
560.6
552.8
564.9
565.7
569.9
569.8
573.3
569.5
566.4
557.1
559.9
555.6
562
558.2
558.9
560
563
563.2
569.7
565.7
571.6
564.9
567.7
572.5
559.9
562.4
558.5
554.9
558.4
560
566.9
559.2
565.8
566.1
572
565.8
571.2
567.8
563.9
564.4
553.9
566.9
559.6
556.7
557.3
564.9
557.5
562.2
571.2
564.5
564.4
567.2
562.7
559.2
562.7
560.5
557.8
556.1
555.6
555.7
560.3
562.5
558.7
564.8
568.3
570.3
568.9
563.4
567.1
561.9
554.8
559.7
561.7
562.5
556.6
557.6
560.7
563.4
572.6
569.2
570.1
562.5
565.5
564.1
558.6
557.3
562.7
552.4
554.2
558.1
557
550
565.4
559
564
567.7
569.3
568.7
563
557.8
558.9
555.9
558.9
558.1
564.1
558.6
555.7
558
563.1
563.5
572.2
568.8
566.8
563.6
554.4
555.5
558.9
564.2
561.3
558.9
561.2
557.4
564.3
568
570.1
563.8
567.7
561.2
559.3
563.4
555
564.2
559.9
565.4
563.5
571.2
572
567.4
569.3
576.4
570.8
568.3
563.2
568.9
568
558.6
559.3
560
557.6
559.8
561.6
560.5
564.5
561.2
565.5
571.1
567
565
565
562
561.4
555.5
558.7
555.5
555.9
559.6
563.3
566.8
567
572.5
571.9
565.7
557.7
558
563.1
554
561
556.5
561.5
563.1
560.1
569.4
566.3
566.3
574.4
569.5
566.7
564.2
568.2
566.5
559.8
559.6
560.8
562.3
557.4
564
560.1
569.8
562.9
568.3
564.8
571.1
563.4
561.6
562.4
563
562.9
564
564.5
565
558.6
565.2
566.8
570.6
565.5
566.7
565.5
563.6
556.3
566.9
559.9
556.1
551.8
561.1
558.9
560.6
555
557.7
561.9
571.4
571
566.5
563.2
562.9
554.4
565.7
556.2
555.8
553.9
557.9
563.3
566.6
571.2
569.6
567.3
565.8
568.3
566.2
562.9
558
562.9
560.4
559.8
554
558.3
564.6
571.9
570.6
562.1
569.6
570.6
567.9
568.3
565.9
559.3
556.2
558.3
554.8
552.5
556.8
559.4
563.1
561.2
570.4
570.4
565.2
565.2
565.8
562.3
557.2
560.5
558.3
554.7
561.6
557.8
562.2
558.9
568.1
568.6
563
566.2
567.2
559.2
557.5
557.3
556
557.2
552.4
554
560.3
553.9
566.5
568.2
569.1
564.2
560.1
558.6
556.1
554.9
560.5
555.5
552.2
554.1
561
560.6
558.3
559.9
566.1
562
568.3
560.5
562.8
556.9
558.6
556.4
550.1
559.7
556.7
560.1
557.5
562.6
561.7
564.5
559.1
571.1
567.3
559.2
560.8
558.5
579.1
555.4
557
556.8
558.6
555.1
558.9
558.1
566.2
564
558
565.9
559.3
552.9
560.1
556.5
555.3
553.7
546.9
555.4
543.5
556.4
555.7
565
566.6
561.9
563.8
562.6
562.4
553.4
553.2
558.9
555
549.5
552.9
557.8
557.3
560.3
559.5
563.4
559
567.3
553.3
559.5
560.1
554.9
556.2
547.1
547.6
558.6
555.8
555.2
560.3
560.9
562.9
558.7
559.1
559.8
554.7
553.8
550.9
553.1
554.2
556
556
554.3
556.9
558.6
564.4
558.7
564.9
560.8
558.7
559.2
559.4
557.2
552.4
553.8
552.4
555.5
561.9
554.4
562.6
550.1
558.2
558.3
564.6
554.7
550.4
551.9
553.4
552.9
550.4
548.3
553.2
557
561.1
564.3
561.9
564.9
560
558.4
555.4
552.7
557.2
552.5
559.1
556.5
552.7
554.3
555.2
557.4
559.4
559.8
562.1
555.8
557.7
554.5
553.6
552.3
553.9
552.3
553.2
552.7
555.2
555.2
558.5
560.1
559
563.1
564.7
554.5
557.4
561.9
551.3
558.5
549.4
550.6
550
554.2
556.6
556.1
563.2
557
562.2
563.4
558.5
556.3
551.9
551.8
548.7
548.8
552.6
549.4
557.7
562.1
556.4
561.9
556.4
559.7
556.2
554.6
555.4
553.2
550.3
550.5
549.1
553
551.2
550.9
559.7
561.9
561.7
557.9
561.4
562.3
550.4
548.7
551.4
543.5
552.8
549.5
550.1
551.6
549.5
561.6
560.5
565.2
564.7
562.6
554.2
554.9
553.1
552.2
553.3
549.6
547.8
557.4
546.9
555.5
555.5
555
564.8
561.4
561.2
555.1
551.6
553.8
553.4
560.1
544.1
547.2
552.4
545.8
552.2
559
558
562.5
563.4
558.4
557.2
550.3
550.2
552.9
549.6
544.1
553.2
547.6
546.3
556.2
553.3
555.7
564.3
562.6
555.5
553.7
548.7
544.6
550.4
552.7
550.6
552.9
554.9
548
551.3
554.9
553.7
560.3
555.4
560.3
555.3
547.4
551.7
553.7
546.3
545.4
548.9
545.4
550.2
553.7
556.7
554.7
554.5
560.2
556.6
561.4
549.5
547.9
555.8
548.6
549.1
551.7
557
555.1
559.1
557.6
562.2
559.4
557.9
556.1
552.5
550.1
547.7
548.9
546.3
553
556.7
552.3
556.2
559
559.9
568.1
562.4
560.1
557.4
560.6
556
550.7
549.2
548.6
548.7
541.3
553.4
548.2
555.2
554.3
560.1
554.5
557.2
554.7
551.9
549.2
550.4
549.5
551.7
547.3
547.9
552.8
548.1
549.5
554.4
558.1
554.1
562.6
552.1
552.2
558.7
555
549.4
556.6
552.1
546.3
548.6
544.7
550.5
560.6
560
559.8
553.4
551.7
550.8
560.4
543.5
543.2
548.4
552.9
552.3
549.7
556
557.5
564.8
556.9
557.6
551.7
551.6
557.4
547.1
542.6
547.2
548.6
549.6
545.9
554.3
565.1
550.6
564.6
550.6
563.3
557.3
564.5
549.3
552
556.4
551
558.6
555.3
541
557.9
559.8
557.3
554.4
563.2
558.1
558.4
560.4
551
551.7
553.1
550.7
547
556.3
556.8
548.6
559.5
556.5
555.8
560.4
564.5
558.2
554.2
558.3
543.1
555.8
551.3
551.4
558.3
552.1
553.3
562.3
564.7
558.4
555.8
560.3
558.9
555.5
554.2
547.9
548.8
546.6
551.2
552.6
553
554.2
561.5
557.7
562.8
560.2
565.3
554.3
554.3
549.6
549.1
550.3
549.7
555.9
553.6
550.2
559.5
557.8
555.4
566.4
553
558.9
556.6
558.3
553.4
548.1
550.7
549
540.1
547
555.1
554.3
556.3
559.6
564.9
564.7
561.6
557.4
553.9
558
555.9
553.9
551.2
547.3
552.7
547.7
553.4
559.3
561.1
559.2
553.3
558.9
558.1
554.3
551.7
549.2
551
550.2
550.9
550.1
548.3
547.8
557.9
560.4
556.2
560
556.8
558.5
550.7
547.3
546.1
548.4
550.4
551.5
548.6
555
553.6
556.6
557.3
557.1
557.5
555.6
557.9
553.3
554.1
553.6
552.5
549.7
553.8
553.2
555.8
557.8
558.7
560
553.9
556.3
561.3
558.9
551.3
550.5
549.6
553.5
546.2
545.8
553.5
549.2
556.2
554
560.1
558.2
562.7
559.9
558.2
552.2
551
548.4
551.7
552.5
547.3
555.8
542.5
551.4
547.8
555.1
555.5
558.4
559.9
555.6
555.8
556.5
548.5
554.4
555.8
543.6
555
552.9
556.6
560.8
558.8
565.4
561
562.7
554
550.8
549.4
543.2
547.5
551.3
552.1
554.2
556.6
553.1
561
561.1
560.9
555.3
555.3
557.8
549.1
546.8
548.8
546.6
543.4
548
555.3
551
555.1
560.1
555.6
556.6
561.3
554.6
554.1
551.8
550.8
549.9
549.3
552.3
545.5
546.9
550.3
551.9
553.3
551.7
557.3
561.1
554
554.1
543.7
548.4
550
550.3
554.1
547.3
545
549.2
555.1
560.7
552.4
558.4
555.6
555.2
537.8
551.8
556.5
546.8
543.9
550.5
553.7
553.3
546.4
555.8
558.8
554.2
559.1
558.2
555.1
550.9
553.3
550.2
545.8
543.9
552.5
547.5
543.3
557.5
552
551.3
562.4
551.8
556.4
553
551.9
549.3
551.1
543.1
542.7
545.7
547.9
547.2
546.5
550.8
558.4
556.2
553.3
556.2
550.3
546.6
547.1
542.2
549.2
545.4
548.3
546
553.4
551.7
556
552.8
559.3
557.5
554.5
551.4
549.9
548.7
548.1
552.1
550.8
543.3
540.5
547.9
556.3
554
554.1
558.8
556
548.7
552.4
548.6
547.5
549.8
549.3
545.7
543.9
546
549
550.8
554
552.7
559.2
553.2
554.2
555.8
548.2
552.3
552.5
543
543.4
546
547
547.5
549.5
548
551.9
555
562.5
555.3
555.2
551
547.3
547.7
546.9
544.6
546.4
544.9
550.2
550.8
554.8
544.8
554.7
548.4
556.8
548.3
545.2
549.3
545.4
546.7
548.5
536.5
545.9
552.8
553.2
555.2
554.9
557.6
549.2
551
548
551.1
548.6
548.9
542.7
547.5
545.2
549.2
550.2
552.3
556.2
556.7
559.1
560.2
553.4
552.9
551.1
541.3
546.2
546.1
547.6
544
550
552.1
552.8
556.6
550.2
555.3
562
558.4
553.1
545.8
544.5
547.5
546.9
540.4
543.9
544.4
540.9
546.4
545.4
554.3
555.1
557.2
552.2
546.9
549.2
553.8
547.9
544.5
543.7
543.4
552.6
550.2
553.9
549.7
551.3
554.9
552.3
557.2
545.7
550.4
545.4
550.2
547.7
545.7
547.9
547.2
547.5
557.1
555.2
568.7
557.3
557.4
557.5
560
552.1
549.7
550.3
545.6
550
556.1
547.1
543.4
554.6
560.6
553.6
560.2
560.5
561.6
550.8
549.8
552.4
553
553.3
537.1
550.7
548.7
544.5
555
556.2
559.5
558.6
562.5
560.5
561.2
552.3
548.1
552.9
550.2
549.3
545.5
551.1
546.5
555.5
551.8
557.1
558.2
556.3
562.6
555.5
548
551.4
547.4
540.6
548
550.6
550.1
550.7
556.6
548.6
558
558.1
556.1
555.6
554.1
554
553.2
554.8
544.6
546
546.4
551.8
558.1
555.6
553.5
558.4
551.6
559.7
557.8
553
550.9
550.7
552.3
548.8
546.3
544
552.1
548.1
552.4
550.5
553
558.4
554.7
553.5
556
553.7
547.1
549.4
554.2
556.3
547.7
544.6
552.2
552.2
556.7
561.2
557
563.3
561.5
552
558.9
555.2
548.4
546.8
551.9
548.6
550
548.6
550.3
548
547.5
553.9
552
554.6
554.2
550.2
552
547
545
550.4
540.9
546.7
549.8
547.5
551.4
550.8
555.9
559.7
554.4
557
552.2
555.4
550.2
546.5
547.6
548
545.7
541.8
551.9
550.1
553.3
556.2
557.1
559.7
558.4
560.3
563
550.5
552.3
549.9
555.1
552.2
538.7
546.5
545.7
548.8
549
559.2
553.4
550.9
559.1
555.9
546.7
550.5
549.5
538.5
545.7
547.5
545.2
544.1
550.4
552.3
549.3
555.6
556
555.4
554.2
551
556.4
546.5
548
541.3
545.8
546.5
545.2
545.5
548.1
550.8
557
558.9
557.3
551.7
555.3
545.4
543.9
544.6
547.5
543.6
550.6
548.4
547.8
553.5
555.5
559.1
556.8
553.3
544.4
552.7
546.9
543.4
550.7
542.2
544.9
545.4
543.7
549.7
552
555.3
558.6
553
548.1
558.3
550.9
547.6
549.1
547.4
541.9
546.2
546.4
545.7
553.3
549.9
553.9
554.8
554.7
555.2
556.7
555.2
551.5
551.2
548.6
547.2
545.7
539.2
553.4
548.6
552.3
549
553.7
556.5
548.7
551.5
552.9
543.8
545.1
545.3
545
545.9
547.2
547
546
547.5
554.3
557.5
556.6
554
557.6
554.2
550
551.4
546.5
545.4
557.5
547.3
543.9
549.5
544.4
551.2
555.9
566.6
557.3
557.3
557.3
554.8
557.4
547.1
547.4
551.7
548
546.6
545
553.7
551.1
551
554.3
554.8
553.8
559.1
545
545.7
546.2
546.9
548.2
544.3
548.2
553.1
551
554.8
550.8
554.7
558.5
560
555.9
547
551
550.9
545.7
546.4
547.2
550.8
546.7
544.7
548.3
555.1
553.5
560.3
554.1
553.3
552.3
547.6
547.1
543.2
544.1
538
545.6
549.5
538.6
552.6
552.4
550.5
557.5
558.7
553.5
552.1
547.1
545.8
551.5
544.5
544.4
552
544.2
537.4
545.5
550.5
559.2
565.1
563.8
579.3
587.2
589.2
596
593.5
591.1
593
596
594.4
600.3
604.3
608.1
613.1
616.9
620.9
615.4
616.4
605.8
608.7
607
610.8
611.6
612
615.8
615.5
619.1
621.8
624.3
623.8
633.2
638.4
635.6
629.1
617.8
618.1
607
613.1
608.8
611.5
613.1
608.8
622.4
618.7
613.1
615.5
615.2
617.4
611
606.2
608.1
603.9
605.7
612
604.3
611.7
610
612.6
618.2
615.7
616.5
615.6
606.7
609.7
608.9
601.5
611.4
607.3
602.2
603.6
599.6
605.3
604.1
606
608.4
615.4
608.5
603.7
605.6
605.4
603.3
598.7
600.4
595.4
599.8
607.9
614.1
615.1
628.3
624.4
633.1
641
639.2
643.9
648.9
646.3
656.1
650
645.2
644.7
648.3
644.2
651.6
649.6
658.7
654.1
646.1
647
643.8
641.1
631.2
626
630.2
622.1
625.6
631.2
627
630.2
630.9
634.8
632.4
632.5
628
628.4
616.1
622
622.4
624.7
622.3
622.2
629.1
628.7
633.1
630.9
629.3
626.6
633.4
632.4
631
630.7
635.3
635
638.8
642.6
639.5
652.9
674.8
670.8
682.4
681.4
680.8
668.9
678.8
676.9
680.9
675
680.4
679.1
675.7
675
672.5
673.5
677.3
680
679.3
673.4
677.4
670.9
672.6
670.6
666.9
656.4
656.1
662.8
658.2
657.2
661.2
658.6
660.3
665.7
665
667.2
658.7
659
657.8
652.2
655.2
652.6
655.8
653.7
651.6
654.6
656.3
657.4
659.6
662.1
657.4
659
661
657.7
658.7
650.9
647.1
647.6
647.1
652.1
654.6
653.7
650.9
645.1
657.5
652.6
646.5
645.1
642.7
659.3
659.6
651.6
658.8
666.7
673.5
683.8
687.2
687
683.5
680
682.8
678.3
680.4
676.6
671.6
667.5
675.1
676.8
681.6
681.8
695.3
701.9
699.9
705.8
705.6
697.6
691
685.2
679
678.6
671.6
666.3
675.3
676.3
673.4
677.5
687.3
688.9
682.4
675
676
678.1
679.8
671.3
671.4
673.7
670.1
666.4
668.2
667.8
667.1
669.2
673.6
674.1
674.6
675.8
676.1
675.2
669.6
671.2
667
662.4
663.6
663.7
662.9
669.1
665.7
668.5
670.4
672.3
671.5
669.1
669.4
660.6
678
664.7
661
658.7
663.9
658.7
664.9
664.3
665.9
673.1
