798.9
800.2
800.7
791.4
794.4
788.4
790.3
790.2
787
795.2
793.9
796.6
803.4
796.6
791.7
792.6
789.2
788.8
779
782.9
781.4
786.2
783.4
784
788.3
787.2
788.6
793.3
791
781.8
784.5
782.8
777.6
775.2
774.9
776.4
780.3
779
776.7
777.5
776.6
787.4
787.4
784.5
782.8
781.4
774.4
774.8
774.5
765.9
768.7
774.1
769.2
770.6
776.1
777.2
779.7
777.8
778.7
781
779.1
780.5
775.3
768.3
767.4
767.6
763.9
765.8
765.1
771.5
770.5
765.1
773.9
775.3
771.7
768.1
768.9
767.1
761.1
756.7
757.5
753.4
759.5
756.9
764
761.5
770.6
764.2
766.9
763.8
762.3
760.1
751.5
766.4
762.7
757.5
758.3
764.7
761.9
763.7
765.8
761.2
759.2
767.7
765.9
759.5
756.7
758
753.4
756.7
756.1
762.9
756.5
753.3
754.4
752.7
762.9
759.5
765.5
761.6
759.9
751
753.6
749.8
750.8
744.8
746.1
752.1
754.3
747.9
750.8
750.7
757.3
749.7
750.6
755.8
750.8
744.1
746.1
746.7
750.8
739.5
746.6
739.8
744.8
743.6
743.1
742.6
754.9
756.4
751.8
745.9
746.9
742
740.9
738.1
740.1
740.3
742.3
737.8
735.2
744.1
752.6
749.5
751.5
747.1
739.6
747.4
741.8
733.5
733.9
736.5
731
741.2
733.3
733.1
736.2
733
742.5
738
743.4
738.6
733.9
734.4
732.4
732.1
728.2
731.5
728.6
726.3
729
738.6
729.9
733
729.7
739.7
738.4
734
729.3
727.4
725.6
724.1
721.6
719
729.5
726.6
735.6
728
742.8
731.5
729.3
735.5
726.3
721.3
723.6
726.4
717.1
720.7
715.1
719.5
731.1
723.1
731.3
728.1
729.4
725
725.3
725.8
719
717.5
717.7
722
716.1
711.8
713.4
721
723.1
722.5
723.4
727.2
719
721.5
720.6
722.5
719.4
721.4
718.7
720.2
715.2
723.6
719.8
727.6
721.6
725.2
726.3
729.3
726.9
726.7
719.5
722.6
713.9
717.4
716.8
717.2
712.4
715.9
723.1
717.9
714.9
722.7
721.4
717.4
718.9
721
711.6
713.3
713.9
703.8
703.5
710.8
710.7
712.2
715.4
713.1
713.7
716.3
714.4
715.8
711.4
710
705.3
706.4
711.4
705.2
704.6
709.3
715
713.5
709.1
711.2
714.9
716
712.1
714.6
707.5
706.3
707.5
701.2
696.4
692.7
693.8
701.4
704
702.9
709.4
716.5
711.2
709
711.1
706.9
704.8
695.5
695.9
699.9
697.9
697.7
695.7
698.6
699.5
700.1
704.4
707.4
701.6
701.5
698.5
698
693.4
694.1
697.2
692.3
690.6
696.4
700.3
696.6
700.7
705.2
700.2
702.8
699.4
676.9
692.2
692.8
694.4
698.2
691.4
695.5
688.5
697.4
703.4
701.4
700.9
700.1
697.8
699.3
689.5
687.1
688.3
685.7
690
690
682.3
690.1
697.9
693.9
695.8
702.6
698.6
689
691.9
684.3
683.4
682.6
679.4
680.7
686.5
690.1
682.6
688.1
689.7
695
692
691.1
687.9
681
685.3
678.8
678
682.2
672.6
681.6
683.5
678.5
684
689
684
688.7
691.3
694.1
684.2
682.8
674.6
680.9
673.3
675.6
670.1
676.9
679.4
686.7
682.8
685.2
686.7
683.1
686.9
674.2
672.1
673.6
671.7
673.9
676.4
674.8
678
674.7
676.2
683.7
692.7
686.1
682
684.2
684.9
681.6
676.4
678.5
674.9
669
674
671.2
677.4
683.8
684.3
676.6
680.4
681.3
672.3
674.8
666.9
673.4
671.2
667
666
669.4
670.8
673.8
677.3
676.9
672.9
675.3
680.5
674.4
667.2
673.1
668.5
664.5
664.2
664.3
670.1
667.8
665.5
669.3
669.8
672
678.2
669.6
671.2
669.5
667.8
669.1
660.7
654.6
666.8
663.8
663.9
667.5
664.7
672.7
669.9
669.3
669.9
671.5
667.1
663.7
656.7
654.6
659
660.7
660.7
664.6
666
666.6
668.5
667.8
675.1
664
664.7
659.4
663.5
654.4
655.2
656.3
650.7
647
657.7
655.2
660.3
660.6
659.7
657.8
658.6
658.7
651.4
651.6
651.8
650.9
651.3
651.3
651
648.1
655.2
654.9
654.9
661.8
654.7
649.7
656
651.3
654.2
647.4
649
661.4
647.5
648.8
652.3
657.7
654.2
657.6
659.7
661.4
655.6
652
656.2
651.1
647.7
642.5
643
647.3
648.9
648.6
655
651.2
653.7
653.7
655.1
652.8
651.1
648.4
641.3
642.5
644.5
641.5
643
639.9
644.3
647.6
653.5
649.7
649.9
648.4
640.1
644.8
646
641.1
638.5
640.3
640.8
636.7
636.3
650.5
642.6
645.5
656.9
653.2
649.2
647.7
639.8
640.6
641
636.9
647.6
639.8
638.5
628.7
638.8
648
645
652.1
648.4
650.1
647.8
643.2
634.1
634.4
637.4
636.4
637
637.7
643.8
636.6
640.1
638.2
641.4
649.2
638.8
641.5
639.9
637
635.4
640.4
633.2
642.4
636.2
634.9
641.4
644.3
634.3
638.9
640.4
647.4
640.4
642.7
633.4
629.3
633.5
633.7
633.2
629.3
633.5
633.2
634.1
640.9
637.7
636.9
640.6
642.2
636.7
632.5
634.5
632.5
635.8
626.3
632.7
634.3
638.6
637.8
638.5
642
644.5
647.5
645.7
636.3
634.6
629.9
627.3
625.8
631.2
628.1
625.6
628.8
639.3
638.5
638.7
638.9
631.5
634.7
632.2
624.6
631.1
622.1
630.1
628.4
622.6
630
627.4
627.4
638.5
642
639.1
641.2
637.7
638.1
628.8
629.2
630.8
629.6
623.1
629.6
624
632
632.6
632.9
637.8
640.1
633.7
637.1
631.4
629.6
626.5
629.5
629.2
626.4
624.1
627.7
630.5
632
634.1
632.6
633.5
632.3
626.4
627.3
625.3
623.3
618.1
617
621.4
620.2
622.5
622.9
620.8
631.8
628.7
632.3
633
630
622.7
624.1
621.7
621
620
620.5
618.9
627
621.2
629.6
632.4
629
627.6
629.9
624
625.3
621.7
621
619.6
625.3
620.2
616.7
619.6
624.6
628.6
627.4
626
624.5
627.8
626.1
622.7
620.7
619.1
618.8
616.8
619.7
615.7
615.6
620.7
626.8
629.3
621.3
627.1
628.5
621.1
618.1
620.1
618.1
611.6
617.3
615.1
612.6
618.6
617.6
620.2
619.4
622
617.5
620.1
620
618.1
616.5
613.3
612
616.3
618.8
608.5
606.3
622.4
624.7
618.7
623.3
618.2
615.8
617
611.2
605
607.7
605
605
607.7
608.7
611.8
621.5
619.7
618.8
616.7
612.5
618.1
614.4
611.5
606.8
607.2
610.2
600.7
607.9
607.6
610.3
619
614.5
614.9
620.2
612.8
611.2
609.6
613.4
608.7
606.9
603.9
599.7
606.4
602.4
604.4
608.1
612.6
614.9
614.7
612.8
615.7
611.7
612.6
604.5
607.3
605.4
606.2
603.3
601.6
613.7
603.9
608.4
609.8
617.1
609.9
609.8
607
609.1
605.6
603.8
608.7
605.9
601.1
604.3
603.9
610.1
607.3
608.1
612.5
609.8
618.1
608.8
606.9
605.3
604.3
600.4
598.9
598.1
603.8
599.7
602.7
609.5
609.4
617.1
611.7
612.4
606.8
604.7
605.7
603.5
600
597.2
596.8
594.3
599.5
602.1
610
609.6
609.5
610.9
610
607.7
605.7
604.8
597.8
599.8
596.8
598.1
598.2
597.1
599.3
604.6
609.5
614.8
606.8
608.9
601.1
599.5
600.6
600.7
596.5
596.6
602.6
594.6
601.9
599.4
604.4
604.6
606.1
611.3
611.3
604.1
599.2
601.1
601
596
590
595.3
602.1
599
599.7
605.3
601.1
602.7
608.3
604.4
602.7
599.1
591.9
598.1
595.1
597.5
589.4
594.8
592.4
597.1
601.8
604.4
603.8
610
603.2
606.6
598.7
601.7
595.6
589.6
593.1
602.8
597.9
599.4
604.6
599.2
601.3
601.4
605
600
601.6
597.9
593.8
590.2
593.9
592.5
593.9
596.6
594.4
605.3
604.1
606.1
605.6
606.5
609.2
601.8
592.2
589.6
601.6
587.9
598.2
595.9
600.4
598.1
599.4
600.7
603.3
609.4
605.9
602.1
603.3
596.5
598.3
594.7
592.5
594.2
589
591.9
597.8
598.4
600.4
605.3
604.1
602.6
602
608.8
598.8
599.3
599.7
594.8
589
598.3
589.2
596
596.6
595.5
601.5
598.1
602.2
604.8
599.6
597.1
598.7
599.6
591.8
593.7
592.3
588.7
588.8
589.3
593.2
596.2
600
596
599.4
600.8
594.9
592.3
590.4
589
584
590.2
588.9
589.6
588.8
591.6
596.3
599.7
602.7
597.9
597.6
586.5
583.7
592.1
588.7
588.7
592.4
593.1
588.6
590.9
597.2
596.4
600.5
597
594.8
596.5
592.9
592.1
590.4
589.8
593.8
582.6
590.4
584.7
595
593.6
590.6
593.5
597.9
598.5
596.5
599.3
588.1
591.3
586
587.6
590.5
584.1
584.7
590.1
588.7
594.2
593.1
594
589.3
585.9
587.9
585.7
585.3
593.4
588.8
588.1
582.4
588.2
593
589.8
588.5
592.2
597.3
593.6
585.7
589.9
582.6
579
579.7
584.3
582.4
584.1
586.3
582.1
592.8
581.3
598.4
593.8
594.6
590.5
594.7
586.2
586
584.9
583.7
579.3
568.7
579.7
584.8
589.7
587.3
585.6
593
591.4
590.8
582.7
581.3
579.7
581.3
578.2
578
573
583.4
581.5
591.6
590.7
592.4
595.9
590.9
589.3
592.2
583.6
581.1
580.3
583.1
581.6
584.1
576.2
581.6
591.9
585.6
585.4
588.5
584.5
584.8
582.3
582.1
580.6
574.5
577.2
584.9
583.1
580
582.5
585
590.8
585.2
589
595.2
584.9
584
573.4
576
581
575.9
573.1
579.3
580.7
575.5
577.1
584.6
585.8
588.9
587.1
582.9
580.9
582
577.3
578.4
573
579.2
569.2
574.2
574.9
577.3
582.9
582.2
583.2
584.5
585.2
582.5
583.5
584.5
574.8
577.7
571.7
577.4
577.6
573.9
574
578.5
582.1
583.4
584.4
588.2
577
583.6
574.8
573.5
573.2
572.9
575.1
571.1
571.9
578.3
575.7
581.6
580.3
583.6
583.6
584.1
576.3
586.8
569
572.4
576.1
566.7
570.3
576
575.6
576.3
578.3
580.9
578.9
582
577.1
576.5
572.7
569.7
573.3
573.2
567.2
569.5
562.2
576.9
580.8
572.7
578.2
578.9
580.4
577.9
574.2
575.3
566.6
568.7
572.2
570.8
570.4
570.8
565.1
568.3
574.6
578.7
580.7
580
579
572.7
578.7
569
569.1
569.6
567.2
569.6
572.9
571.4
575.2
571.5
567.5
582.4
584.6
577.4
582.8
573.6
570.5
565.6
569.2
562.9
562.6
569
567.9
568
570
581.4
570.5
577.6
574.1
570.8
564.2
563.4
564.7
570.2
565.4
567.3
567.3
566.5
567.2
566
577.1
574.7
578.5
574.1
576.7
574.5
568.7
560.1
562.6
566.2
571
568.2
562.1
571
573.5
571.9
574.7
577.3
581.4
570.6
572.1
570.1
568.5
569.7
560
567.6
563.3
566.8
569.3
564.8
572.5
573.6
576.6
577.1
575.9
570
569.6
563.9
568.1
562.5
567.2
564.1
567.2
569.7
568.4
568.3
580.4
572
571.9
570.6
570.5
569.5
561.5
563.3
567.7
561.4
566.3
572.1
569.4
573.9
571.7
576.1
563.1
569.7
567.5
568
565.8
567.1
567.9
565.6
562.8
569.2
565.2
566.3
574.4
574.1
574
577.7
573
574.2
568
566.4
565.2
565
563.7
563.2
563.2
570
564.2
572.3
567.8
573
574.3
574.7
563.4
564.8
563.7
569.5
566.4
560.5
557.3
560.2
565.3
571.7
571.6
571.3
574.2
572.3
568.9
567.5
562.1
565.5
560.7
559.9
563.1
558.7
562.8
569.3
563.7
567.4
569.1
570.1
571.5
567.6
568.4
565.2
559.9
558.9
564.5
557.4
555
563.5
565.1
564.9
574
572.1
571.8
571.4
572.3
567.6
567.1
562.6
563.6
562
556.9
560.3
560.9
562.3
568.5
569.5
568.9
570.3
567.4
561.5
566.9
563.8
558
562.3
558.8
554.3
560.5
572.9
564.5
566
566.4
569.7
570.3
567.7
563.3
564.3
564.4
555.6
557.9
555.8
562.3
566.3
564.5
577.3
564.1
566.7
568.2
564.4
569.5
563.2
562.5
560.6
561
567.1
555.4
562.5
564.9
566
561.4
574.1
570.8
576.1
567.4
564.5
568.6
559.6
564.5
558.7
555.5
558.6
559.6
565.6
569.5
573.9
568.4
565.3
568.4
566.7
567.4
565
564.1
562
565.5
556.3
556.6
557.3
562
565.6
563.5
562.8
567
561.9
574.3
558.5
557.6
559.9
554.8
556.7
554.3
561.4
566.8
562.6
567.6
562.8
571.3
565.9
565.5
562.5
560.7
563.8
558
562.5
559.7
560.1
559.9
563.6
558.2
564.9
572
565.1
564.1
566.4
556.3
559.2
561.1
565.5
562.2
551.9
566.7
564.1
560.9
568.5
571.5
571.7
575.1
570.2
562.3
566
566.1
561.7
559.4
560.7
561
557.1
561.6
568.2
568
569.2
574.4
578
565.9
565.6
565.7
560.6
561.7
558.9
560.7
563.5
568.9
561.2
561.8
568
566.4
570.1
577.1
574.4
569.2
568.3
563.4
556.1
560.4
559.7
559.2
566.4
562
567.1
565.5
569.6
570.5
576.2
572.9
565.3
565.7
563.2
566.4
565.9
560.5
557.1
563.8
558.5
560.7
560.4
570
571.5
569.8
573.3
570.7
569.3
565.4
566.6
561.6
564.8
561.3
563.3
562.9
567.6
563.5
562.2
570.5
569.1
568.2
572
564.8
568.8
569.3
567.3
572.7
557.9
558.4
558.4
568.6
564.7
567.8
569
571.5
572.6
571.8
564.2
568.5
564.2
559.8
557.8
558.9
563.3
561.6
562.7
566.8
567
560.1
562.3
569.9
568.4
559.6
564.4
557.5
557.7
557.2
557.3
560.9
563.7
559.2
567.9
571.4
569.7
564.6
569.8
571.1
556.9
556.9
559.9
557.4
558.1
549.2
557.4
560.3
563.5
564.7
568.9
568.5
565.9
567.7
564.1
564
566.3
559.6
558.9
555.5
558
554.6
556.3
565.6
565.5
565.3
568.9
567
564.1
560.1
558.9
534
553.2
557
558
566.3
553.9
558.7
561.9
560.1
568.5
568.3
570.8
565.8
564.5
562.8
558.4
557.6
555.1
552.8
553.1
556.5
551.1
560.9
562.8
564.4
558.4
558.8
568.9
563.2
559.9
557.2
556.3
556.8
555.8
549.5
551.6
558
563.5
561.7
566.3
567.8
565.1
559.9
561.9
561.2
556.2
556.6
557.5
553.8
555.3
555.4
555.4
559.6
564.9
565
573.6
565.5
565.3
565.8
561.8
556.3
553
552
556.1
551.6
565.1
552.7
565
559.9
564.3
567.4
566.5
565.3
560.4
555.7
561.9
558.7
557.6
547
553.3
550.3
555.3
556.8
560.7
564.4
560.2
566.2
559.1
556.8
558
550.6
553.9
554.7
555.5
556.7
555.6
559.9
559.6
566.7
562.7
567
562
559.9
555.8
554.8
556.8
556.9
550.1
550.8
549.8
556.8
551.6
564.5
564
567.3
562.7
559.8
560.5
560.7
548.4
553.2
547.2
553.5
556.1
551.2
557
559.9
563.4
564
559.1
566.1
558.9
566.1
559.7
556.9
554
546.5
555.4
557.2
552.7
559.2
555.7
556.2
571.5
564.9
559.9
563
562.2
556.2
555.1
552.2
556.8
550
549.9
549.9
550.9
556.9
556
554.3
567.7
567
556
552.3
553.7
556.4
550
549.4
550
548.4
553.9
555.8
556.4
558
561.7
560.2
568.6
569.2
563.6
559
559.8
560
559.9
553.2
551.2
551.7
556
554
556.6
559.1
559.9
557.9
564.6
554.7
552.5
556
555.5
548.6
556.6
552.8
549.5
548.7
547.7
556
559.8
559.1
560.7
559
558.2
554.7
551.3
550.2
549.6
545.3
547.5
544.7
554.5
553.3
555.3
565.1
562.4
565
555.5
555.3
560.4
554.4
551.2
548
552.9
559.9
548.9
551.2
552.4
556.9
558.6
563.8
559.5
556.8
552.9
547.4
550.6
546.6
552.2
547.6
540.2
549.5
548.6
559.2
556.3
559.8
556.2
558.3
558
556
551.7
553.4
556.3
543.9
543.5
550
550.8
546.7
553.6
552.7
554.2
563.3
555.6
558.5
551.1
552.7
551.5
550.9
541.1
553
543.5
545.3
544.3
556.3
558
560.4
556
558.9
559.8
547.8
551.1
552.5
548.2
546
548.2
543.9
548.2
546
548.8
555.7
553.6
558.7
557
559.5
558
550.1
555.2
554.4
547
544.8
549.2
549.2
549.9
554.5
554.4
556.5
559.4
553.6
556.6
544.4
547.2
550.9
546.9
545
542.7
545.4
554
549.1
554
551.3
556
561.2
553.2
555.5
560.5
554.9
542.8
548.1
544.2
549.3
542.8
550
550.7
552.6
550.6
553.2
556.6
559.8
555.5
548.3
554.7
545.9
549.7
547.1
547.4
546.6
546
547.5
545.8
552.2
556.2
554.5
558.6
551.9
544.4
551
548.9
549.4
543.6
545.7
539.2
551.1
551.1
555.1
554.3
555.7
556.5
555.7
555.4
549.2
548.8
549.7
545.9
545.1
542.8
542.1
551
548.1
551.4
550.1
553.5
554.7
555.5
555.6
545.2
552.4
545
538.1
544.4
539.4
542.8
546.9
547.1
550.7
549.1
553.4
553.5
548.5
551
546.9
544.4
542.4
543.6
546.1
539.6
545.5
548
547.1
548.6
550.2
553.6
552.8
544
546.8
545.8
544.2
544.2
544.3
538.8
541.2
542.2
543.6
547.6
550
547.7
551
555.5
549.9
548.5
545.4
542.4
541.4
540.1
541.8
541.6
539.7
547.4
542.4
544.9
547.7
550.9
550.5
552.5
554.4
550.4
540.3
544.6
539.4
543.6
535.8
542.5
540.8
541.4
545.9
547.8
549.5
553.4
554
549.9
549.3
542.6
538.7
542.5
539.6
544.3
540.7
543.1
551.6
549.7
564.6
549.2
554.9
546.9
549.9
545.1
539
542.3
540.3
543.2
541.4
544.9
539.1
550.4
544.8
552.6
547.2
552.9
543.7
548.8
543.5
543.5
542.3
544.9
543
536.7
539.5
544.4
546.1
547
552.1
551.6
552.1
562.5
547.9
547.4
541.9
542.4
535.7
542.6
536.3
538.9
544.4
545.9
539.6
551.3
548.1
549.2
546.5
545.4
547.8
541.3
541.4
540.3
532.1
542.3
538.6
541
544.1
548.1
551.8
551.6
550.6
553.2
547.4
548.2
548.3
537.2
537.3
539.4
544.4
540.9
537.6
540.8
549.7
551.1
556.7
551
546
548.5
542.9
541.5
546.6
539.4
543.1
541.9
540.1
541.3
546.9
549
547.8
550.9
546.8
547.7
549.1
547.3
545.5
538.6
542.6
536
537.6
537.6
540.3
545
552.8
545.1
551.2
554.8
547.6
541.1
543.6
544.2
542.9
535.5
534.1
542.3
539.4
538.1
549.1
548.3
545.1
547.8
545.8
542.6
541.6
538.1
541.6
530.7
537.7
536.1
534.9
542.1
536.1
544.8
540.6
549.6
547.6
543.4
546
543.5
542.7
537.4
535.1
532.7
533.5
536.1
535.8
543.1
544
547.9
547.6
545.4
549.1
538.1
544.6
540.1
541.6
537.4
538.4
534.5
535.8
530.7
539.7
541.4
549.6
545.2
536.7
538.5
543.2
538.8
532.5
537.5
538.4
537.7
537
534.9
537.6
535
542.4
545.6
546.4
538.5
545.3
541.8
536.8
539.8
534.9
535.9
538.1
531.3
538.5
542.4
542.6
544.3
544.4
546.3
544.1
540.2
538.1
537.2
535.1
538.9
533.7
533.4
540.8
534.4
539.6
538.4
544.7
545.8
541.4
545.1
545.1
539.4
536.1
539.1
528.7
536.6
531.9
531.4
543.1
540.1
539.6
544.6
543.9
546.1
544.6
534.9
535.8
537.1
536.8
534.9
531.7
530.4
535.5
536.2
538.1
542.8
542.3
542.9
543.1
537.8
536.2
538.8
527.4
536.5
539.9
535.9
532.1
533.9
540.3
528.5
537.6
541.4
543.8
540.2
539.2
531.9
539.3
534.5
533.8
533.4
529.4
526.3
536.2
532.5
540.7
541.1
547.3
542.6
542
537.9
540.4
537.4
536.2
530.4
530.7
532.8
529.5
532.4
531.8
535.1
538.2
542.3
537.9
538.2
533.9
538.7
534.4
530.8
530.6
532.2
535.5
525.4
530.9
527.3
526.3
535.1
536.6
541.4
541.1
543.9
540.2
532.1
529.6
535.1
527
524.7
532.1
530.4
532.9
527
537.9
536.6
539.8
538.4
539.8
538.6
533.2
534.2
533.3
528.4
528.9
523.5
532
529.5
534.1
529.7
540.1
535.6
534.6
539.6
533
537.1
538.3
531.7
527.4
527.4
527.9
537.3
528.6
534.4
538.1
533.1
541.8
532.3
544.2
537.7
530.7
531.1
531.6
533.4
539
530.6
531.7
537.2
541.3
533.6
534.4
538.8
541
541.8
536.1
532.3
535.3
534.7
538.2
530.8
533.2
526.5
535.5
540.4
543.5
539
544.9
531
541.5
541.1
539
537
533.3
529.7
532.5
534.5
532.3
531.1
535.6
535.1
539.5
541.5
542.2
542.1
538
533.7
537.7
529.6
523.1
526.3
535.5
536.6
529.8
532.8
528.6
536.7
545.2
537.5
540.2
541
537.6
534.5
530.5
535.7
529.3
534.8
536.7
530.9
533.2
539.8
539.2
545.2
535.3
544.2
536.2
536.6
534.5
533.3
523.9
534.4
529.7
532.8
529.4
541.8
531.7
539.8
539.6
539.2
538
538.6
536.7
537.2
538.9
530.5
527.1
529.3
526.8
525.7
541.3
542.2
533.3
533.7
536.2
543.3
533.4
537.2
535.2
533.5
533.4
528.4
529.7
530.5
525.1
532.7
536.5
535.3
540.4
535.3
543
538.3
535.7
535.7
531.5
529.5
526.1
527.7
525.6
527.4
535.2
534.7
541
540.5
533.9
535.5
544
529.3
528.7
522.9
530.8
527.3
526.3
527.8
528.1
530.5
532.2
537.7
540.4
534.5
537.2
530.4
535.6
528.2
525.1
531.7
528.8
523.4
527.6
528.3
529.1
529.3
538.5
538
539.7
537.2
536.3
530.5
524.6
527.6
521.5
525.5
521.9
520.2
527.7
532
534.1
534.5
537.9
530.6
532.2
532.7
524.5
521.2
527.6
526.5
521
521.7
518.4
528.6
524.6
526.6
531.3
541.5
535.2
531
534.2
530.8
528.3
522.4
519.7
526
528.1
522.9
527.6
530.7
529.6
537.2
531.8
534.5
533.7
536.8
532.7
527.4
522.6
527.7
528.8
523.7
529.8
524.2
532.1
532.8
535.2
533.3
532.6
529.6
530
529.6
522.2
527.7
521.7
520.1
530.8
524.4
526.4
528.5
536.1
531.4
536.1
532.5
532.3
526.2
526.8
527.8
523.6
520.9
521.5
524.5
523.7
529.3
527.8
531
528.8
529.7
539
529.6
525.4
525.5
518.5
524.1
518.3
524.6
522.3
526.7
520.1
526.7
537.6
536.6
535.3
533.6
528
518.5
522.3
522
532
526.3
523.3
522.9
523.4
527.3
528.3
529.2
537.4
532.3
531.7
524.4
524.5
528.3
524.6
519
516.4
518.8
522.4
525.2
527.9
530
532.1
528.3
526
523.2
528
526.3
526.6
514.4
525.2
520.3
527.8
519
525.4
523.1
530.6
529.7
534
532.3
527.1
524.3
524
523.1
520.1
520
522.2
523.4
518.3
533.8
528.1
530
531.2
532.4
529.7
523.9
518.5
520.7
522.3
516.2
520
518.5
518.9
521.9
520.8
532.5
527.8
534.7
524.4
526.6
527.8
524.8
519.5
523.6
517.5
521.2
522.6
517.9
524.5
525.7
526.8
526.4
524.7
531.7
526.8
524.1
521.2
523.1
518.2
519.3
511.4
519.7
521.5
525.6
525.9
531.3
531.5
530.4
525.8
530.8
522.1
520.9
518
520.9
512.9
523.6
518.7
517.6
520.7
525.5
528.9
529.8
528.5
526.7
523.4
516.8
520.9
516.9
515.8
522.7
515.8
515.9
519.7
520.6
526.1
525.7
527.8
529.9
524.1
528.7
522.6
521
517.7
522.1
518.4
522.6
515.3
516.6
520.1
523.7
519.1
522.5
525.5
526.8
523.6
525.1
517.9
517.2
514
519.5
517.8
518
518
525.6
520.9
527.1
526.7
524
522.6
527.3
524.9
520.8
522.1
511.3
516.9
516.3
514.8
512.1
514.1
524.4
527.1
525.5
529.4
525.6
527.5
517.5
521.5
518.8
517.2
515.6
513.5
515.5
516.7
517.5
521.2
522.9
528.1
526
523.8
517.5
515.8
522.9
518.7
511.9
511.7
522
513.9
515.8
521.4
516.1
527.8
526.2
529.7
522.3
519
521.2
518
519.7
516.7
513.6
506.2
515.1
515.6
521.6
524.2
522.1
528.7
523.1
526.4
522
514.8
517
519.6
518.2
516
517.1
520.6
516.9
520.5
523.1
526.2
525.9
521.4
524
527.5
514.8
524.4
515.1
519.7
515.5
508.9
511.9
512
518.8
523.4
524.8
520.2
521.2
528.1
523.8
518.8
518.5
518.3
515.3
511.6
509.1
516.6
516.9
520.4
517.8
520.6
521.9
526.1
519.7
519
514.1
515.5
512.7
512.2
506.4
513.2
508.1
517.9
520.9
518.2
527
516.2
515.3
526.1
522.3
516.4
516.3
515.1
512.3
511.9
513.3
510.3
517.4
522.2
520.9
522.6
529
523
525.1
526.5
520.2
514.3
514.4
515.1
513.5
516.1
512.7
512.7
517.7
511.1
520.9
521.4
524.7
520.2
515.8
517
517.4
510.7
513.5
513.1
509.1
513.5
515.1
519.5
526.8
521.2
525.3
523.9
517.3
515.6
519.6
514.2
511.2
510
508.9
510.3
512.7
512.6
516.6
519.4
527.8
524.7
521.6
519.9
514.6
513
514
507.4
513.9
513.6
514.3
510
511.8
522.6
520
521.6
517.1
532
524.6
518.4
526.2
511.8
512.7
508.4
508.3
510.3
511.5
510.1
510
516.5
517.5
522
513.4
521.1
519.6
520.6
512.6
510.8
513.7
513.4
509.7
509.6
509.2
516.4
517.5
519.5
524.6
523.3
516.1
519.7
517.8
512.3
511.3
508.2
515.9
509.3
508.2
514.5
513.7
516.6
522.7
517.3
518.3
516.7
516.1
518.4
504.4
517
513.6
507.7
506.8
513.1
511
519.9
523.7
520.7
519.4
518.8
517.3
515.3
513.9
508.6
512.6
510.5
510
512.7
514.2
505.5
527.4
517.9
517.5
524.8
520.3
516.8
510.2
512.6
513.1
507
511.8
510.7
511
512.2
515
511.6
520.4
521.9
519.6
524.1
517
514.5
515.7
513.8
510.6
505.7
503.8
503.5
515.6
510.7
516.5
516.1
521.6
523.4
518.7
519.7
515.1
515.8
502.9
508.4
512.5
509.5
505.8
511
513.4
512.2
512.9
520.4
519.6
522.7
514.1
511.5
512.4
509.1
504.3
505.4
508.2
504.9
515.3
520.3
514.6
521.4
521.3
516.1
517.5
516.5
507.4
503.4
501
509.3
507.9
513.6
504.2
512.9
517.1
525.7
516.2
518
519
515.3
515.3
509.6
511.5
512
503.8
515.4
511.2
519.9
516.4
515.9
515.4
526.4
509.9
517.3
517.8
515.3
507.2
504.9
504.1
507.9
504
509.8
512.7
507.9
509.1
519.3
515.3
518.3
515.1
517
511.9
514.6
511.2
512.5
506.3
507.2
515.6
505.7
514.8
508.1
515.5
514.6
535.1
522.2
521.5
513.7
514.2
504.2
503.8
510.7
513.3
512.8
512.1
516.6
512.4
510.4
518.2
518
520
519.7
513.4
512.3
508.3
510.1
510.5
505.4
509
506.3
518.1
520
519.9
517.1
523.8
521.6
516
510.8
513.1
507.7
510.8
507.4
504.8
515.2
513.8
511.2
516.1
522.7
520.3
519.3
526.1
513.5
509.5
506.6
509.2
509.3
504.7
511.8
508.3
509.6
512.5
513.1
521.2
525.4
523.5
523.2
524.9
517
511.1
513.8
506.4
507.8
511.4
503
504.2
504.4
507.6
510.3
515.8
516
521.1
511.5
515.8
515.3
509.8
512.4
507.2
505.6
511.7
507
501.6
513.6
508.8
522.1
513.7
519.9
523.3
520.2
521.5
523.7
518.2
516.6
508.2
513.8
515.6
515.1
512.5
521.8
518
520.1
520.3
518.9
516.3
509.9
507.3
508.6
510.1
505.7
510
513.6
517.7
516.3
518.5
518.5
516.2
518.3
518
523.8
512.6
510
512.3
502.2
507.2
509.9
507.7
511
514.3
516.1
510.5
514.2
507.1
516.1
513.7
513.9
514.8
520.5
511.8
508.1
509.2
504.9
509.1
509.5
518
515.9
523.1
519.2
521.9
519.8
518.7
512.5
513.5
513.8
514
511.5
508.3
506.9
511.2
509.8
514.2
510.4
513.6
510.9
515.8
514
513.3
508.8
502.6
506.4
503.9
514.7
516.9
506.6
514
519.2
529.6
518.5
515.1
510.1
519.9
517.1
516
514.4
510.1
507.4
512.2
507.6
509.1
513.5
515.4
510.5
513.9
516.8
513.1
513.7
513.1
507.1
506.4
506.4
508.6
505.5
504.7
510
506.8
507.1
516.3
511
513.9
512.9
515.8
508.6
508.1
501
501.4
502.8
505
511.7
508.9
512.7
514.2
514
519.7
506.5
512.9
516.8
518.1
508.5
509.5
508.1
497.4
506.3
505.4
509.7
511.8
509.1
516.4
519.3
519.8
524.9
511
510.5
506.6
507.8
505.7
507.8
503.9
506.8
506.9
505.5
510.5
512.2
519.6
510.3
525.5
510.5
506.9
506.7
502.7
513
506.9
510.6
513.6
508.9
512
511.5
513
519.2
516.7
517.6
518.4
513.7
506.5
504.5
507.6
503.8
506.2
496.6
498.5
504.2
509.3
517.5
513
509.6
509.3
519.5
505.3
506.4
497.8
508.4
503.9
502.9
509.5
507.3
510.7
509.8
511.5
512.4
518.3
506.1
515.7
513.4
512.8
509.3
508.3
509.8
503.5
508.2
506.5
510.1
516.4
520.3
517.1
520
513.8
518.6
514.6
514.6
510.5
510.3
503.6
515.4
508.4
506.6
515.6
513.2
523.1
516.6
520.2
514
516.8
519.1
513.2
507.4
509.6
504.3
512.5
509.3
508.3
511.7
512.1
517.1
521.2
520.7
517.6
509.3
513.7
510.7
510.7
514
510.8
513.7
511.3
506.7
510.1
512.8
513.9
521.3
512.8
521.5
518.1
509.9
503.3
507.4
504.4
511.5
507.5
504.3
506.3
516.1
513.5
517.9
516.5
512.9
515.5
513.2
506.8
509.8
511.5
509.1
508.2
507.4
506.8
509.1
512.3
518.2
515.1
513.5
511
516.5
510.5
510.3
515.3
511.2
508.4
507.7
505.7
505.3
511.5
521.5
513
519.5
521.1
519.4
522.9
511
512.9
509.8
509.9
513.6
504.5
510.5
510.9
508.7
510.3
516.6
520.3
516.4
510.1
517.2
502.8
513.2
509.3
505.2
507.6
512.8
507.4
509.5
504.1
510.4
513.3
509.9
517.8
516.8
517.2
511.3
512.3
512.5
502.2
506
511.8
504.3
503.1
509.1
509.8
511.2
520.7
518.2
511.8
518.5
514.6
516.1
513
511.5
505.1
502.4
504.8
504.5
505
515.1
507.9
507.1
516.2
515.3
520
507.9
507.5
502.2
506.2
509.1
506.9
510.1
503.8
514.5
509.7
518.5
512.8
524.6
515.6
516.6
513.8
507.9
508.2
510.1
501.1
502.2
507
508.6
503.6
514.4
513.2
522.7
516.4
527.9
510.1
510.2
507.2
506.9
497.3
501.4
503.9
511.7
509.3
513.8
512.2
515.7
509.8
517.1
508.8
514.7
518
508.6
509
511.1
509.3
507.2
509.5
507.2
509.9
507.1
507.7
517.6
514.6
520
523.2
515.3
506.7
513.9
509.4
505.7
504.8
506
509.7
506.5
509.1
516.7
522.1
519
518.5
516.6
518
509.9
517.6
510.4
509.9
507.9
508.8
510.3
501.4
505.4
507.7
508.4
513.8
515
504.7
510.7
503
510.5
502.2
504.9
499.1
502.5
503.6
501.2
498.4
501.5
509.5
506.1
510.2
510.3
510.7
508.3
507.8
509.3
502.1
502.7
503.5
494.4
503.3
511.2
505
500.4
515.2
505.2
515.9
511
512
505.2
503.9
501.5
504.5
499.7
498.9
501.1
500.9
499.6
507.3
512
514.3
513.6
507.2
507.5
507.9
503.1
503.5
505.7
500.7
511
501.6
502
506.5
513
510.4
520
511.7
512.6
508.4
506.5
505.4
506.2
510.6
504.3
502.3
504.6
503.5
514.1
512
510.2
517.7
517.4
515.4
510
504.8
497
509
506.2
503.3
504.4
503.3
507.4
507.9
515.6
512.4
514
511.4
516.6
513.2
512.9
505.9
506.8
502.9
501.5
500.7
506.4
509.3
511
510.9
501.8
514.8
512.6
512.9
509.3
509
505.8
507.2
501.8
504.5
500.1
504.2
506.7
502.1
510.1
511.9
517.7
514.5
513.8
506.5
499.8
504.7
502.1
501.6
503
504.8
504.8
511.8
518.7
506.4
515.8
514.5
516.2
509.3
506.6
511.5
504.5
497.2
501.1
500.9
501.4
511.9
502.1
505.9
510.6
517.1
512.5
515.7
516
502.6
508.7
499.7
503.3
501.9
501.1
505.9
503.7
502.6
500.8
515.3
514.4
513.1
511.9
509.5
508.1
504.5
494.3
502.7
503.6
500
503.9
507.6
514.7
515.7
512.3
512.5
508.7
507.5
506.4
497
494.9
499.2
504.4
506.2
505.4
495.9
504
515.6
522.5
519.2
510.3
510.9
506.5
512.4
505.4
503.5
502.1
508.1
504.7
507.1
499
506.9
508.4
509.9
509.9
507.5
512
501
503
502.7
499.2
498
496.7
504.8
500.1
509.4
506.4
504.1
502.4
509.9
509.4
506.9
506.7
507.2
498.3
501.8
493.5
503.8
503.7
503.4
504.6
501.1
508.7
512.3
505.5
506.2
507.1
505.9
503.9
500.8
501.4
502.2
498.7
498.4
499.2
501.7
506
500.7
506
505.5
508.9
513.4
508.2
508.7
505.9
503.4
500.6
497
492.3
496.6
503.2
498.7
503.6
513.8
513.6
507.7
505.1
508.8
507.5
507.6
502.7
503.2
503.4
501.3
504.4
498.4
502.4
504.6
503.9
507.2
515.9
515.9
510.2
506.5
501.4
502
498.3
500.6
503.4
500
499
502.7
507.6
508.3
504.2
502.5
503.4
508.1
504
499.1
498.8
502.7
498.7
500.8
506.3
503.1
505.1
505.3
503.1
506.6
509.9
507.5
512.2
503.9
497.9
494.1
496.3
499.5
499.8
497.1
498.9
504.9
504.9
503.3
512.4
504.9
510
501
501.3
507.7
506.7
497.9
499.1
501.3
499.9
494.7
500.4
503.6
509.1
503.2
508.7
506.1
502.9
510.3
501.1
504.6
495.9
498.9
500.6
503.8
498.9
503.5
502.5
504.2
506.1
507
504.9
506.3
506.3
502
497.7
497.8
497.2
503
499.6
495.3
504.1
503.2
506.1
507.9
508.7
508.6
510.7
502.5
497.2
505.6
493.3
497.8
492.1
499.6
497.5
501.4
505.8
508.9
509.2
508
505.6
507.7
500.6
505.9
494.8
508.4
500.2
501.5
504.1
501.9
501.8
507.2
506.2
507.8
511.2
504.1
503.9
504.7
501.3
508.4
503.4
495.7
500.3
500.8
504.4
502.9
502.9
504.5
506.5
510.6
507.4
508.2
507.7
503.4
502.2
500.8
500.5
502.2
500.4
495.6
498.6
503.7
510.1
510.1
505.5
508
502.3
503.8
506.5
502.2
502.7
497.8
495.4
501.9
499.5
502.4
500.2
508.4
507.2
510.6
511.3
504.5
499.8
505
502.6
499.8
501.2
494.9
501.6
498.7
501.3
509.4
509.1
503.2
508.8
497.6
504.1
503.9
502.8
503.7
498.3
502.3
500.8
497.1
500
501.7
505.5
511.8
510.3
508
516.6
506.7
503.8
502.9
499.4
497.8
499.1
491.8
500.1
507.4
502.5
505.4
502
510.1
511.1
504.8
503.7
503.9
505.8
502.7
505.1
500.1
501.9
497.5
502.6
503.1
507.9
506.3
508.9
509.1
504.5
500.8
502.4
497.2
500.3
502.2
501.3
499.2
498.3
503.6
507.2
500.8
510.8
513.5
506.5
512.7
504.2
507.9
502.2
501.4
497
507.1
499.6
499.6
498.7
502.2
502.3
507.7
507.4
511.4
511.8
510.5
504.4
498
501
498.9
502.3
501.4
500.8
504.8
506.1
502.8
504.7
511.5
501
508.6
513
508.2
497
498.1
502.8
499.2
499.7
503.9
497.7
501.5
504
507.5
505.6
505.3
507.7
502.9
502.5
501.8
502.6
500.6
500.7
498.4
501.3
504.1
500
506.6
509.7
505.4
510.2
513.2
510.3
509.5
504.8
503.9
498.3
504.9
502
505.5
505.6
509.1
505.3
493.5
512.2
503.5
506.4
510.8
514.1
500.1
499.7
507.2
494.9
503.1
506.7
500.6
497.5
501.4
506
508.2
502
504.2
501.8
502.5
500.8
498.7
500.2
499
494.9
498.3
498.4
496.7
494.5
501.4
500.6
510.4
506.4
506.2
504.2
495.8
490.4
495.4
496.1
498.4
497.6
505.5
510.4
504.1
503.7
503.4
508.3
508.6
507.7
508.1
500.6
499.6
494.2
483.2
500.8
501.7
498.6
499.7
499.9
502.7
512.6
511.9
507
512.3
511.6
505.3
499.6
501.1
497.9
500.1
501.3
496.3
493.6
506
501.1
503.9
498.6
505.3
507
505.6
504.6
495.3
493.5
499.9
489.1
495.4
491.5
495
502.5
505.8
504.6
504.9
501.1
504.7
503.9
503.5
498.7
497.3
495.6
495.9
496.6
495.4
494.4
493.9
496.3
507.8
504.2
509.4
510.6
504.6
499.4
497.3
498
492.7
497.2
499.8
496.4
498.6
499
500.4
500.2
502.2
505.9
502.2
500.9
497.8
501.5
496.4
501.2
501
494.5
493.1
492.7
496.6
489.3
499.7
494
502.5
510.7
498.7
501.2
501
494.9
494.6
494.7
498
496.9
494.2
498.1
503.2
506.1
504.4
502.3
504.6
500.6
507.2
499.2
497.5
493.2
497.2
502.3
493.8
499.7
504.2
502.4
505
505.6
510.1
506.3
502.5
505.4
506.5
499.3
490.8
496.8
494.3
492.7
498.7
491.9
502
504.2
497.1
504.6
510.2
494.8
503.5
505.8
500.5
495.5
497.5
491.2
493.8
490.1
497.5
500.2
499.7
497.4
495.6
505.1
492.9
504.2
497.9
499.5
502.1
493.2
490.7
496.8
497.1
494.3
498
494.3
500.9
510.4
504.2
501.9
507.4
499
501.3
497.5
496.1
494.3
492.3
497.3
496.8
503
502.7
507.5
510.8
504.2
509.2
509.7
503.3
501
501.3
494.5
493.1
497.9
498.7
503.1
502.6
499.6
507.2
503.4
508.7
512
501.8
511.2
507.9
501.1
499
502.5
499.6
505.9
502.2
503.4
513.2
512.8
514.5
511.6
507
509.8
498.5
499.4
501.6
496.3
499.8
500.6
499.4
484
513.5
519.3
513.3
526.1
508.1
507.1
506.4
508.7
514.7
525.8
535.8
536.8
549.2
539.2
548.5
552.2
551.3
550.9
557.7
562.5
560.1
559.7
558
558
556.3
555.5
562.3
563.4
563.5
569.1
566.7
565.4
572.8
572.2
580.7
579.3
584.5
578.1
572.8
575
578.8
577.1
574.2
570.6
575.6
574.5
586.1
581.9
595.7
603.2
602.7
597.3
598.4
594.6
597.3
586.8
591.4
589.1
589.5
595.3
586.1
595.4
602.6
598
605.9
608.4
606.3
608
603.4
607
597.6
598.4
604.1
599.4
603.2
605.3
612.2
608.4
611.5
615.3
614.4
608.8
610.2
613.1
619.1
614.4
610.4
615.6
621
630.5
630.3
634
636.8
653.1
677.4
686.5
682.8
682.7
677.8
680
683.1
689.9
698.7
703.5
710.5
705.4
708.5
706.2
709.7
717.4
718.2
720.8
714.5
718.9
723.3
722.9
727.4
726.8
730.5
730.9
741.4
752.2
750.3
750.1
752.1
755.7
758.5
752.8
749.2
751.5
753.1
756.6
762.1
758.6
766.8
765.3
776.4
776.7
785.9
782
788.9
781.2
791.2
793.8
796.6
803.8
796.9
805.9
797.9
798.7
801.2
802.8
809.7
818.7
812.9
820.5
807.7
813.3
810.9
806.6
812.8
817.1
812.7
815.2
824.9
827.5
826.5
823.3
829.1
827.6
830.2
834.1
823.7
827.3
829.3
827.9
826.8
826.3
829.4
837.5
835.9
841.6
853.8
852.6
853.6
852.7
857.6
861.9
857.4
843.8
847.3
845.5
853.5
865.2
866.6
870.3
873.2
868.7
868.7
884.7
886.7
880.3
872.6
870.9
872.2
872.9
863.1
869.5
872.3
876.3
872.7
882.9
883.6
886
897.6
886
886.7
891.4
883.5
884.1
890.5
884.4
880.3
885.6
899.1
895.2
902.3
909.3
907.7
919.7
915
913.4
921.6
