894
891.1
896.4
892.5
888.1
878.4
879.2
880.3
872.8
881.5
881.5
879.8
882.7
890.2
886.5
893.5
893.2
898.7
890.3
893
887.4
880.7
883.8
878.3
874.5
879
879.3
882.2
886.7
891.9
893.4
888.3
890
897.5
893.6
885.1
880.5
877.5
882.4
881.2
880.6
879.3
876.7
877.7
891.9
881.8
882.9
885.3
886.8
884.1
885.6
878.9
879.1
874.9
873.3
874.8
874.5
875.7
873.9
875.4
881.9
882.8
882.1
887.5
878.3
879
879
872.7
869.4
870.6
873.5
874.1
873.1
881.8
872.6
883.5
878.1
881.9
874.9
883.8
877.2
877.7
874.5
871.8
867.7
870.1
871.5
867.3
869.6
868.4
872.8
878.3
881
870.9
875.5
880.7
866.8
873.4
871.3
867.4
862
866.5
866.4
872.1
872.2
881.8
880.1
875.4
870.9
882.1
870.9
867.1
872
862.2
864.2
866.8
866.1
866.2
867.6
874.1
867.8
871.1
873.5
872.1
869.1
875.4
868.7
865.3
869.7
867.8
867.5
863.7
863.2
871.2
879.6
877.9
876.9
872.2
869.4
870.2
871.5
870.7
868.5
866.8
860.7
854.8
869.4
865.5
863.6
871.7
875.5
876.1
871
875.1
869.7
871.9
870
873.2
865.4
864.2
860.7
863.4
862.9
866.5
867.6
868.8
872.7
873.9
877.1
874
868.8
860.7
855.1
860.2
859.9
858.6
856.6
864.7
867.3
859.8
871.4
868.6
872.4
871.2
867.5
868.9
864.9
860.9
857.3
859.9
862.7
858
859.8
858.5
861.8
867.3
869
867.3
869.5
869.7
863.7
861.7
855.4
859.5
860.2
859.5
864.3
860.5
860.2
867.6
862.8
869.5
867.4
873.1
869.5
869.5
868.9
862.6
860.3
862.6
857
864.3
876.2
868.5
867.2
871.6
875.9
864.6
866.9
861.9
866.8
859.7
858.7
851.6
859.9
856.9
864.7
869.4
864.4
865.9
865.9
872
878
881.4
881.5
869.3
875.2
864.7
863.9
861.2
859.1
860.8
860.3
859.7
863.6
861.2
872.9
876.8
868.7
873.7
867
867.6
866.3
859.2
863.2
862.2
863.1
866.1
859.8
864.3
869.3
872.6
876.9
878.6
867.1
877.9
867.2
867.2
862.4
857.6
864.2
862.1
859.8
858
871.5
873.1
863.8
875.7
872.2
871
867.6
865
865.8
860.8
855.5
860.4
858.1
860.5
862.6
865.7
866.1
870.8
870.8
865.8
867.4
866.6
859.9
859.2
861.5
862.3
853.3
857.2
854.5
857.5
860
860.8
866.3
869.8
865.8
867.8
864.9
856.1
856.4
860.3
855.6
859.3
857.3
849.6
860.5
861.4
865.6
874.3
865.1
869.1
865.5
864.7
858.9
857.9
857.7
864.9
856.2
869.1
855
855.2
865.1
868.8
860
870.5
859.3
862.3
870
864
864.5
860.6
863.4
862.1
858
864.4
859.8
862.5
867
866.1
862
872.8
869.1
864.6
864.2
859.7
858.8
858.6
859.6
861.4
854.7
860.5
858.1
858.3
862.2
873
862.7
865.2
860.1
857.6
856.1
850.7
857.1
855.1
855.9
860
860.1
861.8
864.8
860.3
864.4
867.2
869.6
861.6
855.7
853.9
849.3
851.5
850.8
850.8
851.1
860.4
856.9
861.8
863.9
863.6
869.2
859.5
859.1
852.8
855.8
853.6
834.8
851.3
847.6
850.5
849.6
854.3
859.2
862.5
857.8
864.3
854.4
859.1
853.4
851.6
849.6
849.8
851.7
845.7
841.1
842.7
849.3
853.2
858.7
852.6
849.4
852
848.8
854.2
843.6
842.8
845.6
847.9
843.5
840
847.5
850.8
848.7
843.1
851
846.2
844.5
841.8
847.2
842.8
837.5
840.5
836.4
842.9
839
846
840.2
846.7
850.3
846.7
849.7
844.5
852.2
842.9
845.3
838.8
837.4
841.3
839
836.6
838.8
841.2
837.6
843.9
838.3
839.7
842.2
843.4
840.8
836.5
835.7
833.1
831
830.7
832.5
835
838.8
844.1
840.2
836.9
843.8
839.5
836.5
834.3
840.7
832.4
830.3
833.8
832.9
833.1
832.6
830
833
839.7
835.7
842.1
844.1
840.7
835.1
838.1
827.4
829.2
825.7
833.1
828.3
833.3
828
838.1
838.9
831.3
838.6
835.6
829.5
832.5
830.2
827.1
829.1
822.7
821.2
822.1
827
832.5
840.8
830.7
834.3
829
830.9
835.1
832.4
819.7
822.2
818.9
815.1
816.2
820.9
828.2
823.5
823.8
831.1
831.8
835.3
831.5
829.2
828.9
829.3
822.6
822.2
816.9
816.7
818.9
824.6
826.6
827.3
830.5
829.8
819.4
826.8
819.6
812.1
812
813
817.5
809.1
814.7
818.2
823.4
822.3
824.2
831.5
825.9
817.7
821.9
821.6
816.7
811.9
814.3
817.7
816.1
814.7
822.6
821.2
820.7
829.8
827.1
822.8
822.2
822.8
818.1
803.2
808.6
808.3
812.6
813.3
808.7
814.4
816.5
818.9
818.9
819.6
824
821.8
818.1
814.2
813.6
807
806.6
808.3
807.5
813.4
811.5
808.7
814
822.1
815.1
816.9
812.1
809.8
807.5
800.9
804.7
803.8
806.4
806.7
805.1
807.3
814.4
812.7
811.9
813.4
810
814.5
814.4
805.4
801.4
804.5
805.3
804.7
800.8
805.9
808.5
803.8
807.5
814.3
806.3
814.2
809.5
807.3
805.6
796.9
797.1
806.6
796.8
797.1
797.4
793.8
803.6
807.9
806.5
810.7
808.2
803.8
807
802.2
798.9
801.4
795.5
793.8
791.9
793.8
790.5
801.9
796.9
805.8
808
807.9
805.7
800.8
800.6
795.5
793
789
795.3
787.3
798.3
792.3
797.6
795.6
803.3
800.4
805.4
801.6
798.9
795
794
789.6
790.5
792.2
790.7
788.9
790.3
796.7
796.2
796.8
797.3
794.3
791.4
788.7
792.8
792.6
782
785.4
785.3
784
786.2
788.9
786.9
789.7
790.4
795.9
795.1
791.9
796
793.2
795.8
788
785.2
779.1
785.9
777.8
787.4
787.4
797
786.4
794.4
788.6
790.9
789.3
785.8
784.2
780.8
780
778.8
781.3
778.6
777.5
776.7
783.8
786
792.4
787.7
789.8
786.5
785.7
781.2
779.2
778.8
802.4
779.1
770.2
775.9
777.9
773.7
782.2
784.7
788.5
787.4
785.8
780.6
779.8
771.6
777.1
777.3
770.8
768.2
772.1
773.7
779
780.8
782.8
779.2
779.5
782.1
777.3
777.8
770.5
772.5
771.2
770.7
770.9
769.5
777.5
777.2
776.3
779.8
784.5
781.7
774.4
769.3
774.4
772.9
771.1
768.1
768.1
768.7
767.2
773.6
775.8
774.6
774.6
777.3
782.5
772.5
771.7
768.2
769.3
762.7
768.8
762.1
761
762.8
767.7
767.9
770.5
771.9
778.9
772.1
770.8
763
760.8
755.7
763.9
760.9
757.1
757.6
758
763
764.7
765
770.6
769.7
766.1
763.4
756.6
759.9
759.5
757.9
758.8
756.2
755.7
757.8
763.2
770.3
762.3
767.9
771.5
765.6
768.8
754.8
753.7
754.5
763.4
751.4
748.5
749.5
755.9
757.9
760.4
761.2
766.1
762.7
754.2
766.4
753.2
754.6
749.5
750.2
752.2
760.1
752.8
748.7
757.3
761.3
763
762.4
762.5
761
756.7
750.5
748.6
754.8
750.9
746.5
754.1
750.5
753.8
759.6
761.9
757.9
759
758.4
759.1
752.7
757.9
750.7
747.5
748.9
747.3
750.6
753.1
751.1
753.3
754.6
759.7
758.7
759
755.7
753.2
751.5
747.5
744.7
746.6
742.4
743
749.8
747.6
758
755.4
755
757.8
756.4
751.8
750.4
746.3
744.6
738.9
737
742.9
741.8
743
744.8
747.1
749.7
748.9
750.3
750
746.1
745.4
746
747
735.2
739.6
738.8
739.9
747.2
748.2
746.7
740.6
748.9
749.8
751.4
753.2
740.5
742.9
738.3
743
738.7
729.2
737.6
740.6
739.7
743.2
741.2
751.3
749.7
743.2
743.3
736.2
734.7
738.5
735.8
736
731.8
735.7
733.5
742.1
740.2
742.2
751.4
744.6
745.2
745.7
739.4
738.3
730.7
734
729
730.4
731.7
732
734.4
734.2
739.7
737.1
743.1
738.3
740.3
733
734.4
731.6
725.9
724.3
724.1
728.9
728.6
732.5
733.9
730.8
736.7
739.9
735.9
736.4
731.7
734.6
725.8
726.4
727.3
729.4
726.7
732.5
724.2
731.9
733.3
730.8
731.6
736.4
733
729.1
722.9
726.6
723.5
723.4
718.4
723
729.5
728.4
724.8
732.7
733.2
730.3
734.2
725.5
731.5
723.4
728.3
717.8
721
720.7
719.5
722.1
727.5
727.2
730.1
729.5
728.7
728
732.8
723.2
721.8
719.6
721.8
720.6
719
715.1
718
718.8
725.8
718.1
729.1
726.5
725.9
726.2
722.2
718.2
722.2
719
713.9
714.1
718.6
710.1
714
723.3
720.3
723.9
735.1
717.8
720.4
722.7
720
719.8
713.8
709.2
711.8
711.8
711.4
723
719.3
724.1
728.6
720.4
722.4
724.1
712.6
709.7
712.3
709.8
710.9
712.1
705.8
710
709.8
716.5
716.1
715.7
720
715.1
716.8
714.6
713.2
713.4
706.5
704.5
713.8
706.6
713.6
718.6
717
721.9
715.5
714.6
719.9
722.1
710.6
710.6
715.6
710.1
708.8
706.9
706.8
711.3
711.2
713
708.3
720.3
717.9
723.7
717.4
713.4
713.4
714.3
705.5
709.3
708.9
711.8
713.6
713.3
714.6
717.3
716.4
716.1
711.3
715.9
704.4
708.1
711.6
704.8
706.3
700
709.7
706.3
713.9
706.1
705.8
717
709.1
709
709.9
709.4
707.4
703.9
705.1
694.6
701.7
706.8
713.1
708.1
708.8
710.3
708.4
711.2
714.1
709
711.4
706.8
695.5
701.6
701
696.6
699.7
706.4
704.5
706.3
706.9
712.9
708
713.8
704.6
708.9
705
697.1
705.1
695.5
700.6
696.8
704.9
704.3
696.7
706.4
713.4
710.3
706.4
711.7
707
700.3
703.1
699
704.5
700.1
701.3
705.9
709.3
711.3
708.8
711.3
714.5
710.3
712.7
701.9
707.9
704.6
699.6
696.5
693.8
698.8
697.7
705.4
706.7
713.1
707.5
704.6
710.6
708.4
700.3
700.1
699.7
698
695.2
695
697.2
698.9
698.5
708.3
707.9
711.1
707.7
704.7
708.3
702.3
700.6
698.4
700.8
696
697.4
696.6
706.1
702.3
705.5
708.4
712.1
703.6
707
699.3
691.8
698.3
696.4
695.5
695.9
690.6
691.5
705.5
699.7
701.7
702.1
706.3
702.6
700.8
698.3
693.7
693.9
687.1
696
691.7
696
697.2
698.3
698.4
700.1
703.4
704.1
701
700.1
703.3
696.7
698.2
694.9
692
688.3
703.1
689.2
695.5
706.8
702
706
701.9
697.2
703.5
698.7
693.6
690.1
692.5
691
688.1
696
692.4
699.7
699.9
701.3
701
694
695.1
690.3
699.5
698.8
698.1
698.8
696.4
697.7
701.3
702.4
706
707.3
707.8
709.8
709.3
703.7
703.6
696.3
700.7
690.6
697
687.1
697
702.1
695.3
706
704.1
708.3
708.3
709
699.1
693.4
691
690.6
696.6
698.2
697.5
683.4
696.4
693
700.6
699.1
696.8
701.6
700.5
700.9
703.4
696.2
695.8
687.4
693.4
682.9
694.6
699.1
702.5
696.8
697.8
699.1
704.8
695.8
698.9
697.7
695.6
692.1
690.1
692.9
686
688.9
687.9
694
691.4
692.8
702.5
700.7
702.8
704.5
697.4
695.4
691.7
688.7
689
688.9
691.4
693.1
692.8
697.8
696.1
699.7
700.6
704.9
694.1
694.5
697.4
692.7
688.3
684
691
686.5
697.6
695.7
697.9
702.2
706.4
703
706.9
702.8
702.5
704.8
693.3
688.4
696.6
692.6
687.4
696.6
696.2
700.5
705.9
703.9
708.9
711.1
697.7
703.4
701.4
696.6
695
698.8
696
692.8
694.2
703
699.9
703.5
702.5
707
705
698.4
700.7
694.8
692
701.1
696.5
699.8
691.4
701
692.6
700.5
704.1
707
710
708.4
701.4
701
695.3
699.9
696
698.2
697.4
696.5
701
698
698.2
702.6
702.9
699.3
702.3
703.7
703.4
702.6
696.2
694.1
692.4
689.7
690
698.2
694.9
701.3
703.9
706.2
706
702.5
704.1
701.9
695.1
703.6
695.2
696
691.4
696.7
694.2
700.3
702.6
702
705.1
706
703
700.7
698.7
695.2
700
694.2
690.8
695.7
693.6
697.4
700.6
706.4
712.6
709.1
705.7
705.9
703.6
700.7
702.7
703.1
699.7
700.9
697.1
697.4
696.3
705.1
702
703.5
710
711.4
711.3
705.8
705.5
704.8
708.3
699
702.2
703.6
703.6
710.2
708.4
709.7
712.1
719.2
714.4
711.4
711.7
715.6
707.8
700.6
704
701.9
700.8
699.7
710.9
718.2
714.9
719.9
718.5
716.9
717.4
711.2
714
708
707.8
710.8
703.9
707.8
709.5
706.1
714
715.4
720.1
715.4
717.1
714.8
709.5
707.1
710.3
711.1
707.1
711
707
708.4
706.8
713
716.1
718.3
720.8
711.9
711
714.1
711.3
711
707.1
708
707.7
709
707.3
705.5
714.3
719
725.1
716.9
719
717
709.2
714.4
713.1
707.4
709
710.4
708
716.5
718.1
721.4
718.7
715.8
721.7
720.7
700.7
705.4
714.2
705.6
710.3
709.9
709.4
707.8
708.3
719.2
718.1
718.8
722.1
718.9
717.3
715.6
714.9
713.4
709.7
710.9
706.5
711.2
707.9
707.8
714.4
713.7
722.1
718.8
721
719.1
712.5
711.6
712.1
705.3
707.8
701.9
711.8
713.7
713
717.2
716.9
718.5
717.3
722.7
713.5
711.8
709.9
708.5
707.9
710.6
708
706.9
703.5
709.8
712.1
715.9
718.8
714.8
718.4
714.5
714.6
714.2
707.4
708.4
706.1
713.3
705.9
705.8
711.8
716.5
718.5
715.7
713.6
719.3
715
713.6
710.2
705.5
707.7
706.8
706.2
706.5
712.1
713.4
715.2
716.3
715.1
719.1
711.5
718.5
702.8
703.8
703.4
703.3
708.5
701.5
707.2
705.7
713.3
708.4
710.8
714.3
710.4
708.5
708.1
707.6
702.1
703.5
699.8
701
697.1
699.1
703.3
705.2
710.9
707.6
711.3
711.1
706.8
702.6
707.3
699
696.9
699
701.3
702.7
705
706.4
706.2
712.4
714.2
713.3
708.9
718.1
712.3
702.9
697.6
700.6
696.1
698.3
695.8
698.3
698.4
708
705
710.7
705.1
705.9
709.3
700.8
702
703.2
703.3
696.6
700.8
704.8
702.1
698.4
698.5
706.8
701.1
708.5
707.5
706.1
700.3
696.6
692.1
699.7
692.8
693.4
692.2
702.1
697.2
704.3
706.5
706.4
702.4
707.4
707.9
703.2
695
701.2
696.6
697.7
695.3
697.3
697.8
705.3
710.7
708.7
710.4
711.6
707.6
705.7
709.2
699.1
698.9
697.6
696
697
697.2
701.2
697.7
707.9
709.6
711
708.8
709.5
704.9
697.9
694.2
701.7
693
691.9
692.1
695.4
703.1
700.7
706.1
700.5
704.8
703.1
701.2
699.4
691
702.9
689.6
689.3
691.6
690.1
687.4
692.9
696.3
696.8
702.8
696.1
704
691.9
691.6
693.9
685.9
692.8
690.3
682.4
680
694.3
696.4
700.4
698.9
706.4
698.6
696.1
695.4
684.4
691.2
690.1
690.6
683.6
684.6
686.2
689.4
687.7
692.9
699.5
697.5
696.7
697.6
701.4
688.2
691
687.9
687.8
688.6
687.6
688
686.7
694.6
684.8
691.4
702
696.6
694.1
692.7
690.8
692
687.4
687.1
681.3
685.9
682.9
681.9
683.6
688
699.2
691.1
692.6
694.9
693.4
687.7
690.4
678.2
686.5
681.5
692.8
684.3
685.7
684.6
685.5
687.2
694.1
690.5
689.5
691.4
684
682.6
679.9
678.2
678.7
680.1
674.9
687.1
686.4
682.9
686.2
690.7
687.3
687.5
684.9
677
683.5
679.3
680.1
682.1
675.9
687
686.1
682.1
689.2
685.6
687.9
687.4
691.9
681.5
679.6
679.1
685.9
674.9
678.4
673.1
673.8
674.9
677.3
678
678
684.4
688.7
689.4
685.9
682.3
677.8
675.6
677.5
679.6
671.9
667
673
679.4
675.9
681.8
681.3
680.1
683
682
676.2
672.7
667.9
678.7
669.5
667.8
672.3
671.2
672.2
678.2
679.5
681
680.2
675.4
680.2
677.4
673.8
669.4
667.9
673.4
669.7
671.7
671.5
673.9
683
681
677
681.7
679
675.8
668.1
666.9
666.4
665.6
671.7
666.4
669.4
672.8
671.2
670.1
680
678.8
673.8
675.1
675.1
665.9
668.7
663.7
661.9
668.7
663.7
665.7
664.5
666.6
667.2
672.4
673.8
674
671.5
665.8
661.8
656.9
664
659.6
655.3
661.9
656.3
664.1
664.1
671.8
672.4
671
669.9
668.1
663.9
663.5
657.4
664.1
656.9
658.6
660.4
655
669.3
665.6
672
677.4
671.8
672.9
664.2
665.6
660.6
662.6
653.5
659.1
653.6
658.9
663.9
657.2
669.1
666
669
663.7
667.9
660.3
658
656.9
650.9
651.9
655.1
653.3
656
658.5
665
663.4
664.2
670.2
664.2
660.9
664
663
657.6
652.5
661.8
658.4
662.4
658.4
672.9
666.4
669
667.7
658.3
665.5
659.4
660.3
658.2
657.2
655.1
652.4
658.6
654.1
655.6
651.8
656.7
668.2
659.6
660.6
658.5
655
650.5
653.4
650.1
652.1
647.3
648
645.3
650.8
658.4
656.5
657.5
656.3
659.3
653.6
653
649.7
650.2
644.4
647.4
644.2
644.8
646.2
648.6
653.8
655.7
659.8
661.2
660
658.9
661.4
654.8
651.6
649.6
642.1
648.4
645.6
653.6
647.5
652.8
652.8
656.4
656.8
654.2
654.6
651.3
652.6
647.7
643.8
648
647.1
646.1
645
649.6
643.1
654.9
651.7
655.9
647.8
647.8
644.6
646
644.8
640.3
641.2
643.7
650.2
642.1
644.7
650.6
649.4
651.1
657.5
652.3
648.6
652
648.3
648.8
646.7
645.7
645.3
644.7
653.1
648.9
651.9
656.2
654
656.6
653.2
652.3
649.6
641.1
645.2
645.6
644
648
641.7
643.3
645.8
645.7
654.2
655.2
657.8
655.8
650.7
648.7
647.6
648.1
643.6
644.4
642.6
644.4
641.9
645.9
650.1
650.4
652.8
646.7
654.3
649.4
647.8
645
642.7
648.1
631.1
639.9
640
636.8
644.5
650.5
647.6
653.3
651
642.8
645.2
643.5
642.3
642.5
610.9
640.5
637.4
637.6
641.3
640.2
638.5
643.3
652.3
647.3
647.4
637.9
636.5
633.4
635.6
631.6
637.9
633.4
640.3
642
643.6
642.3
643.8
637.1
646.1
640
639.3
635.5
636.8
634.3
636.1
638.2
632.4
635.7
635.4
642.8
646.1
638.9
643.7
641.1
638.8
639.2
633.3
636.3
634
627.2
636.6
627.1
631.5
630.5
638.8
635.7
637.1
640.7
636.1
636.8
635.9
627.1
633.5
634
630.5
629.4
628.9
631.7
634.8
640.2
640
640.2
638.5
637.3
633.8
632.2
626.8
622.6
626.7
628.5
626.4
631.3
632.7
634.8
641.8
640.2
638.7
640.3
636.2
630.5
628.4
628.5
622.3
626.2
624.2
623.7
627.1
633.3
635
637.4
641.7
637.7
630.9
637.2
630.8
629
629.9
624.4
621.7
620.8
620
621.6
622
630.5
633.8
635.9
639.6
634.5
636
631.8
624.9
625.3
622.5
622.2
619.2
624.5
618.6
624.7
623.5
623.5
633.1
629.3
632.8
632.1
630.9
627.3
626.7
623.3
625.8
624.7
619.8
620.6
617.8
623
621.6
625.8
630.2
628.1
625.7
626
623.3
618.6
618
621.5
614.7
614.6
616.1
617.1
621
623.6
625.2
632.7
628.4
627.6
624.6
623.7
619.8
625.5
622.8
613.1
612
615.7
615.6
618.5
616.5
619.2
628.2
625.8
624.1
627.6
617.2
619.2
617.7
621.3
613.4
618
619.1
615.8
616.6
616.9
619.7
628.2
627.4
631.7
624.6
623.2
620
619.3
612.3
617.6
612.4
611.7
614.9
612.2
615.5
619.6
619.4
628.4
621.6
622
620.8
612.9
620.5
615.7
611.5
611.3
608.2
613.4
617.5
613.8
619.3
618.7
624.1
624.9
620.1
625.8
615.4
618.3
610.4
612.7
610.6
609.3
614.4
614.6
618.7
618.4
620.6
624.5
622.9
622.2
623.9
615.1
619.7
609.3
610.1
613.4
613.3
616.6
613.4
614.9
611
617.4
621
620.4
622.9
618.7
616.4
613
610
607.3
605.7
607.8
606.3
607.1
612.3
612.3
612.9
612.2
614
616.5
615.2
617.5
610.5
606.3
603
605.7
603.8
603.4
606.7
602.7
609.9
614.2
611.7
616.6
619.7
618.2
612.3
613.7
606.3
608.7
601.9
603.1
605.7
613.5
606.2
611
615.4
617
614.6
613.7
616.2
603.8
606.4
603.7
601.5
604.2
599.4
602.2
600.2
606.2
611.4
614
610.7
613.4
609.5
613.3
604.4
603.4
607.2
609.2
603.8
605.2
598.9
599.9
611.4
603.7
607
613.1
613.8
606.6
606.4
604
613.2
608
596.3
595.4
597.4
608.7
598
595.3
608.1
606.7
613.4
610
615.5
604.8
608.4
610
600.8
597.9
600.8
606.2
597.8
600.2
600.8
606.3
608.8
615.7
610
615.4
610.7
605.6
604.9
603.3
601.7
602.6
599.6
592.4
603.7
605.7
598.3
606.2
611.5
605.4
612.7
602.8
600.7
600.9
603.4
602.5
593.9
599.6
597.9
605
605.1
607.3
610.7
613.6
612.2
614.7
597.9
598.3
598.7
603.8
593.2
596.6
599.4
604.9
597.5
601.1
603.7
603.7
606.7
610.9
606.6
607.3
603.7
597.1
596.1
593.5
593
592.7
591.9
597.3
595.2
597.8
603.7
600.4
598.4
601.5
606.1
603.7
596.5
593.9
589.7
597.1
592.4
589.9
591.2
588.9
603.9
601.7
606.7
613.7
598.7
596.7
598.3
603
597.7
597.1
590.7
596.4
598.8
591.2
603.7
595.7
600.9
610.1
606.2
604.2
603
599.3
590.8
597.8
590.8
587.9
589.4
592
589.4
601
599
603.4
603.2
604.7
609.9
603.2
597.7
596.1
593.4
588.1
592.3
593.1
594.6
591.1
591.9
593.5
600.7
606.7
596.6
596.2
589.3
593.1
593.1
588.7
590.9
587.1
587.1
589.8
587.8
600.7
596.3
597.3
598.5
600.4
601.9
603.1
591.9
593.7
590.4
587.4
591.9
590.3
590.4
588.2
596.9
594.5
594.3
601.2
597
596.8
595.1
589
591.4
594.4
590.6
578.9
585
586
589.8
589.3
597.5
597.8
600.1
600.5
597.4
595.9
590.3
581.7
589.9
584.7
586.4
588.2
584.4
588.2
594.4
596.9
595.6
599.4
598.4
595.3
590.8
591.8
580.5
583.9
582.2
586.8
582
584.7
592
597.4
597.7
597.2
597.5
595.7
594.8
587.5
591.3
588
584.4
582.3
581.5
583.8
584.7
590.1
589
589.5
595.6
593.1
590.7
590.3
587.7
588.5
589
582.3
577.2
588.5
585.6
588.1
583.6
593.5
588.5
589.4
600.1
595.6
591.4
586.5
581.4
585.8
580.9
585.6
578.2
581
579.1
579.9
580
587.3
586.5
591.5
592.8
589.6
592.8
590
585.5
578.9
579.4
574.8
581
576.8
578.2
579.3
585.4
583.7
587.4
587.3
584.3
588.4
577.8
587.4
583.4
582.5
577
572.1
576.2
583.2
576.8
583.1
589
584.9
592.1
585.1
589.9
587.6
586.3
579.6
580.7
579.2
575.8
579
574.2
586.7
583.9
581.9
589.1
588.2
590.6
584.1
580.4
584.4
587.9
576.7
571.7
578.7
576.7
580.9
579.5
585.1
588
587.2
587.9
584.9
586.3
582.8
581.5
578.9
579.3
577.1
574.5
574.8
575.3
574.8
583.5
585.1
585.6
587.3
585.4
578.2
583.9
585.8
582.8
579.9
573.8
576.4
573.9
575.8
581.2
585.2
580.2
587.9
589.3
582.7
582.8
583.6
581.8
574.1
574.3
576.7
578.4
573.1
576.4
578.6
585.2
581.8
580
581.2
581.6
578.6
577.2
576.6
571.6
574.4
568
575.6
575
572.1
579.1
584.5
584.2
586
580.4
583.1
580.1
581.3
583.1
579.7
569.3
574.7
569.7
569.7
577.5
580.4
580.6
585.9
587.6
585.3
584.1
576.5
573.8
572.9
570.2
574.3
572.9
564
569
574
577.3
573.5
581.4
577
581.2
575.1
580.4
571.9
570.7
572.5
568.8
570.9
568.6
557.3
570
572.2
577.4
584.4
579.4
580.3
579.5
575.4
575.3
568.4
567.6
570.1
566.1
568.9
568.4
569.7
578.4
576.8
577.7
574.5
578
577.7
572.4
567.1
569.2
567
568.7
572.1
567.7
565.7
571.9
573.2
571.4
573.6
578.9
573.7
576.1
576.6
571.5
570
569.9
566.6
572.6
566.1
567.7
570.8
574.8
571.9
576.9
577
577.7
575.1
574.6
568.4
564.1
569.7
565.1
565.2
566.2
569.3
573.6
568.4
580.4
569.3
584.5
575.6
573.5
575
574.2
569.7
568
564
572.7
558.1
574.3
566.9
578.2
574.6
571.2
577.2
585.6
584.4
578.3
573
570.8
553.7
571.6
567.1
567.4
563.6
566.8
572.1
574
577.3
571.6
573.2
577.6
575.1
570.5
566.8
562.3
568.3
559.5
568.7
565.8
570.9
574
575.4
579.2
577.6
572.4
573.4
566.8
571
562.7
560.1
568
560.5
561.2
567.9
573
562.6
564.8
571.3
572
575.5
572.6
573.2
570.8
554.5
571
568.5
560.3
565.3
563.5
566.8
573.8
572.2
568
578.5
572.4
565.3
568.9
567.6
564.5
562.7
561.2
556.2
558.2
564.4
562.3
559.4
571.5
569.1
576.4
567.8
567.5
565
571.4
568.2
565.5
557.4
563.4
563.6
563.3
564.1
557.9
564.6
566.3
564.7
566
565.1
566.4
564.2
559.3
562.4
559.3
568.4
557.5
557.4
557.4
558.4
561.5
569.1
565.7
569.7
568.9
565.8
561.1
556.7
567.6
560
559.9
553.1
559.8
566.6
569.5
574.2
566.6
568.2
561.9
567.6
571.6
566.4
560.5
560.8
553
556
564.1
566.7
560.7
561.2
565.6
567.5
571.5
568
579.4
567.9
559.8
568.5
563.3
563.8
560.7
563.6
562.3
557.4
557.3
557.4
568.8
570.4
573
563.5
569.1
567.8
565.5
555.4
559.7
560.7
559.7
561.6
557.2
557.3
563.7
562.4
564
564.7
570
570.6
559.5
564.3
557
555.2
557.7
555.2
558.7
556.1
561.5
560.9
566.1
568.7
570.9
575.4
575.2
562.8
565.3
560.3
557.2
556.2
558.4
555.6
552.7
560.6
551.2
566.1
572.2
564.2
570
568.5
562.7
555.9
553.5
558.4
557.7
557.4
562.3
557.6
559.9
559.3
569.4
563.8
566.9
564.8
560.6
563.1
556.4
556.2
555.6
561.1
553.3
559.7
557.4
558
554
557
562.5
566.2
562.6
563
558.3
554.7
556.1
553.8
549.8
551.9
555.3
549
547.9
559.5
556.4
559.3
556.9
568.7
561.7
563.1
556
555
554.5
561.8
550.7
548.9
556.2
556
562.1
564.4
561.9
565.1
566.3
562.7
570.1
562.7
556.3
557.8
557.5
549.9
556.3
554.3
553.4
557.9
558.2
560.5
564.3
567.6
565.9
556.2
558.8
554.9
555.6
555.5
553.5
554.2
557
560.1
549.1
558
556.4
564.5
562.4
563
565.7
561.2
558.7
556.7
549.2
558.5
546.5
553.3
551.8
555.3
555.5
556.9
562.5
557.4
556.4
555.4
559.3
551.8
542.7
552.5
548.7
549.4
557.7
549.9
558.1
555.3
563.1
559.8
565.7
561.9
560.2
555.2
554.7
549.9
553.1
551
551.4
547.6
553.7
550.7
557.6
561.7
557.4
553.4
561.3
561.8
553.8
552.6
555.7
553.6
556.6
553.5
550.9
552.1
550.1
556.7
555.9
557.7
561
558.5
560.6
557.7
554.7
548.3
552.4
553.5
547.3
549.1
558.6
550.2
551.6
556
559.7
560.7
558.5
557.3
549.4
549.4
556
543.7
552.5
558.6
542.9
554.6
556
553.3
560.8
558.6
563.1
563.7
559.3
555.9
552
549.5
554.6
548.6
553.7
553.6
545.8
552.8
556.2
557
567.2
561.1
556.1
563.1
547.3
554.3
554.3
551.3
549.1
551.1
547.3
547.5
551.2
555.4
555.9
555.2
556.9
559.8
556.1
551.7
548.3
551
553.7
546.1
545.2
545.3
555.5
552.3
560.6
559.3
560.4
564.3
559.8
548.4
553.4
550
546.6
550.6
545
546.9
548.9
549.3
556.1
560.9
556.2
563.2
558.2
555.6
549.9
552.4
548.2
544.5
554.1
547.5
546.8
544.5
545.8
548.8
553.1
558.2
562.9
553.4
556.8
553.6
545.8
549.5
545.6
548.4
547.2
547.2
548.4
548.1
541.8
549.5
556.3
557.8
558.5
552.8
549.4
542.7
545.5
543
549.4
546.8
547.6
544.5
550.7
554.1
565.5
552.3
558.9
552.4
554.6
551.4
545.6
547.7
541.9
540.8
540.2
537.2
543.4
548.5
549.1
550.6
558.8
552.5
552.4
550.2
551.9
543.2
546.3
545.3
538.6
541.9
543.2
540.1
543.1
544.7
551.3
551.1
558.9
553.6
548.9
546.1
544.9
547.2
544.5
542.3
536.5
537.1
541.9
542.2
561.9
552.8
550.8
551.2
556.4
550.5
545.6
544.5
542.7
542.7
545.2
538.4
545.2
545.5
544.4
544.5
551.5
550.8
552.6
551.7
550.4
542.8
546.4
546.3
549.6
546
542.8
541
539
547.1
540.7
550.9
549.7
555.4
551.4
551.3
546.6
546.5
542.3
547.4
539
541.7
543.7
544
545.6
541.1
546.1
556.7
551.1
552.5
547.7
548.5
547.5
542.8
538.6
541.3
542.6
538
545.3
546.6
546.6
550.7
554.5
551.7
556.3
552.1
550.1
542.2
544.5
543.3
544.1
542.7
541.5
539
541.9
543
548.4
543.8
550.2
555.7
552.8
548.5
544.9
545.8
541.3
538.9
541
538.9
536.1
546.6
548.1
547.1
553.4
553
550.9
546.6
544.3
545.5
546.6
543.5
544.6
539.9
536.9
543.7
546.4
549.3
548.3
550.8
554.1
552.5
550.9
543.9
546.3
541.7
535.5
541.6
541.2
538.6
540.2
539.6
541.7
546
553.6
552
552.7
545.3
546.5
548.2
548.4
545.9
540.4
542.3
544.1
535.1
547.6
547.7
552.7
549.7
547.4
550.9
558.5
558.5
548
544.8
546.1
546.6
543.5
548.9
544.6
540.6
547.1
551.7
553.3
546.8
552.2
560.5
553.8
552.1
547.4
540.5
548.9
545.2
543
545.5
541.1
551.3
542.2
548.8
549.5
549.4
547.6
548.3
547.1
546.5
538.1
550.8
539.7
541.1
541.5
536.7
543.4
545.8
550.1
547.9
539.7
543.9
550.9
550
541.7
546.5
538.7
533.8
544.6
540.5
540.9
543.3
546.1
543.5
547.1
550.5
545.8
545.3
546.7
537.6
541.8
541.5
534.6
540.4
544.2
545.4
543.3
540.7
545.3
542.8
549.1
551.4
543.3
539.2
542.6
541.1
539.4
542.1
533.6
547.6
542.2
548.1
548.9
545.9
541.8
544.8
543.8
543.7
537
539.7
546.1
534.8
539.1
542.5
540.5
547.1
547.1
541.2
543.2
548.9
546.4
547.1
549
539.2
537.5
537.1
535.4
536.6
537.6
534.6
534.5
538.4
551.8
549.7
547.9
546.8
546.8
542.5
544.6
541.8
534.6
536.1
537.1
539.7
540.4
537.1
535.3
541.8
547.1
545.5
543.1
553
549.2
541.5
540.3
530.5
536.1
530.8
531.8
547
538
537
537.7
544.9
544.9
545.6
542.8
553.7
535.3
540
541.1
535.4
535.6
541.5
541.8
541.4
541.9
539.1
541.4
538.1
550.1
550
547.2
541.9
539.7
532.8
537.1
536.4
536.2
535.6
531.4
536.6
538.6
543.1
556.9
543
546.2
538.6
537.6
537.4
539.4
537.6
539.7
537.4
540.1
538.4
536.6
541.9
545.6
549.7
550.7
546.4
546.9
542.2
545.6
541.2
538.7
536.8
538.3
539.7
539.6
545.5
546.6
546.6
545.1
549.1
548.7
546.4
540.3
539.2
541.2
540.7
530
537.8
540.1
537.6
544
545.8
544.4
548.7
546.9
548.4
544.3
538.9
536.5
541.2
532.8
536.1
536.3
536.4
540
539.6
540
547.2
544.9
550
547.8
535.1
539.4
537.6
539.1
534.6
536.9
541
537.1
540.6
544
535.5
547.9
546
546.8
548.4
532
531
538.4
532.4
536.8
531.6
533.4
535.3
541
544
546.1
541.6
548.9
550
545.6
543.3
534.9
539.7
538.7
540.5
537.4
536.1
538.8
536.3
535.1
544.4
548.6
552.5
546.4
544
540.2
534.2
537.9
536.8
536.3
534.1
535.5
541
537
548.6
537.1
542.5
541.4
540.1
537
550.8
541
537.1
536
533.4
533.5
534.1
535.4
539.5
539.9
538.9
536.1
541.4
546.1
542
542.4
536.1
534.2
533.5
529.8
531.7
530
535.9
535.5
536.1
537.7
545.5
539.6
539.7
533.2
538.4
538.6
534.3
532.9
532.7
533.1
532
536.1
536.1
541
541.5
548.6
542.2
542
530.5
543.8
533.5
541.2
543.4
538.2
533
538.1
542.4
541
541.4
547.8
545.1
545.7
546.1
544.4
539
535.6
532.5
539.3
535.3
537.3
535.6
535.5
540.4
543.2
541.7
545
542.9
542.8
542.2
531.2
537.1
535.4
536.6
529
533.8
528.7
534.9
541.2
540.2
545.6
547.3
547.6
546.1
543.5
542.5
539
540.3
538.2
536.6
533.8
537.8
533.5
535.2
538.4
545.6
543.9
543.8
545.3
545.1
540.8
541.3
540.7
534.4
536.7
538.9
536.2
538.1
542.2
540.3
543.4
549.7
545.4
551.6
542
542.5
534.9
540
535.8
538.7
534.1
534.6
533.8
533.3
545.5
545.7
544.4
542.1
548.4
540
541.5
535.1
538.5
534.2
533.6
531.7
534
540.2
541.9
537.8
541.7
544.5
544.8
549.4
541.6
539.6
542.2
538.5
536.7
535.3
527
538.9
535.6
540.2
539.2
547.6
549.7
545.9
538.7
541.5
531.7
532.5
535.1
533.8
529.5
533.6
530.8
534.8
542.4
541.2
544.6
543.8
543.7
542.2
538.9
529.6
537.1
536.9
538.1
536.8
538.6
540.8
538.2
540
542.1
544.4
544
544.6
544.8
531.2
533.8
530.4
537.8
529.2
535.6
536.6
535.8
538.3
546
538.4
547.2
546
541.7
540.7
535.7
531.9
530.6
534.5
537.3
534.5
540.1
536.9
540.4
546.3
546.8
549.7
544
544.6
537.6
539.5
536.4
532.8
537.3
538.9
536.1
535.6
533.4
535.2
544.4
542.6
546.5
536.1
539.9
543.8
543.1
538.8
537.4
541.3
534.9
535.3
535.5
534.3
535.3
540.5
542
540.9
546.6
544.1
534.6
538.2
535.2
535.3
531.3
533.6
529.9
535.1
534.6
539.6
541
542
542.8
542.3
544.1
540.8
540.5
533.6
535.5
528.6
533.3
533.3
528.4
534.1
535.5
544.3
538.9
543
537.4
538.1
537.6
536.8
533.8
538.2
531.6
529.4
532.6
530.9
533.3
537.7
538.7
546.6
537.8
542
535.8
537.1
532.3
538.8
527
530.2
532.7
531.3
529.5
538
533.1
541.6
539.2
541.6
540.2
538.9
541.1
536
531.2
530.1
527.1
529.3
523.5
530.3
534.6
535
534.4
539.9
541.8
537.8
541.7
535.9
538.4
534.1
532.6
530.4
530.6
530.5
529.7
537.8
536.9
539.7
541.6
544.7
544.3
535.6
533.9
534.6
537.4
531.8
532.6
527.3
531.3
533.9
533.8
532.1
533.8
541.6
539.4
542.2
537.8
539.2
534.4
533
530.3
530.8
534
527.3
531.6
526
528.8
532.2
536
533.9
537.3
542.7
532.4
534
534.6
523.8
528.6
530.3
532
529.6
536.8
527.8
537.5
538.8
538.4
538.5
539.1
534.6
530.3
530.5
529.7
529.9
528.5
527.8
531.9
530
531.9
540.2
536.9
542.1
541.2
540.2
536.4
532.7
535.4
532.9
533.8
530.3
533.2
533
530.8
536.8
539.9
541.9
538.8
537.1
532.3
534.3
529.5
535.6
535.3
528.1
531.6
525.5
528.2
532.4
531.3
534.3
540.2
540.2
540.2
537.7
531
531.3
528.9
533.5
527.2
525.8
526.2
524
528.9
533.8
543.5
541.4
536.9
540.1
541.1
530.6
540.2
532.1
533.4
528.4
531.2
536.3
530.2
531.6
535.7
538.9
546.3
542.1
535.3
539.4
534.5
534.6
534.3
535.3
534.4
530.7
528.4
532.8
533.3
537.7
528.1
542.6
546.5
540.8
540.6
532.1
538.7
522.4
531.2
533.2
528.8
536.3
536.3
533.2
535
534.7
542.4
540.6
545.8
542.8
539.1
538.9
527.5
533
531.6
529.4
532.5
535.1
533.8
536.5
541.4
541
542.9
544
539.4
539.3
539.3
537.9
536.7
533.8
528.2
529
533.2
537.8
530.2
538
541.5
537.9
544.4
541.5
543.3
534.8
536.9
537.6
534.5
525.5
531.2
531.5
529.6
533.7
545
542.1
542.6
543.2
542.2
538.4
538.2
539.4
528.4
533
530.7
531.8
526.4
541.5
536.4
533.9
542.8
541.2
542.4
546.1
545
537.1
538.6
541.8
534.6
533.9
530.7
535.2
534.8
533.4
535.1
529.2
540.7
539.3
538.3
542.6
533.2
533.5
539.4
527.1
529.8
531.8
532.1
535
533.5
527.6
543.4
539.5
535.2
543.5
540.1
533.8
536.3
537
536.4
534.4
529.8
533
533.8
533
527.1
538.6
540.9
540.8
542.6
534
532.1
537.5
529.8
532.4
530.2
532.3
529.4
532.7
539
532.3
535.4
542.4
546
539.4
537.8
527.6
529.9
530.1
528.6
535.1
528.9
528.7
528
538.4
536.4
538.5
533.3
542.2
546.5
542
538.9
532.2
536.2
535.4
528.9
534.4
532.7
532.1
532.6
535.2
536.1
541.2
540
548.7
540.4
541.4
532.7
533.5
530.1
525.9
532.5
528.5
533.7
527.1
537.9
542.5
540
536.5
545.1
536.8
536
533.7
537.1
533.5
532.8
529
533
533.2
535.5
537.4
534.8
537.3
541.1
539.4
542.4
535.2
534.8
531.5
531.8
526.5
531.5
533.5
529.3
530.2
531.7
531.2
531.3
534.6
537.9
534.6
539.2
535
536.9
533.8
533.8
533.7
532.7
527.7
528.7
532
529.3
533.4
537.6
538.6
540.3
539.2
531.7
535.4
534.8
529.2
527.5
528.8
529.3
526.7
535.5
531.1
536.9
539.8
538
543.5
535.1
532.1
534.7
533.7
528.5
534.6
526.1
532.5
527.4
531.7
532
538.9
540.9
540.5
534.7
541.8
534.5
529.5
527.4
532.9
523.1
528.2
530
531.2
533.6
533.3
538.5
539.5
535.5
541.5
536.3
532.4
532
533.5
529.5
528.5
531
529.4
536.9
531.6
536.6
539.8
540.8
541.4
540
537.9
532.5
524.1
530.3
531.7
525.7
531.7
520.9
535
528.1
532.2
537.1
543.7
539.6
540.2
536.1
529.8
529.9
535.1
529.2
530.7
533.5
526.8
526.3
530.4
532.4
536.6
534.3
540.5
540.2
539.4
531.5
531.3
534.8
528.1
526.7
526.5
524.9
530.8
530.3
535
533.5
539.8
537.4
537.3
540.1
536.4
532.2
532
526.2
522.2
527.7
526.5
527
529.6
535.3
535.7
537.8
541.7
534.3
535.4
528.8
529.9
526.9
524.2
529.5
524.7
526.8
528.5
529.7
527.5
537.4
537.2
542.5
538.8
533.3
535.6
535.7
528.4
529.5
528.6
527.9
528.6
526.5
527.9
537.5
539
539.1
536.7
536
536.1
526.3
533.1
528.4
526.7
534
533.7
529.2
532.8
534.5
534.9
534.3
540.4
539.6
539.4
539.2
530
532.1
531.3
530.7
529.3
527.2
528.7
530.2
532.9
533
534.6
535.6
537.6
535.8
536.1
537.6
533.5
530.5
533.8
525.8
525.2
527.8
528.9
535.1
531.7
537.8
536.4
540.4
536.1
529.8
536
527.8
528.8
525.4
531.8
524.3
525.7
524.6
527
528.9
539.3
540.1
538.4
536.5
538.1
532.1
537.9
530.7
530.8
525.7
528.3
525.4
530.5
530.7
534.3
534
545.6
539.4
535.5
535.9
534.2
525.8
529.5
530.3
525.7
527.4
533.8
526.5
526.5
532.3
538.5
536.3
536.6
539.2
544.6
535.1
532
528
528.9
527
527.9
525.9
533.3
528.7
528.6
531.5
536.4
538.6
542.2
534
