871.8
872.4
868.8
869.6
875
857.2
853.9
860.4
856.8
856.6
857.2
861.7
861.9
863.9
866.9
874.5
867
869.8
868.5
866.3
864.1
851.6
856.1
855.3
848.8
856.8
853.1
852.4
851.2
853.8
855.6
865.1
860.2
853.6
852.9
854.7
854.2
844.8
846.8
849.5
844.7
840.6
838.1
840.3
851
844.2
842.2
847.6
849.5
844.1
847.6
844.4
843.8
843.8
840.3
833.7
834
841.2
841.3
840.4
843.2
837.9
842.3
842.6
845.6
834.1
838.1
838.2
830.8
832.5
829.4
829.1
823.5
828.2
826.6
835.3
834.8
835.8
837.7
835
836.8
838.2
833.7
839.6
823
824.9
824
820.7
822.4
820.4
833.3
823.8
821.4
822.8
817.9
829.3
830.7
828.5
824.7
822.5
812.7
818.5
813.5
811.2
813.3
819.3
821.6
810.8
820
823
812.6
817.4
820.5
817.2
814.9
805.1
806.7
808.2
806.4
806.7
813.6
812.5
825.3
819.1
816.4
815.2
807
815.6
813
808
815
810.7
809.3
809.9
804.3
806.5
808.2
804.4
809.7
811.9
811.8
812.9
818.8
812.1
806.6
803.3
805.8
809.8
801.2
803.6
800.4
800.4
803.5
805.5
807.9
814.2
805.2
804.2
808.6
795.2
787.3
794.4
788
786.4
799.3
800
790.3
789.6
798.7
789.8
798.2
800.8
797
799
786.4
793.4
794.6
793.4
781.3
778.4
787.1
787.5
787.8
794.4
787.2
795.3
787
795.4
799.6
786.3
792.3
784.1
787.2
778.7
782.1
779.3
785.9
782.6
787.8
777.5
784.3
787.6
798.4
789.3
792.3
789.6
791.3
771.1
783.7
778.4
774.2
777.3
780.9
781.5
781.4
782.4
788.9
787.2
786.7
784.2
786.6
778.4
783.4
776.4
777
775.4
771.6
775.5
770.9
775.1
770.3
773.4
776.1
775.5
778
778.6
778.2
776.9
770
768.2
774.3
761.4
767.1
768.9
765.4
769.1
765.2
772.3
778
775.6
773.8
772.7
778.8
775.3
771.1
767.9
767.6
764.3
762.8
761.4
761.7
763
763.4
774.2
768.6
761.9
774.4
766.7
766.8
759.9
764.9
758.9
759.2
757.9
761.7
757.7
767.8
762
764.9
761.4
765.1
761.6
758.4
761.3
755.5
755.1
752.9
755.5
753
755.5
762
750.7
761.8
767.3
763.6
759
757.3
750.7
758.1
752.3
752.4
750.4
747.4
749.8
743.2
744.3
747.3
748
755.8
755.7
753.2
750.7
752.7
752.1
749.4
750.7
750.4
741
741
743.5
739.7
737.8
752.4
748.7
748.3
751.3
744.6
746
749.5
742.8
745.2
744.5
742.4
733.5
735.9
737.7
744.7
739.2
746
742.6
743.9
746.4
749.2
741.8
740.2
731
738.8
731.1
738
735.5
739.3
732.3
738.9
741.2
733.9
744.7
740.7
746.5
742
746.8
740.8
732.7
729.2
735.5
732.6
727.3
725.1
726.7
734.3
734.9
736.3
738.3
734.6
737.8
736.9
727
729.1
731.9
726.5
722.7
724.2
729.6
732.2
725.2
735.5
733.3
736.7
738.2
730.9
729.7
722.1
724.4
720
722.4
715.4
722.1
730.6
733.3
737.1
733.6
731.5
727.2
728.9
729.4
722.1
720.8
715.4
723
712.7
715.3
718.7
725.1
724.6
729
730.5
725.8
723.8
724.4
722.1
722.6
718
711.5
716.6
714.1
711.2
711.5
709.9
713.8
719.5
717.5
724.9
725.1
724.4
723.9
717.7
713
713.7
710.4
714.6
710.8
715
714.8
716.8
714.1
723.7
721.2
719.9
714.4
719.7
717.9
717.9
713.1
709.9
721
710.8
717.3
711.8
720.2
721.2
721.5
728.5
726.1
715.6
722.3
718.1
716.7
710.4
713.1
713.3
709.3
707.6
711
712.6
715.5
716.9
721.3
724.4
721.9
712.6
713.1
710.7
712.9
713.3
707.8
705.9
709.3
708.1
709.3
712.3
713.5
717.3
712.7
714.2
709.7
716
706
705.4
704.2
700
705.8
697.5
705.8
705.3
707.1
713.1
709.7
711.6
716.9
705.8
708.3
694.8
703.7
698.7
697.5
693.1
694.6
698.8
700.3
710.7
708.3
709.3
711
709
713.6
697.2
698.2
698.7
697.3
700.8
696.6
697.2
698.2
698.6
702
704.6
708.1
708.8
704.4
707.7
698.8
705.1
695.9
695.5
692.5
691.8
695.4
692.6
695.3
695.7
701.2
699.2
694.3
704.1
700.8
697.5
691.2
692.3
693.6
688.7
690
693.7
692
690.3
699.2
691.7
692.3
701.6
691.3
696.5
688.4
690.6
687.5
684.1
689
691.2
679
702.5
694.4
694.9
696.6
693.1
696.2
695.7
694.2
691.6
687.6
683.8
679.6
677.6
686.5
678.8
689.1
695.1
695.5
696.8
688.9
691
686.1
686.7
690.4
685.7
677.8
675.1
676
672
681.7
677.4
686.2
687.8
689.4
692.1
681.2
681.4
680.5
683.1
682.4
678.2
674.1
676.7
675
680.9
677.9
683.1
675.7
686.2
687.4
691.5
685.3
680.8
680.8
673.6
670.6
679
678.9
672.7
676.8
672.1
673.9
678.5
680
685.6
684.5
685.1
673.8
675.5
677.8
675.5
672.7
668.1
671
660
673.7
677.2
679.3
677.7
676.7
683.3
676
688.7
675.7
663.3
673
669.6
671.2
670.6
666.2
667.2
673.9
674.9
677.6
678
680.3
672.9
679.9
673.1
671.7
661.2
670.2
669.1
667.9
668.4
666.9
676.4
670.3
671.7
673.3
674
672.6
677
676.6
668.2
670.4
660.5
669.2
660.8
662.3
666.7
665.1
667
663.1
675.5
671.1
673
670.1
665
663.5
669.2
661.2
652.9
657.8
661
657.8
661.3
664
666
664
670.6
664.1
663.7
664.2
655
663.6
657.4
655.9
658.8
653.8
657.2
657.4
662.2
665.5
661.7
668.2
666.8
663.1
666.5
662.6
655.3
657.5
658.9
658.8
661.2
657.7
643
652.2
660.8
668.2
666.4
665
660.9
664.7
654
652.3
653.5
650.9
653.9
648
653
654.1
655.5
660
657.4
664.1
662.5
667.9
655.1
654.8
655.5
652.2
647.8
646.8
653
649
631
647.6
655.7
658.2
667.9
653.6
655.1
660.6
648.4
649.8
646.7
643.7
649.8
641.8
649.4
646.1
648.7
648.4
655.4
654.6
656.3
660.4
651.7
646.9
646.1
649.3
645.7
645.2
639.1
645.8
652.7
652
655.5
656.7
657.5
652.8
653.6
652.2
648.1
650
647.6
639.9
635.9
646.7
638.5
643.8
644.8
648.8
651.2
651.8
649.1
651
650.2
640.1
643.5
644.9
641.7
638.2
639.6
642.9
645.5
649.5
641.2
649.9
653.6
647.5
649.9
642
643.9
641.4
639.7
632.5
638.1
651.4
639.9
642.2
641.2
648.6
646.3
649
647.7
644.4
643.5
641.2
634.4
637
641
635.8
635.5
634.8
642.7
636.9
649.9
652.3
639.2
643.1
646
637.6
639
631.4
637.9
636.2
636.1
637
628.9
641
640.3
633.5
641.2
641.7
642
644.2
636.6
639.1
634.4
634
629.9
628.6
629.9
635.4
635.7
635.1
638.8
639.5
639.2
639.6
639.1
636.1
641.7
634.4
631.8
629.9
633.9
620.8
627.4
632.4
631
638.3
638
637.9
639.9
645.8
634.2
636.4
631.6
629.4
626.2
636.3
635.8
631.5
634.4
634.4
640.3
639.4
634.5
642.1
635.6
641.9
637.1
639.9
632.4
636.6
630.1
632
630.9
635.9
641.2
636.7
631.4
625.9
645.2
640.6
633.4
639.2
635.5
630.6
629.9
630.7
622.3
630.1
635
630.7
638.3
633.7
642.9
629.6
638.9
639.4
632.6
634.6
630.2
623.1
628
631.6
625.8
629.4
631.9
626
634
639
643.6
634.2
641.2
634.9
632.1
632.1
634
620.3
626.7
619
626.1
620.8
628.6
628.2
634.8
635.9
639.8
632.2
630.1
624.1
628.4
621.4
626.1
624.7
622.8
626.8
630
628.4
636.9
636.1
636.9
633.2
632.1
635.6
625.2
627.1
623.8
623.6
628.8
626.7
625.5
629.9
628.6
632.7
628.7
632.6
636.4
631.7
628.6
624.2
619.1
622.6
621.6
623.9
621.9
621.4
624.5
628.6
633.9
627.8
631.5
628.6
635
624.9
627.9
618
622.2
615.8
619.7
618.4
617.4
618
626.2
627.7
634.9
632.6
628.3
630.9
626.5
625.8
624.1
616.4
617.5
624.2
614.3
621.4
629
622.5
623.8
628.6
628.1
629.2
626.4
627.6
621.8
620.8
621.7
624.9
619.5
625
616.6
620
626.9
629.8
630.5
623.3
623.4
619.3
619.9
615
619.8
615.6
617.1
616.7
618.8
611.1
618.6
622.3
623.8
628.3
625
622.6
618.7
625.6
615.2
616.7
616.3
622
611.4
617.9
621.1
617.4
625.7
619.4
624
625.5
626.5
623.5
612.2
613.4
620.4
615.8
613.3
611.3
622.3
617.5
623
626.2
627.8
622.5
621.6
621.4
619.9
611.9
620.7
611.5
612
609
615.1
612.3
616
614.4
623.3
624.6
623.9
619.4
620.4
618.4
620.1
610.1
615.9
612.4
612.7
610.5
619.5
621.6
616.6
626.5
626
621.3
618.7
615.7
617.8
615.8
611.4
609.3
610.5
608.7
608.7
610
611.9
618.3
616.8
620.7
622.2
618.7
616.6
611.9
614.9
606.9
610.1
611.9
612.9
612.7
614.6
612.1
620.5
619.4
619.4
625.7
620.8
616.3
615.5
612.3
611.4
615.8
606.9
614.1
614.1
612.3
618.5
619.5
623.5
619.3
618.1
622.6
617.2
612.2
615.1
610.4
608.6
608
605.6
611.2
610.3
624.8
619.1
616.8
617.4
622.5
618.9
617.1
617.4
614
610.7
609.2
609.5
604.5
615.3
617.8
615.7
625
617.8
618.1
620.4
616
616.8
616.4
612.4
608.6
614.3
611.9
605.4
612.5
605.6
615.1
620.2
619.6
616.2
623.1
617.6
614
611.9
608.5
615.6
610.1
602
609.8
611.8
613
615.5
608.7
615.4
612
618.8
614.4
614.7
612.7
613.6
604.7
609.2
611.5
608.8
611.5
612.5
614.7
625.4
617.6
625.5
615.5
615.4
612
614.2
607.2
608.7
612.4
611.7
613.4
607.8
609.2
620.6
616.7
613.1
613.6
615.5
623
617
613.6
608.8
610.6
613.5
613.6
615.2
610.8
613.9
617.9
616.7
616.2
616.6
622.1
618.2
614
617.3
618.8
616.2
608.1
607.5
607.1
608.1
615.5
604.8
617.6
619.3
621.6
619.4
614.1
607.1
615.7
610.4
611.6
607.2
607.5
605.4
606.7
630.8
614.7
619.5
619.5
619.9
620.1
623.1
618.7
614.8
610.4
606.8
614.8
607.6
611.1
612.5
620.2
615.5
619.8
620.9
616.9
615
619.6
619.3
609.3
611.3
611
610
611
604
610.5
616.7
615.3
618.8
620.2
622.5
614.6
610.6
616.1
612
609.5
610.5
606.8
606.5
606.1
615
613.9
615.4
616.3
616.6
619.3
617.7
624.2
615.4
613
608.8
608.3
612.4
608.5
611.9
610.2
613.3
613.7
616.7
618.8
627.3
623.6
617.1
614.6
613.5
608.6
611
611
610.1
606.1
610.9
611.4
616.5
620.2
614.3
622.6
623.3
625.6
608.9
605.3
611.1
610.5
608.9
611.4
606.8
622.4
623.5
612.6
619.8
625.1
624.4
621.6
620.5
614.3
610.8
614.6
613.9
610.4
611.8
611.2
607.4
617.4
617.5
617.8
615.5
622.3
619.5
613.6
615.8
619.8
612.6
609.1
612.2
610
615
618.8
613.3
622.6
618.5
623.5
615.6
621.8
617.8
615.3
613.7
607
608.4
614.3
617.2
613
605.4
602.2
619.2
619.6
621.7
622.5
612.3
619.3
610.7
612.3
611.7
615.9
613.6
615
614.5
619
618.3
621.6
623.8
625.8
627.6
623.9
621.4
614.5
616.1
612.2
614.2
616.8
607.8
613.9
617.5
622.9
617.8
628
624
620.2
620.9
613.7
614.6
611.9
614.9
614.8
615.6
606.8
618.3
610.6
621.1
624.8
621.4
624.4
624.9
620.4
619.4
619.4
618.5
615.7
611.2
604.3
617.2
612.8
622.5
623.4
628.2
620.4
624.5
625.5
623.8
623
621.4
614.9
616.9
615.8
614.6
617.3
618.4
616.3
622.2
625.9
618.6
628.4
627.2
618.3
620.8
621.4
609.6
615
617.4
611.2
611.8
618.6
614.9
621.4
615.1
627.9
631.7
626.3
623.3
627.7
621
618.6
616.3
615.2
620.4
622.1
619
616
622.1
625.8
620.3
619.4
625.3
623.5
628.2
611.7
619.5
622.2
611
612
618.8
616.8
619
625.6
623.6
621.7
628.6
622.2
626.1
616.7
620.5
617.5
618.5
616.1
612.3
619.7
616.8
622.1
628.5
632.7
631.7
628.5
629.2
625
626.4
616.2
624.4
621.2
615.6
612.7
619
618.7
617
618.9
625.1
623.6
632
633.6
630.3
626.9
620.6
618.6
616.4
614.2
618.6
611.9
620
615
621.1
628.2
628.1
629
629.4
620.8
619.7
623.6
619.5
621.9
617.7
615.8
620.1
619.7
621.1
619.9
627.2
630.2
628.2
622.2
630.2
629
631.5
618.5
620.4
622
621.7
619.5
618.1
625.6
620.5
625
624.9
629
626.3
632.9
623.8
630
620.1
618.9
618.5
621.4
618
618.1
613.4
627.2
622.4
625.5
632.5
628.5
633.4
631.5
620.8
625
617.5
624.7
615.6
617.8
618.4
622.8
623
623
634
631.3
629.5
633.2
628
618.5
620.7
616.8
612.9
626.1
613
618.4
619.6
625.8
620.5
628.1
624
625.6
630.9
626.1
614
623.4
622.9
614
615.2
621.2
620.2
620.9
623.6
621.7
630.5
626.6
626.4
629.2
623.6
628.5
621.6
619.3
623.5
618.5
614.3
612.7
621.5
614.1
631.6
629
625.3
630.9
622.7
619.4
623.2
624.3
616.8
618.5
613.7
616.6
614
623.5
621.7
628
624.7
631.1
625.8
623.5
627
619
623.5
618.7
620
616.4
616.2
619.1
616.8
625.3
634.6
626
632.5
627.8
626.1
625.3
623.7
615.8
620.8
621.6
618.4
619.1
616
616.4
620.9
622.1
633.7
631.4
631
620.2
623
619.7
623.2
617
620.7
611.7
615.6
621.6
621.3
625.5
627.1
629.1
629.6
629.4
628.6
618.6
615.6
621.2
618.4
612.7
611.1
618.3
617.9
618.1
619.8
619.5
626.1
625.8
628.5
619.6
622.2
618
614.2
618.7
616.2
619.2
613.2
615.8
618.6
624.6
619.7
625.3
627.1
628.8
621.7
620.9
614.1
616
615.8
613.7
611.7
614.3
610.5
623.4
628.9
620.3
620.5
622.1
618.3
622.6
619.2
617.9
620
615.6
614
614.2
618.6
619.9
623.8
626.3
622.4
629.6
625.9
622
622.6
617.3
617.7
616
610.6
613.1
609.4
610.8
619.7
614.9
620.5
623.3
622.5
625.7
617.8
623.5
617.8
614.4
615.4
609.5
620.2
620
612.3
618
618.6
621.2
618.2
615.1
625.6
619.7
614.5
614.2
613
613.5
607.6
613.6
611.8
618.3
609.4
614.5
618.3
618.8
623.7
621.9
616.6
619.4
621.7
623.7
615.1
608.2
612.1
613.6
610
611.4
618.6
619.1
619.7
623.7
626.2
617.9
618.3
624.3
608.8
609.9
612.3
615.2
615.2
607.3
613.9
614.9
614.4
622.4
622.9
615.2
622.1
618.9
612.2
608.5
615.3
608.1
610
607.4
608.2
610.9
616.2
620.2
620.9
620.2
621.9
621.5
613.7
615.7
612.6
606.9
606.3
612.3
612.2
613.9
613.9
618.5
616.1
618.7
624.9
620.9
619
617.1
616.4
616.5
614.2
609.6
612.4
610.3
611.6
611.6
609.5
618.1
624.9
616.2
614.2
616.5
618.4
611.9
608.4
607.5
605
607.2
603.1
608
609.7
613
612.4
611.4
618.9
618.5
619.1
618.2
620.4
614.3
609.3
612.3
597.6
603.1
611.8
611
615
615.9
618.8
618.3
623.7
616.4
612
610.7
608.8
608.6
605.6
602.8
611.2
622
611.9
612.8
620.6
610.8
618.8
619.7
616.1
610.9
611.6
609.2
610.4
603
604.7
622.6
603.1
607.6
611.9
613.5
611.3
619.3
613.5
612.8
607.8
610.2
607.7
603.8
599.1
602.7
611.7
607.2
612.1
616.7
615.6
619.2
616.3
617.6
618.7
614.3
605.3
604.3
606.8
600.8
599.7
606.7
602.5
616.3
621.3
619.6
610.4
611.5
610.3
608.2
609.2
611.9
605.8
609
597.7
606.3
605.4
601.6
604.5
605.7
613.6
615.4
616.3
611.4
609.1
607.7
602.5
607.1
605.2
603
602
601.9
603.7
605.9
613.2
612
614.1
612.6
614.5
608.3
608.4
602.2
610.8
607.4
598.6
604.6
598.6
604.1
604.8
604.5
604.3
608.2
612.7
611.9
608.1
614.2
606
601
607.3
602.8
599.1
611.9
601.4
604.7
603.3
605.4
612.1
610
608.1
611.6
610.9
605.6
598.2
601.5
602.1
592.9
600.2
601
602.1
606.8
608.6
603.6
609.9
612.9
613.1
613.1
606.1
601.3
591.6
600.6
601.7
596.8
604.2
599.6
607.9
613.1
606.4
610.2
613.1
608.7
608.1
600.6
597.4
600.1
603.1
595.4
601.8
602.9
601.2
603.1
608
606.9
604.8
612.3
606.9
608.4
608.8
603.6
599.2
593.5
596.2
597.9
598.8
604.1
600
595.4
608.8
610.2
606.9
602.9
601.5
606.7
605.7
606.6
606.6
599.6
603.7
603
600.8
607.5
608.9
614.5
609.5
612.6
601.1
600.2
604.5
598
598.5
601.2
598.5
591.5
592.6
596.1
600.1
606.1
605.5
610.2
603.5
609.8
607.1
601.9
596
598.1
592.1
594.1
601.4
596.2
598.6
594.2
597.4
603.7
607.1
609.2
600.9
601.7
601.7
593.6
604.1
600.4
602.6
601.8
594.8
599.3
599.2
602.7
604.6
603.7
608.3
598.7
601.1
598.7
595
592.8
589.5
592.8
589.6
593.3
595.5
599.1
602
603
599.5
609.5
603
598.7
597
596.2
590.3
588.3
593.6
594.7
589.2
603.2
587.1
597.3
595.6
603.4
596.3
600.5
609.1
607.4
606.9
597.8
599.2
597.4
595.4
597.4
599
598
600.9
604.4
603.1
604.9
608.3
604
606
604.1
587.8
597
598.1
599.9
602.2
599
602.1
596.9
597.9
606.6
606.5
599
599.1
596.8
602.5
594.2
587.1
590.5
594.9
595.8
597.5
595.7
603.5
605.7
605.8
605
605.7
604.7
601.6
600.6
594.4
593.8
595.9
589.6
599.3
600.8
577
589.6
597.6
600.6
597.6
599.4
592.3
591.4
598.5
586.3
590.6
588.5
589.4
586.1
592.6
591.5
599.6
596.3
599.4
593.7
596.3
597.6
590
583.8
591.2
592.2
592
591
589.4
597.9
593.1
601.3
601
593.1
594.7
600.3
589.7
601.6
589.4
587.6
598.8
590.3
584.5
593.2
584.9
590.1
591.7
596.3
600.2
601.2
597.5
603.9
585.8
596.9
595.6
591.6
583.4
586.1
588.6
590.9
594.4
596.3
603.7
601.6
597.3
599.4
600
599.1
598.3
593
593.8
591.4
594.3
589.9
583.6
591.4
591.7
597.3
597.9
600
595.8
600.4
596.6
592.4
596.6
594.9
589.5
588.2
583.8
582.4
585.7
587.3
588.8
599.7
595.4
591.4
594.3
591.3
577.8
583.1
585.2
581
581.3
584.6
590.3
591.7
596
590.6
594.6
595
590.1
598.6
595.8
595.1
585.4
585
587.6
584.8
590.1
584.8
592.8
592.2
593.5
599.2
598
597.9
591.1
591.9
588.9
593.9
585
586.3
582.4
586.6
589.2
595.6
594.4
599
600
599.7
587.9
596.5
590
589.2
586
585.3
581.6
588.2
586.1
586.2
592.8
594.7
600.5
598.2
596.1
600.8
595.3
588.1
586.9
587.7
591.7
583.7
588.2
589.7
590.9
586.4
593.7
593.5
594.9
593
598.1
591.7
591.1
586.2
583.1
583.1
582
583.1
583.6
593.5
594.5
590.6
600.5
594.4
594.5
594.5
587
591.4
582.7
580.6
584.1
578.4
583.1
582.5
588.8
587.1
592.7
590.9
588.8
592.1
586.5
587.6
587.6
585
588.8
577.7
586.5
585.8
568.5
587.6
588.9
591.1
595.7
593.3
588.6
592.1
590.3
579.9
584.4
584.2
582.3
585
579.6
583.2
592.2
589.9
591.5
590.1
591.2
594.4
589.2
587.9
588.1
583.1
579.5
585.7
582.2
582.6
588.5
580.6
587.9
586.4
589.7
596.4
584.7
587.6
588.4
586
583.3
581.1
582
585.3
577
580.7
583.7
582.3
588.1
591.5
589.3
593
591.2
580.9
587.9
579.7
582.4
580.3
582.9
580.7
576.5
585.6
586.8
586.7
597
590.8
590.9
591.9
582.2
576.4
586.8
574.1
577
578.8
574.9
579.5
582.2
578.5
582.1
589.3
595
586
585.7
581.5
579.6
584.9
584
578.7
575.3
570.2
576.3
580.7
581.8
587.3
583.3
582.3
583.7
583.7
578
580.4
579
577
572.8
576.3
572.1
575.8
576.5
580.2
584.9
586.8
582.2
586.8
584.5
579
577.6
576.4
571.8
571.1
581.4
577.2
572.9
576.5
583.3
579.8
584.6
587.2
577
580.6
577.2
574.3
575.6
573.3
576.7
586.5
575.4
582.6
581.8
583.9
581
589.7
584.5
581.8
582.5
575.9
575.6
577.7
574.7
575.6
578.8
580.2
575
581.9
584.9
587.7
586.2
583.3
590.4
585.4
576.7
582.8
583
575.6
572.5
572.3
579.1
579
580.1
582.2
585.2
580.5
584.8
582.9
576.6
575.4
574.3
570
570.4
568
569.5
570.8
579.1
572.8
579.2
582.1
580.4
578.2
586.2
574.6
577.2
569.5
565.7
574.8
568.4
567.8
569.4
575.6
582.1
576.8
580.1
576
579.1
572.7
579.6
558
567.3
567.2
579.1
569.9
568.6
568.3
574.9
577
576.7
577.4
577.1
579.5
581.6
578.2
570.8
576.8
573
566.7
563.4
567.7
564.3
569.3
575.7
576.9
584.1
577.9
579.4
579.9
570.4
570.6
565.4
561.8
568
568.1
566.6
574.9
568.5
573
577.3
581.3
582.4
577.1
575
569.1
568.1
573.2
567.7
560.3
564.9
569.5
572.7
574.5
576.9
575.2
574
582.9
581.9
568.3
573.2
573.1
565.2
564.4
569.3
565.8
568.6
566
577.6
582.7
573.6
577.3
574
583.4
575.3
575.3
566.5
571.2
559
568.3
561.3
571.1
565.2
565.8
573.1
577.9
576
577
576
572.9
571.8
570.6
565.3
567.6
568
566.4
574.1
575.6
576.8
571
578.7
573.8
576.5
573.1
567.7
574.5
574
563.4
569.8
563
566.5
571.6
573.7
575.5
570.8
580.5
578.2
572.6
570.6
573.5
566.9
570.6
567
563.5
566.7
560.7
564.1
567.3
570.8
572.8
574.1
573
569.4
573.7
571
564.2
556.1
558.4
561.9
557.9
561.5
558.7
562.1
565.3
568.3
572.2
566.3
569.5
574.8
567
558.4
565.6
557.9
569
562.9
561.2
560.4
569
560.8
564.6
572.7
571.7
573.2
571.3
572
564.2
568.6
562.9
558.6
563.6
559.1
563.6
558.7
565.4
562.4
563.8
569.7
566.4
572.3
575.2
568.9
565.5
563.7
565.3
561.7
564.8
559.5
562.6
563.1
561.7
569.7
563.4
574.7
568.9
567.7
570.4
556.4
559.6
568.6
564.7
557.6
563.9
560.6
565.3
563.6
567.9
564.2
568.9
573.9
566.3
571.4
562.6
557.4
553.9
559.9
556.2
563.5
560.3
566.3
559.7
565.8
569.7
572.4
566.4
573.3
571.7
569.4
565.5
563
560.7
557.1
561.9
563.6
572.5
562
562.2
566.8
570.5
571.5
563.3
563.2
564.2
567
567.1
563.2
560.6
552.9
557
561.9
563.3
561.8
566.9
566.6
568.1
578.5
569.5
569.2
571.7
565.6
558.1
561.4
558.5
556.1
559.9
558.4
562.6
562.6
572.2
569.5
571.8
566.2
564.3
556.9
563.3
564
560.4
556.5
562.5
559.8
564.8
559.8
568.8
563
567.2
559.8
566.9
564.1
559.6
558.7
558.6
557.4
558.3
555.7
550.9
556.9
565.3
566.1
561.6
566.4
566.5
571.8
567.2
562.5
556.6
558.8
555.8
554.7
558.4
552.1
550.9
556.3
561.1
562.6
562.8
567.7
566.1
563.3
558.5
558.2
557.4
557.2
566
556.7
553.4
554.3
561.2
573.1
564.4
571.6
566.3
564.6
565.2
558.1
559.5
544.1
559.6
557
558.9
556.8
559.7
557.9
557.9
566.8
562
568.6
572.1
573.6
561.9
565.4
556.7
563.7
554.1
554.2
556.1
551.4
558.7
557.1
561.7
561.4
563.9
567.6
565.5
561.9
557.3
556.3
556.7
554.1
550.7
557.4
555.6
561.5
560.1
562.4
561.9
565.3
563.3
571.8
563.5
557.3
552.5
558.4
552.9
561.1
552.9
569.8
555.7
566.3
554.4
556.6
561.6
561.9
564
560.8
559.6
560.1
556.3
553.3
556.5
548.2
558.2
551.7
558.1
550.6
558.9
560.3
561.2
562.9
560.5
554.8
555.4
552.5
549.5
549.1
553.9
548.7
556.6
551.6
564.2
560.7
556.6
560.8
556.9
560.3
556.1
563.2
555.1
547.1
550.2
548.8
551.5
538.7
558.4
560.5
556.4
556.7
561.3
561.1
554.7
552.5
550.5
546.7
547.8
549.3
558.5
556.4
560.1
553.6
560
559.4
561.2
564.8
561.6
556.8
549.8
558.4
553.3
555
547.1
547.6
548.9
554
549.8
551.1
558.2
565.7
562.3
558.8
554.5
557.1
554.4
554.3
551.6
549.8
544.5
550.5
547.2
549.6
553.7
559.3
558.3
562.4
555.9
553
554.1
561
546.5
548.8
551.2
550.9
546.6
544.5
546.9
556.1
552.9
559.6
557.1
558.1
557.5
555.9
549.4
550.1
549.5
547.5
544.4
546.9
549.5
552
553.7
549.9
565.1
552.6
558.4
554.1
549
548.4
545.7
552.1
541.9
546.5
548.6
548.8
551
556.4
555.9
558.4
560.3
555.3
554.8
551.4
550.5
542.3
555.6
552.6
551.5
550.5
554.1
556.6
554.3
557.2
559.2
560
557.5
557.3
554.1
556.3
543
548.9
548
543.7
549.4
546
557.4
555.3
553.7
556.8
557.6
558.6
558.3
553.2
548.2
551
548.5
552.8
548.9
556.9
553.6
552
557.4
558.8
557.9
551.5
559.6
555
548.9
548.2
546
546.6
540.2
555.4
544.7
550
548.5
557.2
557.6
551.7
556.9
551.7
553.7
546.5
545.7
547.2
547
544.9
548.3
547.9
551.3
548.2
560
556.1
561.7
561.9
551.3
547.9
553.4
549.7
545.9
545.2
540.3
536.5
547.8
551.2
548.7
556.6
555.6
559.5
555.9
554.5
552.5
553.8
550
550
541.1
546.2
547.2
543
550.8
549.5
553.8
554.9
560.8
555.2
554.6
548
546.1
549.2
542.5
544.9
540.6
547.4
549
548
551.5
554.5
558.1
551.1
555
556
549.9
550.4
552.8
550.3
546.5
550.4
550.5
547.7
557.7
559.2
542.4
552.7
560.4
554.2
551.2
548.2
547.8
545
551.1
543
545.2
548.2
548.4
550.4
553
552.2
554.5
557.4
556.8
552.2
548.9
553.4
546.5
552.8
548.9
547.4
547.6
549
550.5
560.9
556.4
555.8
556.3
555.8
556
548.2
552.3
539.6
543
545.5
541.3
546.2
551
549.4
550.3
554.3
555.7
552.3
555.9
552.3
546.7
548.6
545.1
553.1
553.7
546.7
544.4
544.9
551.5
553.7
555.3
551.8
556.8
552.8
555.3
549.5
546
551.7
541.9
545.2
538.5
541.9
542.9
545.8
547.4
548.6
550.7
552.2
554.9
559.3
555.5
547.7
549.7
546.3
544
546.7
549.7
541.1
544.1
547.8
546.9
554.2
555.1
551.2
554.2
555.3
543.9
545.3
544
545.7
542.9
542.8
544
547.9
549.8
555.8
549.9
551.9
556.5
555.2
548.2
541.4
552.9
544.1
537.7
540.2
545.5
549
540.8
549.2
545.9
549.5
547.6
550.9
552.5
553.4
545.1
547.6
551
546.3
545.2
541.9
546.8
544.6
543
546.7
554.7
554.2
555.8
554
550
548.4
539.2
547.5
544.4
546.7
545.4
544.7
547.7
547.1
552.2
557.8
544.7
549.7
548.6
540.4
541.3
539.4
553.4
536.7
538.4
537.7
540
540.6
543.4
543.2
556.4
552.2
546.4
547.9
546
541.8
542.7
540
537.1
537.6
541
537.4
540.3
559.1
544.1
549
545.9
546.5
548.1
540.3
539.5
543.5
545.8
539.9
539.9
536.6
545.7
548.4
553
552.3
548.2
542.4
544.4
542.2
541
538.7
537
534.5
538.3
538.2
533.8
543.7
548.7
552
552.5
548.8
552.8
547.4
551.6
542.4
542.5
547.8
540
544
540.9
542.2
542.1
544.1
546.9
548.6
538.2
550.9
543.7
540.9
537.7
535.4
548.9
538.7
541.4
531.3
546.1
538
546.6
543.2
541.8
544.3
548.3
545
541.5
546.9
539.6
529.2
537.7
530
544.7
541.6
534.3
547.4
547.2
542.3
543.5
550.5
545.4
543.2
536.7
531.5
534.7
540
537.5
538.2
534
548.9
549.4
545.9
545.7
546
541.7
539.7
537.7
537.2
539.4
540.5
544.1
539.2
535.8
545.5
543.5
549.2
548.9
543.7
543.4
545.6
542.9
533.6
538.6
541.2
539.4
529.8
541.8
534.8
536.1
542.9
542.6
541.9
545.7
545.1
540.6
539.6
534.1
535.9
537.7
544.6
532.8
541.8
535.6
543.8
539.7
543.2
532.6
548.7
544.1
542.6
542.9
541.4
540.3
535.6
529.5
542.5
538.6
535.7
536.4
545.1
541.3
541
543.7
540.4
546.9
537.6
539.1
538.5
537.8
525.6
541.2
539.7
540.6
545.2
543.6
545.4
544.7
549.2
540.4
549.4
538.5
539.5
535.9
534.5
542.4
532.2
537.6
539.9
538.7
542.4
544.9
544.4
547.2
542
543
543.6
529.8
535.7
537.9
538.6
532.6
533.5
535.6
533.7
543.9
540.4
548.2
547.5
543.4
545.4
542.4
540.3
539.9
545
539.1
535.2
537.7
536.8
543.2
551.3
542.9
545.9
548.5
547
539.5
550
538.8
539
536
539.1
542.3
540.7
538.8
538.5
540.9
544.4
548.2
546.5
545.1
551.6
551.5
533
536.4
532.4
533
532.4
537
536.9
542
543.9
537.9
540.1
549
540.7
538.6
536.4
534.4
538.2
532.6
533.5
533.9
535.9
536.4
539.6
537.5
538.5
544.7
548
541.9
542.4
539.4
545.8
534.5
530.6
529.5
531.9
532.3
533.2
538.2
539.9
537.2
550.4
540.3
545.6
543
540.3
544.3
537.3
538.4
534.4
536.2
533.9
536.3
536.2
541.1
545.8
541.3
544.3
537.7
543.7
538.3
532.6
540.9
532.7
531.6
539.1
531.2
527.5
534.5
538
535.1
539.1
538.2
542.1
548.4
540.9
539.8
530.4
537.5
530.7
529.7
530.6
531.8
535.2
535.9
538.3
544.8
537.5
545.9
539.9
545.6
532.6
531.5
536.8
530.1
532.7
531.4
533.8
526.8
533.5
537.8
535.5
537
541.6
543.1
535.7
541.9
536.1
535.9
531.4
530.3
524.4
530.4
531.7
538.1
531.3
532.7
541.5
540.2
538.6
541.6
539.5
533.6
536.9
535.8
533.8
533.1
535.6
537.1
539
529.1
535.2
540.4
547.8
534.1
539.8
532.7
539.2
529.4
531.6
534.7
530.8
535.9
539
541
537.3
542.8
543.2
552.1
553.7
545.1
539.6
551.8
537
535.5
533.1
542.2
531.2
533.1
531.9
537
542.3
545.7
541.6
542.5
548
537.1
546.5
541.2
538.8
535.9
536
532.5
534.8
539.5
535.8
541.8
542.8
546.4
538.7
539.6
542.1
538.5
535.6
534.5
533.4
532.5
531.2
532.7
533.2
536
538.8
545.4
538.1
545
547.2
537.3
534.5
538.8
532.3
538.2
536.8
529.5
534.6
534.4
538.3
546.5
543.8
546
538.9
537.4
538.5
534.8
532.3
525.3
534.3
526.9
526.9
525.1
533.3
535.5
544.8
541.4
543.3
538.9
540.8
538.5
531.2
533.7
535.5
528.1
530.4
534.4
530
530.1
531
538.4
541.4
539.6
542.8
546.2
541.8
528.7
531.7
532.4
530.4
529.4
524.8
532.6
534.2
531.6
538.5
537.5
544.2
538.1
534.7
542
535.1
533.2
527.5
527.6
539
539.9
537.1
533.2
535.8
539.1
540.1
548.2
544.4
545.4
537.9
533
531.6
528.3
530.7
533
529.6
530.6
526.5
537
538.3
537.7
531
542.8
540.2
538.8
532.7
539.1
541.9
535.7
530
538.6
535.8
537.6
536.9
538.8
539.6
540.9
546.9
544.9
547.6
543.2
537.7
536.7
536.9
536.4
538.5
536.4
527.2
535
535.4
536.7
542.4
545.7
549.7
534.2
544.6
538.5
531.6
538.8
537.5
536.4
533.4
533.8
537.4
537.3
540.3
548.2
541.7
542.3
538
541.7
541.6
534.4
533.3
536.2
532.8
536.4
540.8
536.1
536.3
538.3
544.1
540
542.4
541
539.9
538.8
535.5
534.3
525.2
533
540.6
535.8
528.7
536.9
542.6
541
546.7
547.1
541.3
545.5
535.9
535.9
532.3
528.6
527.1
534.6
526.1
538.6
539.1
538.2
540.5
536.9
539.3
538.6
541.1
544.6
540
538.9
536.4
535.7
534.5
529.9
534.4
538.4
533.9
537.6
545.1
543.9
545.7
545.6
541.5
535.8
528.9
534.6
531.9
533.5
540.1
533.9
531.4
538.8
546.8
541.1
550
545.3
543.8
539.1
534.4
536.9
535.8
540.6
530.4
523.5
535.4
531.3
543.7
540.4
538.7
542.5
540.8
542.1
543.8
536.6
537
530
532.1
533.1
528.7
529.2
531.2
531.2
543.1
545.2
545.9
548.1
544.1
538.9
535.4
539.2
529.9
532.8
534.9
533
531.7
528.4
537.1
544.7
540.4
537.8
541
539.8
538.9
533.3
533.4
532
529
527.7
529.3
538.3
530.4
537.8
539.4
539.8
542.4
540.8
541.7
537.8
538
525.5
532.9
536.9
535.2
530.7
526.5
533.6
532.6
541
539.1
540.4
544.9
542
533.7
533.2
531.7
526.7
536.7
525.9
531.5
527.1
540.2
533.7
539.8
542.4
547.8
541.1
541.4
533.2
535.6
532
535.8
532.2
532.8
529.6
535.1
531.4
538.4
538.6
541.1
545.3
544.1
547.3
547
545.2
530.7
543.2
541.6
536.8
535.7
537.8
538.9
546.3
541.3
545.3
540.2
545.4
542.4
540.8
541.8
538.1
537
528.9
540.3
532.7
530.4
541.1
539.2
539.4
538.8
544.8
548.9
547.1
538.6
536.3
535.3
532.1
533.2
534.5
529.2
538.9
539.8
535.7
539.4
546.1
541.9
543.4
540.5
529.4
535.1
533.2
526.3
529.4
527.8
530.8
539.4
539.5
532.9
538.7
546.4
552.9
537.3
537.6
528.9
535.2
536.3
531.9
539.8
531.9
539.1
537
538.4
549.7
541.1
542.9
545.6
546
543.4
537.6
537
535.7
537.5
541.4
540.7
537.4
537.6
539.3
535.6
538.9
544.4
543.9
545.7
539.6
535.7
535.9
534.4
535.5
539.3
539.9
527.7
536.4
537.6
545.4
547.6
543.2
550.2
539.4
528.9
538.4
533.1
536.1
534.1
531.3
534.8
531.6
537.2
537.5
535.3
537.4
543.9
542.1
539.1
540.5
538.6
535.1
535.1
534.6
531.4
533.2
533
532.4
536.2
538.5
541.7
545.8
544
542.8
536.3
540.8
536.1
534.4
532.7
529.4
539.1
536.1
534.1
533.4
537.9
540.7
539.9
541.9
543.9
546.2
541.1
538.3
535.8
536.6
537.4
536.4
540.6
539.2
525.7
535.8
539.9
541.6
541.2
543.5
542.9
536.6
543.8
534.4
540.1
535.9
530.9
535.3
537.9
537.3
534.6
535.5
545.7
544.4
544.6
546.1
541.2
538.8
540.2
549.5
534
528.7
533.5
530.7
531.1
532.5
526
536.3
537.3
537.6
544.6
546.7
542.1
543.8
538.4
537.6
535.9
529.4
534.4
540.8
535.1
536.5
535.9
543.6
545.4
540.8
542.2
543.9
533.2
535.9
530.6
533.8
534.8
534.1
533.9
535.9
532.9
538.6
546.3
541.5
545.1
543.2
538.9
532.9
529.7
534.9
529.9
532.8
535.1
535.4
536.9
540
537.1
538.8
539.9
544.8
542.5
536
532.9
534.9
541.7
529.6
534.6
534.6
535.4
528.7
539.1
534.9
539.5
542.3
533.1
544.4
532.3
535.8
534
527.2
525.1
529.4
535.1
529.7
532.9
536.6
539.6
538.3
541.4
538.7
539.2
536.3
535.9
534.1
534.8
528.4
533.8
535.1
534.4
541.1
533.9
539.5
537.9
543
540.6
545
536.1
534
528.9
532.4
530.8
530.3
533
532.7
532.2
539
535.3
544.4
544.1
538.8
543.9
540.1
540.9
533.1
534.1
533.7
533.2
536.8
537.4
533.2
535.1
534
546.7
534.8
542.3
536.7
538.9
529.2
527.2
527.2
533.1
534.1
526.6
535.4
528.7
535.9
535.5
535.4
541.7
547.7
540.5
537.9
534.8
535.7
544.5
536.9
531.9
527.5
526.2
522.1
536
534.3
536.4
544.2
542.3
541.4
538.1
540.9
537.4
542.1
529.5
530.2
533.2
529.3
536.1
543.3
546.9
540.1
540.6
542.1
541.4
540.5
540.9
539.2
539.6
532.8
543.1
540.5
537.5
533
545.3
541.5
541.4
548.3
541.4
542.9
539.6
543.1
540.3
535
535.4
542.8
542
538.6
543
541.1
551.2
541
544
545.8
541.8
551.1
540.4
540
538.8
530.5
541.3
532.4
544.1
537.3
543.6
548.7
548.2
545
544.3
542.3
541.7
542.4
539.1
531.5
537.6
537.5
535.2
537
541.3
537.6
542.2
541.6
552.9
541.1
539.4
538.2
535.5
537.4
536.9
537.3
529.6
531.9
546.4
536.2
543.9
550.6
541.6
549.4
547.9
542.7
546.2
537
537.5
536.1
530.7
532.2
536.8
534.9
549.9
540.6
549.7
550
540.4
544.6
539.4
540.9
531.8
538
538
534.3
537.9
535.7
535.3
539.4
539.6
548.7
551.1
541.3
544.9
538
536.9
543.5
538.6
540.6
541.6
536.8
535.2
541.5
543.6
546.1
547.4
553.1
545.3
544.1
549
541.3
537.2
542.5
543.2
538.3
539.1
540.4
542.9
542.9
544.3
544.6
548.5
541.2
540.9
539.9
536.9
538.8
535.3
540.8
537.9
538.5
540.5
541.3
549.2
538
552.7
554.8
547.4
546.1
538.9
544
541.8
531.8
536.8
543
533.9
542.8
540.1
548.9
548.8
548.1
552.2
542.3
549
538.6
540.5
538.2
530
540
536.6
536.7
539.6
541.6
542.9
547.7
544
545.8
545.2
543.7
539.5
546.4
542.2
540.1
538.4
537.9
539.1
535.4
540.5
543.4
542.2
559.8
556.4
558.6
560.3
566.4
559
560.3
569.8
555.2
562.9
559.8
560.5
564.7
570.6
570.1
570.1
563.5
565.7
562.9
559.8
557.7
558
560.8
555.3
554.5
564.2
558.4
573.7
567.2
567.6
567.5
568.3
573.1
563
564.9
560.5
567.3
568
562.1
562.7
559.7
565.8
566.3
565.7
557.9
561.9
565
564.6
561
557.4
554.7
553.7
551.2
561.2
560.9
560.4
561.5
556.7
561.5
567.1
563.2
563.3
561.1
561.9
555.8
554.3
554
551.8
554.6
554.2
555.9
561.8
557.4
563.5
558.9
565.1
564.9
560.5
563.6
561.6
562.9
554.2
554.1
550.7
557.4
556.4
559.5
559
563.9
559.7
568.3
561.2
562.2
552.7
560.8
548.4
557.4
555.6
555.8
551.6
554.6
551.1
557.4
558.2
558
561.8
559.9
555.7
556.8
554.7
556
554
548.4
550.1
548.9
551.9
555.3
554.8
561.3
564.4
556.5
557.6
560.1
556.1
558.4
550.8
546.1
549.5
547.1
551.9
547.1
545.2
546.9
551.5
555.3
561.6
563.7
556.3
559.3
558.3
554.1
554.7
554.8
555.5
548.7
553.4
547.1
553.6
550.1
552.4
559.9
562.2
560.8
558.6
565.5
555.2
551.6
552.9
551.5
550.9
543
548
540.8
551.2
552.5
553.7
559.2
561.4
559.3
559.3
558
554.7
550.2
547.2
551.2
545.8
548.7
551.5
549.4
550.7
557.5
557.8
559
557.7
557.9
557.2
550.7
549.5
551.6
544.2
546.9
544.2
547.6
555.1
559.7
567.3
579.2
577.5
574.4
580.3
584.5
593.3
607
600.8
613
612
606.3
608.3
619.3
620.4
625.8
633.5
630.1
630.1
621.4
622.8
618
617.8
620.8
618.4
609.6
619.7
625.3
636.8
630.3
637.5
631.7
626.8
