929.6
933.9
930.8
933.3
932.1
926.4
918.7
918.7
916
916.8
912.7
918.7
919.2
924
922.3
926.6
930.5
928.8
930.8
929.6
912.5
916.8
912
916.6
914.4
907
914.1
912.7
922.2
924
920
921
922.3
927.4
920.1
920.3
910.1
911.3
905.2
910.3
903
909.2
911.7
911.3
910.6
919.9
915.3
917.9
909.8
912.4
908
909.6
904.6
902.1
908
898.3
905.3
903.3
909.1
902.3
907
913.5
907.6
909.1
906.6
903.4
899.6
903.4
893.9
897.6
893.9
902.3
898.9
896.6
899
902.4
904.3
901.8
898.7
899.2
897.7
899
891.6
888.9
886.7
887.7
884.9
896.6
890.1
893.6
900.8
901.5
895
890.2
892.9
882.8
887.2
889.9
885
881.1
881.1
881
879
886.1
885.8
888.8
887.1
888.2
891
880.8
880.7
872
876.5
870.2
878.3
873.3
874.5
880.6
879.5
883
880.9
887.1
881.6
880.9
867.8
875
869.3
871.8
863.3
868.1
863.7
865.7
869.9
869
873.2
880.5
878.2
872.4
870.5
868.1
869.5
862.2
864.2
860.4
867.4
859.6
860.4
868.5
864.6
870.9
866
864.5
870.1
866.7
866.9
854.6
857.2
856.9
857.6
854
848.9
854.6
859.2
861.3
866.1
867.8
866
864.2
860.8
859.2
855.8
852
853
851.4
857
855.2
857.4
854.7
861.5
865.1
860.7
859.6
858.1
865.5
853.2
850.6
845.3
842.3
846
847.4
841.9
850.3
845
849.9
853.3
847.7
850.2
850.1
852.3
847.4
839.7
839
837.8
825.1
841.4
837.8
834.1
840.2
838.3
846.9
850.1
847.1
849.2
838
845
837.8
832
845.1
833.9
840.9
837.4
836.3
836.8
836.7
839.8
840.4
848.9
839.1
841.5
832.9
828.1
830.5
828.3
827.8
829.5
826.9
826.3
828.4
828.9
834.7
832.8
829.8
845.5
832
836
826.5
829.5
822.4
822.6
818.6
819
820.5
828.1
831.8
835.9
833.3
835.7
833.3
825
827.4
822.8
816.6
820.5
824.6
820.6
819.3
819.4
827.7
824.8
823.9
817.2
829.2
833
825.8
820.1
814.6
814.6
816.7
817.7
810.8
810.7
815.3
822.4
824.2
827.9
819.3
815.8
820
815.9
811.3
815.3
809.8
805.6
806.4
814.9
818.4
809.7
818.1
821.7
820.7
818.3
827.7
821.7
818.5
819.8
811.2
810
804.4
809.5
804.4
809
809.1
810.9
817.4
816.3
821.3
820.7
818
809.3
807.3
806
814.9
805.6
804.4
800.2
806.3
806
809.6
813.2
811.1
809.2
814.6
803.6
807.5
804.5
802.1
807.7
806.7
797.7
806
801.4
807.9
803
807.5
810.4
809.4
810.4
801.7
804.6
796.5
796.7
802.8
797.2
792.3
794.5
792.8
788
791.6
799.5
796
802.9
794.1
794.5
793.8
796.1
787.2
789.5
792.9
789.3
784.8
793.1
788.6
789.2
793.4
795
797.5
795.6
791.3
791.6
785.7
789.5
777.8
777.4
778.9
781.5
783.5
782.4
787.3
790.8
790.3
791
788.3
790.3
785.6
778.7
777.5
786.9
779.9
773.2
782.6
782.6
787.7
782.7
790.7
787.8
781.2
790.4
774.4
782.5
775.6
773.9
777
774.7
779.4
779.4
775.9
779.9
782.3
783.2
782.4
781.3
782.9
783.4
781.4
773.4
770.4
769.5
768.1
774.6
772.3
776.6
772.5
779.5
774
777.6
773.3
778.3
777
771.7
770.3
768.4
763.9
768.2
767.5
763.3
776.5
770.5
776.6
778.6
779.5
776.8
775.9
768.1
768.1
762.8
768.9
769.9
773.5
771.2
775.1
768.9
769.7
776.4
777.2
771.3
777.9
774.5
769.6
765.4
767.9
759.7
760.7
760.2
764.2
760.3
772.1
765.3
765.6
770.5
771.2
771.2
767.3
766.2
765.4
759.6
762.1
757.6
755.5
758.5
764.4
768.8
772.6
762.4
769.2
765.9
756.2
762.2
761.8
750
760.4
760.3
760.5
759.1
762.3
765.6
773
765.5
774.9
777.3
770.8
771.5
769.6
766.9
760.2
758.3
759.4
757
762.7
760.7
764.7
765.9
759.8
761.1
762
770
767.9
759.6
753.3
755.7
755
753.7
761.1
758.4
760.3
764.3
759.4
762
762.9
758.5
763.3
755.6
761.4
752.3
751.5
743.9
751
750.5
746.9
750.7
746
755.2
755.1
764.6
764.7
759.9
760.8
757.6
752.8
747.5
748.2
745.2
747.7
751.4
746.7
751.1
753.7
759.8
760.2
756.1
754.2
764.1
753.6
754.2
752.5
747.4
748.6
738.8
741.2
745.1
746.7
750.2
755.3
755.2
741.2
751.8
757
744.6
746.5
749.4
743.1
736.2
743.4
748.7
747.5
748.3
746.9
753.5
750.8
753.1
753.8
747.7
735.1
742.3
737.1
745.6
749.4
741.6
736.6
739.2
740.3
748.3
749.6
752.4
746.2
755.9
745.2
743.1
734.4
735.4
736.5
733.4
738
741.6
738.6
745
747.7
744.6
749.1
743.2
740.6
744.1
737.2
739.9
737.5
739.4
720.6
736.5
731.6
738.3
739.6
744.6
734.4
744.6
738.7
742.2
736.3
737.4
733
733.4
734.9
731.7
732.5
734.6
736.2
731.1
734.3
734.4
734.4
739.2
733
734.9
734.4
732.6
726.2
730.5
731.7
739.7
735.7
729
738.4
738.2
736.4
734.1
735
735.6
734.3
730.1
729.6
726.2
718.1
722
732.2
730.9
732
731.5
728.1
740.3
736.2
732.1
729.4
738.5
723.1
731
724.5
725.7
720.4
725.5
722.4
722.9
724.8
734.3
727.2
732.6
734.1
729.8
725.4
725.3
725
721
725.8
731.6
724.8
725.9
732.7
730.6
731.8
731.3
735.9
726
733.3
732.4
729.8
724.5
720.7
721.4
717.6
719.8
721.6
726.5
726.7
730.6
715
731.3
728.5
725.2
723
729.2
722.1
715.7
724.1
722.1
717
718.1
721.2
725.2
726.2
729.7
724.2
727.9
723.7
728.4
720.1
715.5
722.5
714.7
714.7
716.8
715.2
721.2
715.2
714
715
720.8
725.3
723.6
720.9
719.3
717.3
716.8
713.1
708.6
707.6
712.4
713.1
708.2
719.7
720.5
726.3
719.5
722
724.2
718.9
714.6
712.2
711.6
717.1
712
706.8
709.3
712.8
713.2
717.2
717.4
717
711.5
714.9
710.6
709.1
709.4
705
700.2
705.7
706.1
711.8
710.9
711.9
711.1
717.9
716.7
712.9
712.6
709
703
701.7
703
706.8
704.6
710.9
706.7
715
720
714.1
723
720.5
718.7
715
715
711
711.8
709.4
707.4
706.2
709.1
708.5
710.1
711.6
717.9
718.3
719.4
719.7
709.8
709.9
706.7
706.7
705.6
711
707
707.9
707.9
708.4
712.7
714.3
719.4
718.3
717.9
717.5
705.4
710.8
710.7
707.7
704.1
704.5
701.9
706.4
709.3
713.7
713.1
709.3
712
711.1
710.2
704.9
708
703.3
701.9
701.9
706.3
705.3
707.7
707.7
708.9
713.7
713.7
712
709.2
712.7
714.3
704.7
706.3
696.6
704.8
702
705.8
702.3
702
703.7
709.6
706.2
707.7
712.7
714
707.4
708.3
703.6
696.6
697.5
702.6
702.9
698.1
699.8
700.2
700.8
702.1
711.8
709.9
709.3
709.7
705.6
703.5
700.6
700.7
700.1
700.3
701.8
697.8
694.4
702.8
702.8
710.4
708.8
707.4
707.7
712.1
708.6
704.2
696.9
699.5
697.1
696.3
696
700.6
701.2
704.5
707.2
705.3
714.8
709.1
710.2
706.6
700
705.1
710
699.3
699.6
698.8
697.5
699.8
698.8
709.5
707.3
705.2
705.4
707.4
709.2
706
704.1
698.1
698.4
700.2
696
699.2
700
706.4
704
710.3
701.7
711.3
708.4
706.7
704.9
702.7
697.1
696.1
700.5
698.1
699.9
706.3
702.5
707.7
705.3
714.3
714.4
705.3
708.7
701.6
697.8
700.9
701.7
700.4
698.7
701
709.7
705.8
713.5
709.9
712.4
707.7
712.8
709.3
701.2
697.7
701.9
700.5
700.4
696.4
700
708.1
709.8
712.5
712
710.6
715.3
709
706.6
707.7
704.7
705.4
706.5
702.7
701
703.7
704.8
715
711.2
711.4
712.6
712.8
709.2
707.4
707
700.6
705.4
706.9
701.3
698.7
701.2
703.2
707.4
711.1
719.3
703.9
715.4
703.9
706.4
704.3
710.6
701
700.3
702.6
697.9
701.8
704.8
704
713.7
713.1
709.4
712
709.3
705.3
704
704.9
705.5
701.2
701.4
703.4
708.1
708.8
710.8
708.5
712.7
712.9
708.5
707.1
701
700.4
698.4
696.5
698.5
705.1
698.3
701.9
705.8
700.5
708.5
703
710.4
708.3
710.2
701.6
700.5
700.6
699.6
695.4
699.9
703.2
704.4
701.6
709.9
708.8
710.5
709.6
708.5
706.4
704.8
705.3
701.6
700.2
699.4
696.4
696.3
704.6
708.5
704
705
711.2
710.6
705.1
697.9
703.8
688.8
696.9
695.2
690.2
694
692.2
702.3
696.7
692.4
700.4
703.3
700.4
695.2
705.2
697.4
695.6
696.9
694.7
689.5
688.3
686.1
688.5
691.5
684.3
691.4
703.6
699.2
697.1
697.3
690.2
693.9
692.5
686.1
688.4
683.8
686.9
687.4
688.9
690.6
694.2
694.4
688.1
693.7
682.3
683.6
684.1
681.9
675.7
682.9
680.1
682.6
685.1
693.3
688.4
692.7
693.8
689.4
689.6
685.1
686.6
681.6
678.5
680.8
676.6
676
678.4
677.8
686
681.4
681.9
687.6
684.4
686.4
676.5
668.4
675.6
670.5
669.8
665.3
668.3
672.4
673.7
675.3
670
678.8
677.4
680
683.3
676.9
671.6
670.1
667.2
664.5
665.2
667
659.3
663.6
663.7
667.4
672.4
665
674.8
670.6
674.6
668.8
661.4
660.2
658.3
648.2
663.1
659.2
659.4
671
667
669.4
667.5
671.1
671.8
668.2
666.6
659.5
655.9
654.3
656.7
655
655.7
659.9
660.9
662.6
659.9
661.1
656.3
654.2
660.2
654.8
650
649.8
652.2
642.7
643.3
647.3
646.5
645.4
645.9
652
651.8
652.8
653.5
654.9
647.4
645.3
639.8
638.9
637.2
635.4
635
638.6
637.5
641.8
640.2
641.2
645.7
648.2
640.9
643.4
637.4
635.7
634.6
631.6
631.5
631.3
628.6
630.2
631.2
636.8
637.2
640.6
636.6
632.1
635.6
633.7
624.5
627.7
622.2
623.1
626.1
623.9
616
625.8
630
631.3
627.9
633.6
632
627
621.3
620.5
621.2
616.1
622.3
620.3
617
621.6
626.3
625.9
630.4
627.4
629.8
621.3
620.5
617.2
613.5
607.3
611.7
612.3
608.6
611
614.5
619.1
620.2
610.8
608.3
609.4
610.7
606.8
603.3
596.8
601.8
598.5
600.5
604.3
598.9
597.6
600.5
603.1
600.5
598.7
596.8
597.3
594.9
591.8
587.4
586.7
588.7
585.7
585.7
591.4
594.2
585.9
598.1
596.6
591
590.3
596.4
586.8
585
587.7
588.1
582.7
579.6
579.2
578.5
584.2
584.8
586.5
587.9
585.5
585.2
581.8
579.1
576
577.2
575.3
572.5
571.9
575.2
569.2
568.4
570.8
576.3
583.1
580.1
574.3
575.4
574.1
567.8
562.5
571.5
560.6
557.3
563.8
568.7
571.4
574.7
574
575.6
579.6
572.2
580
576
575.1
568.1
563.5
562.5
559.4
566
566.6
561.4
564.6
565.2
568.1
567.4
570.7
563.1
562.9
564.5
556.3
557.6
561.5
556.7
552.7
548.3
548.4
557.8
552.5
558.1
560.4
565.3
559.6
551.9
556.6
550.9
549.8
556.2
556.2
553.5
554.4
549
556.4
557.6
556.1
557.4
557.6
555.5
561.3
557.8
554.6
556
553.2
555.9
547.5
551
550.8
551.7
553.8
559.2
558.6
557.4
556.3
553.1
549.7
544.2
548
548.5
543.1
543.2
547
545
541.9
550.1
553.1
549.8
548.9
547.2
548.7
544.5
545.3
538.7
537.2
536.5
534.4
534.5
533.7
538.1
535.9
541.7
547.5
547.1
542.1
546.8
534.5
534.9
536
534.6
531.6
534.4
539.6
540.9
540.3
543.2
542.8
538.9
539.8
538.3
540.9
540.5
542
543.5
540
539.4
541.6
534.5
541.5
546.2
549.3
548.1
542
548
543
545
535.2
532.5
538.1
536.1
539
532.8
539
535.7
538.1
542.1
534.7
537.5
540.8
541.7
539.6
537.6
533
534.9
532
534
526.8
539.4
533
533.2
534.4
541
539.5
538.7
538.7
530
528.2
526.3
527.6
522.3
525.4
522
525.1
529.8
533.4
533.3
535
533.8
535.8
527
529.3
526.3
526
525.7
525.9
518.9
526.1
528.3
527.9
531.6
534.4
535.4
537.5
540.1
533.9
529.4
530.2
524.8
524.4
528.6
526.9
522.6
524.6
526
529.1
532.2
537
531.5
532.3
537
527.5
523.2
520.1
525.6
519.6
521.4
521.6
524.5
528
524.3
534.5
523.6
527.5
528.8
531.1
526.3
518.8
518.6
520.1
519.6
524.7
514
524.4
528
528
529
529.6
524.4
529.3
523.8
531.1
517.7
525.3
518.5
521.2
521.1
520.6
522.8
520
526.5
530.3
525.2
533.4
532.9
527.5
524.9
519.2
522.2
521.5
520.9
520.9
521.2
520.5
526.8
524.8
525.5
531
531.2
525.3
523
523.8
515.2
523.2
514.5
519.6
519
520.4
521.7
524.2
520.3
522.8
527.8
528
520.9
522.1
517.4
518.6
511.7
515.5
510.2
513.1
508.2
517
518.6
520.9
523.6
526.1
518.3
520.6
519.9
511.2
512.2
511.1
510
508
503.2
506.7
507.2
514.1
518.1
521.1
519.4
517.9
519.4
513
513.2
512.4
506.4
508.9
508.7
516.5
512.5
510.7
516.5
523.4
519.6
519.6
515.3
514.5
505.7
511.5
504.6
505.1
508.2
503.9
510.2
509.2
513.3
510.4
517.9
510.6
511
502.7
505.4
503.7
508.2
499.7
501.5
496.3
498.6
512.4
505.2
505.8
512.6
509.4
507.2
502.7
504.8
504.5
502.1
501.2
503.7
507.9
504.4
508
501.7
507.1
504.2
501.9
515
509.2
503.8
511.5
506.9
502.6
506.8
512.1
503.2
497.9
503.5
506.3
504.5
510.7
511.9
520
512.5
517.4
511
508.8
505.3
500.3
502.9
503.6
506.8
504.6
504.7
505.7
506.8
508.7
516
509.1
508.2
506.8
505.5
506.3
504
506.8
499.3
504.1
500.7
502
501.7
508.4
508.2
506.6
501.9
503.8
504
496.7
494.1
493.5
498.9
492
496.4
486.8
496.5
505.3
501.9
496
503.5
502.3
502.9
502.9
499.6
504
490.3
496.3
495.9
492.6
502
497.7
497.7
503
503
505.8
504.9
506.2
504.9
503.2
500.1
493.3
494.6
494.9
500.3
490.8
489.8
501.1
496.7
503.4
498.8
503.7
494.6
497.1
494.6
491.1
491.8
486.1
483.4
482.7
483.7
483.1
487.3
492.8
496.2
494.8
494.3
494.5
496.3
492.8
490.9
487.2
481.6
491.9
480.9
488.8
488.6
489.1
489.4
490.4
493.1
499.5
494.1
497
496.1
498.2
500.4
489.4
487.8
493.5
493
490.3
489.1
492.3
497.7
500.4
501.6
497.7
501.4
503.4
498.2
495.3
476.6
484.1
488.1
485.8
481.2
483
488.2
487.4
490.5
494.1
497.9
496.9
490.8
491.5
494.3
489.8
487.8
492.8
490.7
488.8
492.5
493.8
496.7
498.4
500.1
498.4
498.3
493
490.8
493.1
497.5
491
489.9
488.2
485.5
488.4
492.8
490.5
495.5
494.3
492.8
494.4
494
493.7
488.4
487.5
484.1
484.1
482.9
479
486
485.6
488
495.4
495.2
497.1
497.7
494.8
494.6
492.9
489.9
482.5
485.4
484.3
489.8
491
492.5
496.4
493.2
497.6
496.2
501.5
494.3
494.5
490.3
488.4
484.2
484.7
483.2
490.8
491.1
490.4
489.8
494.6
489.8
503.1
497.5
490.4
490.6
485
489.3
490.7
488
483
488.6
484.8
492.2
493.1
494.3
491.5
494.7
496.3
501.7
495.6
490
490.2
487.6
489.3
484.3
494.5
494.5
501.3
504.7
505.4
493.6
497.7
501.4
493.9
499.2
489.1
496.8
487
495.8
487.4
492.3
492.8
499
487.5
496.6
489.1
495.7
496.5
504
499
486.5
495.7
493.8
494.8
495.3
494.8
493.1
493.1
493.5
502.1
502.5
499.1
503.2
497.7
497.7
493
494.2
489.2
492.7
492.6
491.2
493
497.1
499.8
505.4
504.7
501.1
506.3
502.1
491.5
493.9
499.4
492.9
486.5
487.7
483.9
486.9
488.3
488.2
490.8
493.3
496
495.9
490.5
490
485.1
487.4
482.7
480.8
485.2
486.5
483.2
483.3
488.6
493
493.9
493.2
489.8
490.5
488
489.4
480.4
480.8
484.4
481.8
484.8
489.7
493.5
494.2
495.9
497.7
493
494
496
488.1
490.3
487.6
485.3
478.2
484.2
486.7
486.4
488.4
493.5
490
500.9
498.4
494.6
500.7
491.1
489.6
493.7
486.2
486.1
492.1
493.2
501.5
498.3
504.7
504.4
505.1
508.2
504.6
495.9
494.8
492.5
497.4
494.8
490.4
491.8
491.8
493.9
504.1
501.8
500.4
502.1
500.4
495.5
497.3
495.7
496.1
489.8
488.5
485.4
490.9
491.9
505.9
497.9
504.2
499.7
505
499.6
502.6
504
491.7
491.6
492.1
494.9
485.1
489.2
491.2
493.5
495.7
497.5
493.3
494.9
492.8
490
489.8
486.8
483.3
484.9
484.4
489.4
487.8
489.9
488.8
491.4
490.5
497.1
494.7
499.5
493.2
497.3
493.3
493.8
492.6
494.9
491.8
489.7
493.2
496.9
503.3
500.8
501.7
502.2
500.7
493.3
493.7
498
494.6
491.6
490
491.2
491.7
492.2
489.5
494.9
498.5
506.1
501.7
495.6
500.2
495.4
496.2
492.6
491.3
490.7
490.8
491.7
495.1
493.8
495.2
500.9
496.9
502.1
496.9
493.1
485.1
482.4
490.8
487.2
488.4
484.6
488.8
489
494.1
496
501
500.1
504.1
506
499.7
500.4
492.8
494.5
492.8
485.9
487
494
488.5
494.3
504
501.2
496.8
498.9
499
508.4
497.3
500.7
497.1
494.3
494.2
493
492.3
493.6
492.7
497.8
500.7
504.5
502.3
504.4
505
501.4
497.3
497.6
494.4
492.6
493.9
493.6
494
498.3
497
499.5
497.8
501.7
500.7
499.4
493.8
494.5
496.3
490
488.3
489.2
490.6
494.7
498.3
496.7
500.2
501.9
496.6
502.7
493.9
495.7
501.1
496.6
494.9
492.5
496.2
501.2
498
502.7
502.4
511.3
489.7
502
503.8
500.9
503
501.6
497.8
497
494.5
491.2
497.3
493.8
501.3
501.9
500
508.7
504.5
504.8
494.9
495.7
496
499
497.5
495.9
489.6
498.7
492.4
491.3
505
503.5
500.1
504.5
507.1
504.2
503.3
497.3
498.2
498.4
495.4
496.1
497.2
500.6
502.9
507.3
508.9
506.4
500.4
499.2
494.5
491
498
490.6
494
495.4
488.9
497.6
501.5
496.8
499.2
499.8
499.4
496.3
495.9
497.1
492.1
496.3
485.8
484.3
487.9
490.4
495
498.1
495.9
495.7
499.6
502
500
501.1
500
497.5
492
488.3
491.7
499
492.3
492.5
497.1
493.2
495.8
494.9
499.9
499.8
502.3
493.7
493.5
494.1
493.8
488.3
490.7
489.9
487.4
491.8
490.2
499
499
502.1
501.7
500.2
496.6
494.7
492.5
488.7
492
491.5
491.3
497.9
493.6
490.5
497.9
500.5
503.9
501.7
505.7
498.5
496.6
494
489.2
489.8
485.2
493.5
493.7
490.8
497.4
497.6
499.8
505
504.1
499.9
503.5
498.2
495.4
496.1
496.1
494.7
494.2
498
496.5
505.2
500.4
504.8
503.8
507.1
499.2
500.1
497.6
498.7
495.4
500.6
493.6
500.6
493.6
500.7
499.7
503.5
499.7
500.9
494.7
501.9
492.9
501
491.4
491.4
497.4
500.4
487.8
492.8
498.4
504.2
505.3
506.9
499.4
506.7
506.5
503.1
496.9
490.2
497.4
490.7
495.2
496.2
496.9
492.8
508.4
495.7
500.9
495.6
503.8
495.9
493.3
498.3
490
490.9
494.8
493
488.1
488.7
495.6
490.9
498.7
493.6
497.6
500.7
499
498.1
493.8
488.9
490.7
489.1
486.4
489.9
491.5
489.7
488.2
492.4
501.2
497
501.7
499.5
498.5
498.8
484.8
490.7
490.9
491.8
499.7
497.8
496.2
494.8
500.8
498.9
496.6
498.3
495.6
491.6
489.3
491.5
485.4
492.5
490.2
487.6
483.6
480.6
495.6
501.9
499.2
497.3
496.2
490.5
488.7
491.5
492.1
485.2
495
487.2
485.7
487.1
491.5
491.2
497.1
495
498.6
497.2
497.3
493.1
496.5
485
486.9
489.7
486.4
488
487.9
491.4
490.2
489.7
492.7
494.4
495.2
496
495.7
496.2
485.8
492.1
488.5
494.9
497.8
499.5
490.7
493
499.5
494.7
495.6
498.3
496.8
500.7
494.6
490.8
493
482.5
489.4
483.1
490
503.5
494
493.9
503.9
504
494.6
498.8
493.8
498
493.6
491.7
489.6
491.2
486.6
495.6
494.2
501.6
503.3
498.1
502
504.3
504.3
500.8
501.4
497.1
494.5
496.4
492.4
490.8
495.8
500.2
504.8
500.7
503.9
502.8
505
501.9
501.4
496.9
497.6
491.8
489.5
494
492.1
491.8
496
496.2
493
499.3
504.9
507.9
504
495.7
498.5
490.9
492.3
494.4
495.7
491.4
499
498.9
503.3
502.3
504.7
503.8
498.7
495
495.2
494.2
489.3
493.9
492.2
491.8
493.7
493.2
496.9
500.2
507.3
503.3
503.8
509.9
499.8
499.2
492.5
492.5
493.6
499
490.6
494.5
493.5
505
498.2
495.6
505.9
510.7
502.8
497.4
504.7
501.7
503.4
500.1
499
497.3
495.3
504.3
506.4
507.4
507
508.2
509
510.7
500.8
501.5
497.5
503.9
494.3
494.8
496
499.6
501.1
504.1
500.8
511.8
508.5
509.8
506.3
506.1
499.1
498.5
493.8
494.4
494.7
498.1
497.2
492.6
502.1
503.6
504.5
508.6
504.7
496.8
504
500.5
498.4
500.3
491.8
495.2
498.8
484.6
496.9
497
494.4
498.8
499.2
496.6
497.1
492.6
499.4
496.5
490.3
496
485.6
494.6
499.3
501.1
510
507.2
504.9
503
501.9
500.2
499.3
499.1
498.6
494.7
497.6
493.1
497.4
505.7
506.1
500.4
501.7
503.7
501.1
500.8
500.7
500.4
502.8
493.6
494.2
499.7
494.1
496.3
497.8
502.2
504.1
503.6
504.2
502.3
505.2
503.7
493.8
495.4
495.8
490.5
495.6
498.2
496.3
498.9
502.9
505.9
505.5
503.7
503
499.6
504.4
496
495.2
496.2
496.5
495.9
495.6
499.6
495.3
495.3
498
500.4
502.3
506.4
499.4
497.3
494
501.9
496.1
500.8
495.5
501
496
497.2
501.4
505.3
506.8
507.2
512.9
504.2
500.5
503.5
498.2
494.7
493.7
496.2
500.6
508
504.8
503.5
508.4
501.6
508.9
509.9
505.5
506.8
497
492.5
492.5
496.2
492
494.3
495.3
497.6
497.9
509.5
504.5
506.5
503.9
499.8
502
504
501.6
497.9
498.1
496.4
507.2
499.9
498.9
502
503.5
504.5
506.1
503.5
509.8
499.1
504.1
503.1
497.3
494.1
502.2
500.9
504.1
500.7
512.3
508.3
505.5
503.6
508.6
503.5
502.9
501.2
497.2
500.2
494.7
501.3
498.5
501.9
504.2
506.7
510.9
507.8
504.8
509
499.7
499
502
500.8
498.3
497.8
502.1
497.8
495.4
503.6
507.7
508.6
508.5
505.1
498.4
504.4
495.6
496.4
498
493
498.9
492.9
503
497.2
503.7
505.7
507.7
501.9
513.3
503.5
499.6
500.7
507.2
500.9
499.9
497.3
495.9
500.9
502.7
503.4
501
503.5
503.3
499.4
506.1
500
498.9
496.8
493.9
498
499.5
501.3
497.9
497.3
503.7
506.3
505.6
504.4
502.8
500.1
499.6
494.8
499.4
499.4
496.1
499.7
497.3
498.2
501.9
494.6
505.7
501.6
500
499.2
501.2
500.2
492.9
493.4
497.9
502.9
491.3
496.4
495.9
500.1
500.7
499.6
494.4
507.3
500.8
498
493.3
498
491.7
495.3
496.3
492.2
494.8
502.6
499.2
497
499.1
506.3
503.2
503.2
501.7
501.1
497.5
494.4
494.9
496.9
493.4
494.4
490.6
491.8
496
501.2
508.1
503.5
507.1
498.9
497.4
504.3
503.5
493.4
494.3
497
491
493.3
497.5
496.9
503
504.2
501.7
502.5
500
499.9
496.2
490.3
494.5
500.6
486
488.6
498
505.4
500.6
498.5
500.3
502.5
501.7
502
498.2
492.1
495.2
493.1
495.6
496.7
493.6
494.8
497.4
502.2
500.6
504.5
502.9
500.6
505
496.3
500.8
494.3
495.6
496.3
492.2
492.6
494.6
494.4
498.1
494.3
500.4
504.7
506.3
499.1
499.5
499.5
498
492.9
490
496.2
497.7
493.6
496.7
501.8
496.5
503.4
504.2
503.5
503.2
500.4
491.3
498.8
494.9
487.2
493.5
493.7
494.2
502.6
501.3
496.5
504.2
501.6
495.4
498
493.5
494.1
498
497.5
495.1
496
492.9
499.6
501.1
504
504
499.6
501.2
499.4
498.4
493.7
491.1
492.2
491.1
491.3
482.9
491.5
498.5
502.6
498.9
506.1
502.1
498
502.6
503.7
496.7
498.7
496.9
495.3
491.9
494.5
492
493.7
496.1
495.4
501.2
500.1
499.3
493.7
495
491
489.2
489.7
485.4
486.5
495.4
492.2
494.7
498.4
504.4
502.7
508.6
500.8
494.7
493.1
500
494.4
501.4
494.5
502
491.7
489.9
495.6
502.8
512.5
509.4
506.7
502.6
506.3
500.4
499.5
500.3
493.4
497
495.1
501.2
496.4
494.7
501.2
504.9
508.3
508
501.7
502.8
501.8
495.4
498.4
499.7
497.6
496.1
493.3
497.3
499
495.6
499.3
505.3
504.9
504.6
501.9
503.1
496
498
493.3
498.3
494
494
492.6
498.2
501.2
502.4
507.4
508.7
502.2
504.5
505.9
503.8
499.1
496.2
498.8
492.8
494
491.3
498
496.2
508.2
504.6
504.7
501.8
500.6
502.2
493.9
493.2
494.3
497.4
493.7
496.9
499.4
503
511.1
508.1
508.2
502.7
506.1
509
508
494
500.8
496.6
499.3
490.4
499.3
493.2
500
499.5
498.8
506
508.7
501
505.8
497.3
494.7
504.2
495.8
497.2
491.9
496.3
498.3
506.7
507.9
510.7
507.7
511.7
510.6
503.2
502.7
497.3
496.6
498.3
491.9
494.7
495.7
495.2
499.1
502.7
503.6
508.7
507.4
503.7
497.6
498.3
497.1
496.9
498.4
494.7
493.6
496.1
497.3
501.9
499.8
507.4
505
505
503.8
502.7
504.8
500.3
498.1
496.4
498.3
495.3
498
499.5
507.3
499.8
506.7
505.8
503.7
503.8
505.2
495.2
499.4
493.3
495.2
497.7
496.1
497.3
500
501.3
507.3
506.8
510.3
504.3
498.7
503.3
494.3
494.6
498.9
495.9
499.9
491.8
496.8
499.1
503.2
505.6
505.8
508.2
508.7
504.3
498.8
493.7
495.7
496.7
496.9
494.7
497.1
503.6
495.8
505.1
509.2
508.2
505.4
503.7
492
495.6
489.5
490.6
502.3
501.3
493.8
501.6
501.6
505.8
504.8
504.7
508.3
511.3
506.5
501.7
502.8
496.1
492.5
495.2
492.8
496.8
497
503
507.7
506.1
503.9
503.6
511.9
505.5
495.5
496.8
498.3
495
498
493.5
495.9
496.6
505.3
503.3
506.9
502.9
505.6
501.2
505.3
498.8
498.6
498.3
496
494.8
499.5
499.7
498.4
506
507.5
505.6
501.7
503.7
500.9
503.7
504
497.8
495.5
494
490.2
492.3
496.7
498.3
500.4
498.2
498.9
504.1
507
501.5
501.5
495.2
492.5
493.1
494.5
492.1
491.1
496.6
494.7
501.5
506.6
500.9
499.8
504.6
502.9
500.7
496.6
492.7
493.4
496.3
494.3
496.8
495.8
492.3
506.4
503.8
499.5
505.2
504.4
500.9
494.3
495.6
498.3
493.8
496.5
497.1
492.6
498.9
500.9
497.3
507.3
506.1
503.8
500.5
503.2
497.1
496.5
495.4
493.9
493.9
491.6
493.4
497.6
501.7
507.1
508.5
507
503.1
503.2
501.8
500.7
494.1
494.5
492.9
496
495.2
493.5
490.4
503.6
500.8
506.6
504.4
500.7
495.8
500.5
490
492.3
495.7
496.5
491.3
490.2
491.9
481.4
493
500.1
493.8
501.9
500.6
497.7
501.4
492.6
497.1
495.3
495
493.2
491.4
492.4
497.7
497.5
509.4
507.4
502.5
503
505.5
495.4
491.9
492.8
498.8
492.5
491.8
488.4
495
496.9
498.2
501.7
506.4
500.7
510.8
496.4
498.7
496.3
497.8
496.3
490.9
497.5
499.8
495.2
498.1
494.4
500
506.7
501.1
504.1
501.2
496.3
496.8
495.9
494.3
490.2
493.9
491.1
492.6
494.4
501.4
498
506.8
504.2
500
501.3
497.4
500.5
493.3
498.3
492.9
488.7
491.7
490.1
495.2
498.7
498.3
503.9
500.7
498.9
499.5
500.5
495.2
493.5
490.6
491.4
493.5
488.1
489.5
497.6
495.2
499.3
503.9
498.3
503
502
497.6
491.9
492.7
489.6
496.3
488.9
488.5
493.1
490
498.4
505.6
499.9
504.3
504.7
501
492
493.9
496.2
495
485.9
494.1
501.6
493.7
495.5
499.8
501.4
491.8
503.9
499.8
501.1
499.8
495
495.9
492.3
492.5
492.1
484.8
493.9
497.2
501.5
501.9
503.5
505.3
500
499.5
494
497
493.3
484.1
493.7
492.1
494
496.3
503.2
499.3
502.8
497.6
501.6
500.7
506.9
500.3
495.2
499.7
491.9
493.1
489.5
494.6
493
500.9
501.9
506.7
499.2
501.9
501.8
494.2
492.3
494.2
489
492.1
488.6
491.2
490.2
494.9
502.8
498.6
500.8
500.5
501.5
498
496.4
494.8
491.1
489.8
491.9
492.4
490.4
496
495.3
498.3
499.1
497.1
502.1
503.2
502.8
501.1
494.3
492.1
489
491.2
490.6
492.1
491.1
492.3
493.8
503.1
497.8
497.6
499.8
495.2
502
492.1
493.2
492.5
489
486.8
490.8
489.5
494.5
493.8
502.1
494.7
494.8
497.9
497.3
493.5
493.1
489.7
487.5
488.8
489.5
494.9
492.9
498.1
506.8
499.8
501.9
502.9
502.7
499.7
490
489.6
490.9
497.1
490.5
490.2
486.8
491.3
498
492.1
498.6
500.9
494.9
502.4
496.1
495.4
490.5
495
491.8
494.6
488.5
493.5
493.8
493.9
496
494.2
502.7
503
498.8
494.3
497.1
496.5
491.1
494.6
489.1
491.6
490.4
489.1
502.2
497.3
498.2
495.2
504.6
498.2
497.2
495.2
495.4
486.9
489.9
491
487.8
489
487.3
491.4
498.3
497.6
500.9
500
501
496.8
493.2
490.1
492.3
489
493.7
493.1
489.7
492.3
496.9
497
499.5
494.3
500.6
498.7
499
494.3
492.8
491.7
484.9
489.4
489.5
486.7
495.5
495.4
500.9
500.7
496.3
494.5
503.4
491.8
489.4
494.3
489.7
491.4
492.7
489.8
485.5
492.5
492.6
488.8
503.1
499.8
498.4
489.2
497.9
494.3
490.1
495.4
494.2
488.6
493.4
495.2
498.9
500.3
499.7
497.3
496.8
498.3
499.5
498.4
489.7
496
489.3
489
487.3
487.6
496.2
504.1
501.8
504.3
503.9
499.5
497.6
499
496.9
494
494.1
487.8
492.4
498.2
495.4
501.9
498.1
496.3
499
500.5
499.4
494.5
492.4
495.7
490.1
488.9
487.8
490.4
492.5
493.7
491
498.2
501.8
503.5
498.4
499.8
501.1
492.3
491.7
489.5
496.3
491.2
490.9
489.9
493.3
492.3
492.3
496.9
498.6
499.2
501.5
493.8
493.5
490
492.7
493.3
489.3
494
493.7
494
490.6
490
499.4
500.9
504.6
500
493.7
491.3
493.9
495.2
489.5
488.7
496.1
492.3
495.4
497.9
497.1
497.2
500.3
501.6
501
495.7
501.3
498.4
495.4
493.9
487.8
489
493
493
497.6
492.9
500.6
498.5
505.6
500
497.9
494.3
494.9
494.7
489.7
486.4
486.6
493.9
493.5
491.8
498.9
497.1
503.2
501.5
493.8
497.4
493.3
498.6
489.8
490
488.2
494.5
489.7
488.9
495.9
499.9
503.9
503.3
495.2
500.8
496.2
493.3
487.6
493.8
497.1
489.3
493.1
492.8
498.9
502
505.4
496.1
502.4
504.7
495.4
495.5
494.7
490.4
491.9
490.3
490.5
491.6
490.7
488.8
492.7
500.7
500.7
500.2
499.6
498.1
494.2
497.1
494.1
486.5
492.3
487.1
485.1
491
494.1
494
499
502.3
498.4
503.9
500.2
495.2
496.6
496.2
486.2
488.9
488.6
490.5
495.7
494.7
495.2
501.7
499
503.8
502.4
495.7
493.1
498.1
485.4
491.2
491
489.5
491.9
490.3
493.1
494.2
502.1
494.1
495.5
493.5
500
490.7
485.9
491.7
494.2
489.2
486.1
491.2
485.6
495.4
496.6
498.6
495.4
494.9
497.3
497
492
489.7
485.2
486.7
484.6
492.1
489
490.4
492.1
489.9
494.1
498
495.6
493.7
496.6
484.9
486.9
487.5
484.2
494.5
492.1
486
488.5
488.2
495.2
492.5
499.4
490.3
494.8
492.5
491.8
491.1
486.4
484.1
492.5
487.6
487.5
490.7
486.3
495.6
491.8
496.3
497.9
493.1
491
491.5
484.2
481.7
487.5
487.7
488.2
487.6
495.9
497.6
493.5
492.8
494.4
492.8
491.4
492.2
494.9
482.1
491.6
491.1
486.9
486.3
488
499
495.2
490
495.8
498.4
492.6
490.3
490.1
490.2
488.6
488.6
481.8
482.8
483.2
488.8
493.7
497.1
498.4
494.8
495.2
492.4
497
491.2
487.9
485.4
490.2
488.7
489.9
487.8
488.9
501.4
500.4
498.2
492
499.4
502.2
490.9
489.6
490.8
491.1
487.2
488.8
491.6
489.1
495.1
496.7
499.6
498.4
497
502.1
497.4
492.2
485.2
484.9
484.5
489.5
488.9
485.9
491.1
490.9
497.2
493.7
492.8
491.1
495.1
493.7
485.6
489.7
483.9
483.5
483.7
482.7
486.3
484.8
495
493.6
492.1
502.6
493.4
499.6
495.7
488
497.1
490.6
485.7
486.8
484.5
495.1
487
490.3
496.8
492.5
492.2
500
493.2
491.1
498.3
487.7
481.9
487.5
491.6
488.5
485.3
490.8
492.4
492.9
497.8
498.2
492.8
501.8
492.8
492.9
488.5
483.8
488
486.3
485.5
493.3
489.5
494
497
501.8
500.4
497.6
502.7
497.4
492.8
491.6
490.6
486.4
489
485.1
486.3
492.1
491.6
498
498.1
506.2
497.7
495.2
491.8
493.2
489.2
487.9
485.7
489.4
493.7
487.5
485.8
493.2
490.9
497.3
501.7
498.3
496.6
493.5
486.2
486.8
487
484
488.7
489.1
491.8
486.6
494.9
494.9
497.3
494.9
491.6
501.1
483.7
488
485.5
492.8
488.5
484.7
486.5
486
484.6
492.2
491.1
492.6
499.4
500.5
496.6
492
492.9
486.6
486.3
486.9
498
484.2
485.9
490.1
490.8
499.2
497.6
495.6
501.4
494.1
489.6
489.4
491.4
489
483
491.3
488.5
486.1
489.8
491.6
494
493.2
493
497.1
495.8
498.8
490.6
489.5
489
490.2
486.4
485.4
485
486.2
490.6
493.9
494.9
503.9
490.9
498.3
493.5
490.3
488.1
489.3
492
491.6
488.4
494.8
494.4
496.8
493.4
497.6
504.3
500.9
501.6
496.1
491.6
493.9
491.1
489
489
490
493
495.1
498.4
497.6
496.9
501.4
490.4
487.7
491.8
491
492.2
491.3
487.5
487.5
489.9
496.3
497.2
496.4
495.4
502.6
494.9
496.5
489
487
490.6
488.4
489.7
488
484.7
487.5
486
490.2
499
487.4
492.4
497.7
496.9
490.4
490
492.8
482.6
480.7
488.3
481
485.1
483.6
482.4
490
492.9
491.8
494.7
493.5
490.5
497
490.3
491.3
491.6
492.2
486.7
489.5
486.6
491
501.4
491.3
496.5
490.7
498.1
494.7
498
489.7
489.7
491.5
491
486.8
487.7
492.3
485.8
498.4
490.8
490.3
503.6
494.2
493.7
491.3
490.6
488.5
487.8
488.1
486
489.3
485.1
495.2
489.8
493.8
493.7
496.5
495
488.8
487.1
490.1
480.6
485.9
489.9
484.5
483.7
488.5
490
498.8
490.5
502.3
490.5
503.5
501.8
491
491.4
491.7
482
487.7
483
492.7
487.3
486.9
491.3
496.2
501.6
493.6
485.4
489.9
485.9
490.3
490.3
488.3
483.3
482.9
486.5
484
488.9
492.6
494.4
499.1
498.9
494.1
494.3
491.8
487.1
488.1
486.6
486.9
483.1
487.3
483.1
487.5
490.4
493.2
497.7
502.1
499.3
494.4
493.4
495.5
491.4
487
486.2
486
483.5
490
488.4
490.9
495.8
498.4
498.7
496.4
495.8
493.1
489.4
489.4
482.2
489.1
483.7
489.1
487.2
494.9
491.9
494.3
494.1
496.3
494.4
493.5
491.4
486.5
487.3
485.8
484.2
481.5
489.5
485.5
491
487.4
490.8
495.6
499.9
493.1
486.3
492.2
488.6
484.4
482
484.4
485.8
486.4
485.8
492.3
490.5
490.9
494.1
498
497.5
497.5
494.3
489
485
489.3
490.6
489.8
484.9
492.4
485.8
490
492.4
493.7
493.2
495.3
500.3
494.1
488.6
487
483.6
483.1
489.8
484.1
484.8
489.4
494.7
488.5
491.7
496.2
502.9
492.7
494.2
492.5
487
496.1
485.9
489.3
486.2
484.2
488.1
494.8
494.9
493.3
495.9
495.4
493.3
492.3
491.7
485.3
490
487.7
484.6
486.4
491
487.2
483.4
492.9
494.3
497
493.4
493.1
493.5
495.3
491.2
489.7
484.8
490.2
487.2
491.2
493.6
491.1
491.7
490.5
497.1
497.3
498.7
497
493.1
486.2
485.3
490.6
483.9
486
483.5
486.8
493.9
496.2
495.2
489.3
491.7
496
494.4
485.4
487
488.4
490.8
486.9
491.9
487.1
490.7
487.4
492.6
500.2
495.1
499.3
501.1
498.9
489.7
488.7
490
491.7
487.2
483.9
488.1
491.2
490.4
492.6
494
499.4
497.2
492
494.8
494.4
496.9
492.3
484.7
485.7
484.1
485.6
486.4
490.4
495.1
498.8
501.5
502.6
495
495.6
501.4
493.9
492.4
492.9
486.5
485.6
483.4
491.6
495.1
496.3
494.3
499.8
502.6
498.1
494.4
494.8
495.4
492.4
491.7
487.9
491.9
486.4
491.2
490.3
487
497.3
490.3
495
501.8
496.2
494.7
491
492.3
494
490.1
483
480.2
488.6
493.2
488.6
492
495
498.1
497.2
496
501.5
491.6
488.1
490.2
495.7
486.6
491.9
483.8
491.2
487.1
494.6
486.9
493
497.4
495.1
492
490.8
495.1
491.1
490.9
492.9
491
486.6
493.2
480.7
495.7
495.1
490
503.4
497.5
491.3
487.5
491.4
486.3
479.2
482.7
482.5
488
484.3
490.2
489.6
488.5
491.3
496
496.4
495.1
485.5
488.5
482.9
480.2
480.6
481
484.4
489.9
488.6
486.7
495
502.6
495.6
498.7
488.9
487.8
490
482.6
489.3
495
483.8
491.4
484
495.9
494
499.1
490.2
501.8
497.9
494.2
489
487.7
495.2
489
490.5
478.5
478.1
489.8
493.3
494.6
493.7
498.4
497.4
497.1
500.2
487.6
481.1
496
490.7
497.6
489.3
490
491.5
494
491.2
493.2
495.7
500.9
497.6
504.4
493
490.6
493.7
488.6
488.7
495.6
489
489.5
488.9
495.6
499.5
495.7
501.2
496.4
497.7
493.5
494.2
493.1
489.5
489.3
485.8
484.1
488.5
494.8
495.7
499.8
498.3
504.7
503.9
493.6
495.8
493.1
491
491.5
490.7
489.8
491.4
490.3
489.3
495.7
501.2
502.6
499.8
497.1
493.6
496.1
488.8
481.7
491
494
489.1
489.5
486.4
493.1
496.7
495.6
499.9
494.5
500.6
498.7
496.5
490.1
488.5
494.9
491.9
483.6
489.6
496.5
498.3
