831.4
826.4
829.7
827.2
831.2
835.2
839.3
837.9
838.7
841.8
837.1
841.1
834.4
833.3
831.8
823.9
821.8
830.1
827.6
832.1
832.7
829
832.6
829.6
831.6
829.8
832.3
826.9
827.9
821.3
821.8
817.7
815.1
823
818.5
824.9
831.2
834.5
830.4
831.2
830.9
826.2
826.1
818.3
818
815.9
824.4
813.2
820.6
821
828.6
826.6
829
831.4
825.7
822.6
828.8
825.3
816.2
815.8
814.7
809.7
817.8
815.3
810.4
817
825.6
825.6
825.7
826.7
825.6
822.5
818.7
811.5
814.5
810.8
813
813.4
809.9
811.5
823
815.6
819.6
825.6
819.9
822.7
826
812.2
814.5
813
812.9
804.8
806.8
810.3
810.4
813.8
816.6
817.7
827.2
823.8
814.6
817.5
813.8
806.9
808.8
808
805.1
806.9
806.9
808.9
811.8
811.1
816
817.8
814.6
813.1
809.9
810.6
803.9
805.1
804.8
806.8
807
804.4
806.4
805.1
814
811.1
814.6
816.6
814.3
810.8
804.1
802.9
800.7
790.7
799.3
794.1
797.5
798.4
801.3
810.2
808.6
810.1
811
807.3
805.9
802.9
800.6
801.1
806.2
794.3
796
796.2
791.5
798.5
802.7
804
810.2
801.6
803.3
800.9
803.3
799.4
794.5
793.2
791.3
787.7
789.9
786.3
795
794.1
799.3
801.7
799.1
799.6
795.3
793.3
784.8
786.1
790.1
785.2
784.3
790.8
787.3
792
791.8
796.8
800
802.5
792.2
798.4
790.4
785.8
782.5
786.4
782.8
787.3
784.5
786.6
788.7
788.4
790
792.5
792.6
795.2
795.4
789.1
785.9
786.6
784.7
782.5
783.7
781.4
787
784.7
789.8
792.6
791.6
792.5
793.9
788.6
781.9
788.2
780.5
780
775.3
776.4
774.6
787.8
784.3
786.6
787.3
791.1
789.2
788.1
790.2
785.6
781.6
781.3
782.4
777.1
781
783.7
786.6
779.3
780.6
787.4
780.1
796.2
787.3
784.6
786.6
782.1
784.2
770.2
774.9
777.9
772.8
780.2
788.2
780.2
788.9
791.3
777.7
787.6
786.5
780.2
782.6
782
777.1
775.4
761.9
777.5
775
776.9
779.9
777.9
781.3
788.3
784.4
783.4
781.1
782.1
779.3
773.9
774.8
775
772.3
770.5
772.1
776.1
769
782.5
782.2
783.2
782.4
775.5
774.6
777.1
773.2
770.1
774.1
764.6
766.8
769.3
770.3
772.2
777.7
780.1
780.2
777.8
770.8
769.1
770
769
771.7
762.7
769.5
768.8
770.3
774.4
771.3
773.3
777.6
776.3
772.8
771.6
768.6
764.9
765.3
759.9
768.2
763.4
761.7
765.6
765.4
770.9
765.5
767.6
769.3
767.9
759
763.1
758.3
756.7
759.5
761.7
755.7
763
768.4
766.4
767.6
768.4
769.9
766.5
763.3
763.2
762.3
759.5
750.5
752.6
755.4
754.9
753.1
753.4
767.2
763.1
766.4
768.7
765.5
765.3
770.2
755.4
761.4
761.9
755.1
756.5
755.8
757.4
754.5
760.4
756.6
762.3
763.3
772.5
767.7
759.7
759.8
753.8
760.5
754.1
750.4
750.8
756.4
754.7
758.4
756.5
762.2
762.9
765.6
763.7
758.4
761.3
762
754.9
763.8
755.6
746.5
745.8
756.7
759.3
760.7
757
757.9
763.3
762
759.5
752.8
748.6
755.4
744
749.6
744.1
750.3
752.7
751.4
752.1
757.5
755.2
758.9
756.3
756.6
751.9
750.6
748.7
746.4
743
745.5
743.7
749.8
746.8
751.5
756.3
754.5
752.1
754.3
755
750.8
750.6
746
740.8
740.9
739.5
749
743.8
748
747.8
744.9
752.6
751.7
750.2
747.1
745.4
749.4
745
740.6
741.2
744.4
741.7
743.1
748.7
755.6
754.3
747.1
754.4
750.1
751.4
741.2
740.8
733
739.6
737.3
734.6
736.4
739.5
742.6
740.6
743
743.7
744.3
758.4
753.3
743.5
746.3
745.4
743.5
741.6
738.2
740.2
728
741.9
738.8
743.2
748.8
750.4
752
751.3
738.6
742.5
742.6
733.7
736.8
733.5
734.3
733.3
733.5
738.4
740.2
745.7
747.8
740.7
743.5
736.7
731.7
735.5
736
734.2
729.7
730.3
728.9
745.8
735.8
738.1
738.7
744.9
742.3
739.8
739.1
737.9
734.9
734.6
730.5
727.5
728.6
730.1
733.7
734.3
735.7
739.7
743.1
741.7
754.5
733.1
734.2
734.1
732
728.2
728.2
727.7
731.6
731.8
726.9
737.9
732.9
741.1
742
735.4
738.6
732.5
729.7
730.1
724.4
726.2
724.8
728.5
726.8
732.2
733.8
732.1
738.5
737.9
732.7
726.9
732.7
727.6
723.7
726.6
721.3
722.4
722.5
725.4
734.2
732.7
733.5
738
737.1
734.8
731
728.1
727.6
720.1
725.2
720.4
715.6
722.4
724.2
734
732.9
733.5
734.2
731.3
726.5
728.5
723.1
722.7
721.5
721.6
716.5
717.1
719.3
726.8
727.4
734.2
733.8
729.2
737.4
727.7
725.5
725.9
722.4
721
722.3
714.6
722.3
724.9
730.7
719
727
735.7
732
733.5
728.5
730.9
728
722.2
723.6
722.6
719.4
722.4
722.9
721.8
720.4
727.1
728
731.7
720.4
731.6
729.7
729.1
722.5
717.4
717.9
721.9
717.5
717.1
716.5
718.6
724.3
731.5
724.9
728
728.5
727.3
723.3
723.3
719.1
719.5
718.2
718.7
719
717.1
716.5
717.1
719.9
727.6
727.4
722.8
724.1
720.4
719.5
721.3
716.1
713.2
716
722.3
718.8
717.6
723.6
725.7
722.2
722.9
718.7
718.3
714.8
713.6
709.7
715.2
712.7
712.5
709.2
712.3
717.1
723.6
721.3
727
720.2
722.3
719.3
712.6
711.2
713.5
705.6
710.7
706.6
706.7
716.4
715.4
718.8
716.6
721
715.8
718.6
719.6
713
713.4
709.8
709.4
712.9
702.8
706.9
703
709.9
714.2
716
715.2
711.7
716.4
710.9
706.8
709.4
704.4
703.4
708.8
706.3
705.2
705.6
710.7
711.9
716
717.8
715.8
709.9
712.7
710.9
704.2
704.8
705.3
704.3
704.5
705.4
703.2
708.1
708
715.2
710.5
713
710
709.4
708.3
703.8
698.3
701.3
702.5
703.1
696.1
703.7
707.1
707
710.7
712.4
714.2
706.5
706.8
708.2
702.4
698.8
703.3
697
699.1
698.5
692.3
699.7
706.5
705.6
709.4
704.5
705.9
703.7
695.8
702
700.9
695.5
698.7
694
693.5
697.2
694.9
699.2
703.9
702.6
708.2
700.7
712.7
700
690.9
696.1
691.9
693.7
689.8
694.6
693.6
696.4
698.7
698.5
705.6
701.5
700.9
701.5
692.4
689.9
687.9
683.8
688.5
686.8
694.9
691.5
693.6
701.1
700.7
701.4
700.8
700.5
698
694.5
684.4
690.6
691.2
688.6
683.1
685.7
688.1
688.3
692.2
694.6
694.6
694.7
694.6
692.9
692.8
685.5
685.9
686
686.5
683.8
678.3
686.1
682.2
689.2
693.4
695.3
689.7
696.6
693
687.8
686.7
680.6
681.9
674.7
681.9
681.1
682.9
682.1
686.6
696.4
691.9
692.9
689.7
685.6
683.7
680.2
681.1
677.9
680
680.9
684.6
677.4
678
679
693.2
687.1
685.1
681
680.8
677.4
679.2
680.1
679.4
673.5
667.7
678.7
674.9
679.8
679.2
680.9
687.7
685.2
676.4
676.8
681.5
676.4
678.2
674.6
673.9
675.9
673.3
675.2
676.9
678.7
685.4
678.9
682.9
681.2
676.2
675.3
673.1
676.4
669.6
664.2
668.5
668.5
669.7
676.5
675.4
683.8
678.8
681.3
676
679.1
670.4
669.4
667.1
671.4
662.2
664.1
663.3
676.5
673
677.4
676.4
676.6
676.6
673.9
673.1
670.1
667.8
665.3
666.1
660
663.7
668.6
665.2
666
673.3
675.6
676.1
669.6
673.4
667.2
666.3
664.8
659.6
661
658.7
657.2
666.9
662.6
663.6
673.5
664.7
665.8
666.1
668.8
665
661
659.3
657.5
659.3
660.7
660.7
665.1
668.1
671.9
672.1
668.1
668.4
666.7
666.8
662.8
657.3
657.4
650.3
657.1
659.1
655.3
661.4
666.1
666.2
669.2
671.7
662.8
665
663
660.7
659.2
656.9
658.2
657
654
654.2
660.4
668.7
658.6
663.8
666
664.4
661.5
654.2
654.3
658.5
649.7
646.5
655.5
651
649.8
655.7
663.1
663.1
659.9
664.4
667.3
658.6
660
655.3
649.5
652.7
649.8
660
646.4
653.4
658.5
660.7
659.4
646
659.5
658.8
658.9
653.5
649
649.3
649.3
648.9
648.8
645.9
650.2
647.7
653
656.3
657.8
659.3
655.9
649.6
650.9
651.6
640.2
645.7
646
647.5
647.8
648.9
649.5
653.3
657.7
654.1
661.3
651.7
650.8
653.6
646.7
644.2
644
647.6
648.8
645.6
649.1
648.8
652.6
648.6
647.4
653
656.6
651.7
646.1
649.5
651.1
651.2
644.4
644.6
648.6
644.7
655.7
649.8
661.3
654.3
655.7
649.5
650.5
651.3
646.9
643.3
639.4
643.7
652.2
646.2
651.9
652.7
657
657.7
653.2
659
652
645.8
642.8
647.6
640.1
646.7
648.7
648.3
651.1
650
659.5
656.3
653.5
655.3
648.9
648.4
650.7
637.8
643.7
651.6
644.3
638.5
642.2
645.4
652.4
652.5
655.6
656.2
656
652.5
653.9
643.7
648.3
641.3
643.5
632.4
647.9
645
647.3
653.9
649.1
655.5
650.2
647.3
640.3
646.5
645.8
643.9
636.6
637.2
643.5
644.7
642.7
645.9
643.7
647.2
648.6
647.4
653
649.3
650.5
647.4
642.7
642.1
640
638.5
644.7
643.8
646.5
646.7
649.7
652.2
652.5
654.5
644.1
646.4
648.2
645.5
639.3
641.6
639.5
643.7
640.9
651.6
645.8
647.7
648.9
652.5
646.9
654.1
649.1
643.9
639.6
643.8
638.8
638.3
640.4
643.3
636.8
644.9
646
652
649.8
652.2
646.1
644.4
644.9
642
638.8
642.6
642.1
639
643.6
639.4
645.5
643.5
646
652.4
648.7
648.6
643.9
642.7
636.9
641.8
638.3
640.8
637.1
642.2
645.7
646.4
649.9
657.1
643.6
641.8
644.7
641.1
639.2
636
637.7
637.4
632.6
635.1
633.2
646
644.9
644.5
644.4
649.8
644.4
643
640
641.8
637.1
634.6
639.6
635.9
637.8
645.1
641.7
648.4
648.3
650.8
642.7
645
645.7
633.6
639.7
637.9
634.9
633.5
628.6
640.9
635.6
641.5
644.5
641.6
642.4
651.3
646.6
644.2
642.4
634.3
640.3
641.8
639.2
636.5
641.6
637.1
643.2
642.9
649.7
650.1
646.2
646.1
640.6
643.4
635.1
631.4
633.1
637
633.9
632.4
636.8
639.7
645.1
645.9
646.4
650.3
645.1
639.2
637.7
637.5
636.7
634.8
636.5
636.1
638
641.1
639.7
645.2
643.9
644.3
646.8
647.1
640
643.8
633.2
632.4
628.1
630.3
631.7
632.3
637.9
633.9
640.9
647
647.3
643.4
636.5
639.4
641.1
638.1
627.6
630
638.2
631
639.3
636.9
641.1
641.2
637.4
646.6
646.3
641.2
639.4
634.9
636.8
632
636.2
634.1
636.9
629.3
639.2
639
640.1
644.4
644.3
641.2
640
639.2
632
633.8
627.7
628.9
633.4
633.6
641.8
639.4
645.3
642.1
644.3
647.3
640.9
642
634.6
633.6
634
632.5
631.1
633.6
634
635.4
638.1
642.5
646.4
640.8
646
640.5
643.4
636.7
638.5
630.7
628.2
631.8
632.7
636.8
638.3
642.9
640.6
638.6
643.9
646.2
644.1
638.9
636.1
633
636.5
635.8
633.1
634.6
643.2
636.8
637.6
638.7
644
640.1
642.8
638.5
642.6
631
631.9
636.4
635.7
631.2
633.7
637
633.2
644.5
644
638.3
648.7
641.7
634
632.3
634.2
630.3
630.1
629.4
630.6
635.2
635.9
635.5
638
643.4
644
643.7
644.2
640.6
641.7
634.3
637.1
630.7
632.1
632.9
634.5
636
637.3
636.5
644.5
638.7
647.6
640.2
643.4
637.1
637.9
635.1
634.9
631.3
634.5
632.6
633.9
634.2
637.5
641.9
646.2
641.4
643.9
643.1
639.3
639.9
634.6
635.6
634
636.9
635.5
628.4
640
639.4
644.2
639.9
647
647.5
641.9
642.8
636.5
635.9
635.9
635.7
630.2
635.5
634.1
648.4
639.4
647.1
646.3
645.8
645.4
642.9
643.5
639.1
635.7
639.1
642.8
629.6
637.1
638.4
639.1
644.5
647.3
643.8
644.3
645
639.1
640.3
643
640.3
633.1
635.7
633.5
637.3
636.9
637.3
642.9
645.5
646.3
654.5
647.9
651
646.5
644.9
633.9
633.5
636.3
631.2
639.6
636
632.3
641.9
641.4
645.4
640.9
644.5
644.3
641.3
636.7
634.9
642.3
641.7
637.9
637.6
638.9
641.6
647.7
648.8
647.8
647.4
645.2
642.7
640.4
634.7
638.5
639.7
635.2
639.4
637.9
640.5
639.8
644.4
642.4
644.4
658.9
644.1
642.7
639.2
639.8
636.7
635.1
631.2
649.6
638.9
640
638.1
645.8
645.4
650.5
649.4
646.3
647.8
641.4
641.1
640.5
633.5
640.2
638.2
637.7
636.1
637.9
642.8
640.9
641.2
646.1
647.3
649.9
640.6
641.2
637.9
643.6
641.2
637.2
637.4
636.6
637.5
641.4
641.5
644.6
648.4
648.3
644.2
642.6
642.8
635.5
631.5
637.1
631.8
633.5
635.4
640.5
643.9
648.7
649.5
644.3
644.9
646.6
644.4
640.1
635.2
634.8
637.4
635.5
632.6
637.7
636
636.3
649
651.8
645.9
643.3
645.5
643.9
637.9
643.3
632.7
639.4
638
642.1
641.1
646.6
641.5
644
643.7
650.3
646.1
647.3
645.8
639.7
637.8
638.1
635.7
629.1
635.4
637.3
638.2
637.6
642.9
641.4
647.4
647.4
645.5
644.3
641.2
638.1
635.4
630.9
640.3
636.1
638.6
642.1
638.2
643.9
641.7
642.6
641.1
640.5
633.4
636.4
638.3
633.9
630.5
631.1
634.5
630.3
637
635.7
641.3
643.2
643
642.7
637.7
635.9
636.3
634.1
632
630.9
634.4
636.1
633.8
629.2
636.9
636.7
639.6
643.2
643.4
639.4
634
636.1
631.4
633.1
630.4
634.9
631
635
636.9
635.3
641.7
645.4
649.2
646.8
638.6
632.5
636.3
637.7
636.1
636.7
638.9
630.9
633.6
637.3
637.2
635.1
649.9
645.4
643.3
642.5
633.7
630.2
631.4
628.8
638
630.7
634.5
634.7
639.8
639.2
644.3
643.2
642.6
638.6
628.9
635.6
628.7
626.9
627.7
628
638.7
627.8
631.4
637.9
631.6
641.8
637.8
637.9
635.7
636.1
631.4
633.1
634.2
629.2
626.9
626.8
629.6
630
633
636.2
635.7
638.3
635.2
633.2
636
637.4
631.1
630.9
625
629.7
628.2
632.9
625.7
632.8
636.9
632.3
635.8
641.5
634.2
633.2
626
632.5
632.9
634.2
631.6
623.9
623.9
633.4
639.4
640.3
641.5
640.9
640.7
636.6
636.4
630.8
633.6
632.2
632.4
632
623.2
625.5
632.1
641.8
641.8
641.1
637.3
648.7
636
637.1
634.1
632.1
633.2
625.8
631.1
632.7
630.1
633.4
631.8
635.1
641.2
639
643.1
638
632.8
630.5
629.6
625.1
625.9
632.6
628.8
626.1
625.6
630.3
637.6
639.1
638.3
637.6
639.6
634.1
628.3
625.8
625.4
626.4
623.2
630.7
628.9
631
629.3
636.9
634.3
637.5
638.5
632.4
630.3
635.2
630.4
625.4
626.3
619.4
620.1
628.4
626.7
629.3
637.1
634.8
634.1
625.4
630.7
628.6
629.2
626.5
626.6
625.7
621.6
619
622.5
626.5
629.6
633.8
639.5
636.7
634.5
629.5
631.9
625.3
626.5
623.5
623.6
620
623
620.4
625.3
628.4
628.4
630.3
634.2
630.6
623.6
631.6
620.6
621.9
626.7
623.4
617.8
623
620.1
628.4
630
630.2
626.6
636.7
629.3
626.6
629.7
626.2
624.1
626.4
621.1
623.2
622.5
626.7
625.1
625.9
635.8
626.2
631.8
632.5
629.8
630.1
621.7
624.2
613.8
623.1
621.6
621.7
619
618.6
623.5
618.9
635.5
624.8
629.9
630.7
628.4
620.1
626.2
623.6
620.7
613.7
624.7
616.9
621.8
622.7
625.6
629.1
628.2
631
632.6
631.4
627.2
625
620.6
618.4
620.9
619.4
618.8
626.4
625.2
627.3
623.2
631.8
630.1
629.5
626.6
630.4
624.2
623.1
623.6
619.2
615.8
625.2
622.1
618.8
619.8
629
629.9
625.8
628.5
627.9
622.2
620
621.2
620.1
616.6
615.2
617.6
615.2
617.8
622.5
620.5
629.8
623.8
624.4
625
624.7
623.4
617.8
614.7
610.1
613.9
619.2
615.8
616.6
620.3
620.9
631.8
624
625
625
618.9
620.8
620.2
618.8
614.8
615
614.8
618.6
616
613.6
620.2
625.6
628.9
624.1
616.4
615.9
618.1
612.3
610.5
612.8
613.5
614.7
616.6
625.9
627
620.2
622.6
625.3
623.7
617.7
618
610.4
607.2
610.8
613
610.6
620.1
617.6
618.8
623.3
618.7
620.6
620.9
619
620.6
619.9
607.5
609.3
612.7
616.3
611.8
613.1
620.9
621.7
626.7
619.9
621.7
623.3
619.2
618.7
616
615
616
613.9
615.4
611
612.7
620.1
618
617.4
621
624.4
621
622.3
621
620.8
616.5
616
610.2
608.3
616.7
614.9
617.8
618
620.9
620.6
624.8
621.9
621.6
620.8
619.6
608.9
613.1
608.3
611.3
609.5
611.8
613.5
622.1
619
630.3
623.7
627.8
622.2
617
619.2
611.3
609.9
611.2
604.4
614.2
608.3
614.1
613.9
619.1
617.3
621.9
619.8
619.2
616.4
612.4
613.1
613.2
606.7
603.5
609.5
610.2
616.7
613.6
614.7
617.2
620.5
623.5
617.3
612.3
614.3
609.3
612.4
611
607.4
607.5
610.7
616.6
612.4
617.5
618.4
616.8
619.2
613
611.3
612.1
611.9
599.6
605
611
607
608.8
610.1
615.7
614.6
620
620.7
616.8
619.4
613
613.5
607.6
605.9
608.6
607.4
603.5
603.6
611.3
605.7
618.1
619.4
619.2
619.2
614
614.9
611.5
607.4
609.2
604.6
607.1
606.3
606
613.3
617.4
617.2
613.8
617.2
617.7
619.4
609.8
610
609.3
605.6
607
607.3
603.8
609.9
608.8
614.1
614.1
615.7
615.1
615.6
617.7
609.3
613.2
610.2
603.5
608.1
605.5
607.6
604
607.2
608.9
609.1
612.9
618.6
617.1
617.5
608.4
606.8
607.6
608.3
601.7
604.1
601.9
598.6
609.7
607.9
612.7
615.8
617.7
613.9
608.2
609.4
603.8
605
604.2
602.8
600.1
601.4
609
611.5
610.7
610.1
614.3
608.8
609.7
608.8
606.1
609.8
603
601.1
601.4
597.6
601.6
606.5
606.9
610.3
610.9
612.4
612.4
607.9
613.4
601.6
608.2
604.6
601.9
598.7
605.7
603.1
604.4
604
614
615.1
611.3
611.8
615.2
611.5
601.9
608.6
602.5
602.2
601.6
600.8
605.2
603.3
606.3
606.4
607.5
612.5
611.3
606.6
599.5
601.4
606.5
601.3
596.5
604.1
595.3
598.6
605
604.9
605.6
611.3
610.6
613.2
609
605.8
605.3
597.5
600.2
602.2
597.8
596.3
597.2
604.3
604.8
608.8
612.4
610.2
610.9
605.5
607.2
602.7
604.3
602.2
596.5
599.6
595
601.3
602.1
608
607.4
611.9
606.3
611.3
611.7
611
605.2
600.7
603.8
601.5
600.1
603.7
602.7
603.5
604.7
608
611.5
611.3
607.3
608.7
606.7
606.4
602.6
611.5
602.1
603.3
601.6
600.8
604
602.6
611.8
612.1
610.1
606.7
606.8
605.4
602.2
601.4
604.2
603.1
596.2
603.7
604.3
613.8
606.7
609.8
611.5
610.8
612
604.6
604
603.5
604.1
598.9
598.6
595.2
598.7
604.6
604.4
606
609.7
609.3
606.7
601.3
604.9
601.8
598.2
597.8
597.8
592.6
601.9
602.7
601
600.7
601
606.9
604.6
609.6
606.9
605.2
600.1
595.4
597.4
592.1
589.4
597.2
597.2
600.8
605.1
603.2
608
607.2
604.7
609.8
604.4
596.9
598.1
590.2
601.7
597.3
596.5
596.5
600.5
604.2
609.9
601.2
611.6
612.7
613.5
599.9
607.9
603.9
594
606.6
594.9
596.5
604.7
604.7
607.9
609.2
607.6
614.3
610
614.1
610
599.3
603.9
603.1
596.7
601.4
590
600.3
603.4
601.8
602.3
601.4
608
605.8
613.2
606
605.3
601.3
593.4
594.2
589.9
593.4
593.4
599.4
605.4
602.1
600.5
598.4
603
608.8
601.1
603.2
599.7
602.6
592.5
597.9
589.9
599.7
602.6
604.7
602.8
612.3
609.5
604.9
603.5
600.4
600.5
598.6
593.6
592.4
592.2
594.3
594.3
597.1
593.2
602.8
600.3
601.9
602.7
602.8
604.2
603.2
599.8
595.6
593.1
593.5
590
590.5
591.8
597.5
596.6
607.3
605.7
605.5
603.9
602.5
598
598.1
594.9
590.1
590.3
592.9
587.5
596.7
597.7
598.1
598
598.2
602.6
602.8
599
597.8
599.5
593.2
591.2
595
589.4
591.7
594
594
591
598.1
603
602.1
601
595.9
597.5
600.4
592.1
591.9
597.8
593
587.1
589.8
596.8
594.5
598.1
595.3
600.6
601.1
595.5
597.9
593.9
588
588.4
591.5
588.9
590.2
597
595
596
598.5
609.5
603.6
597.6
597.4
602.4
601.5
595.8
596.3
592.8
591.9
597.1
597
604.4
607.4
604.1
602.5
604.1
604.4
603.4
597.3
596.3
595.3
591.9
593.6
593.5
595.5
602
602.2
603.5
603
603.8
605
601.9
603.6
603.3
595.9
591.2
595.4
593
596.3
594.8
597
603.2
607.7
604.4
599.9
604.7
606.2
592.7
597.6
595.7
596.3
592.5
589.6
589.9
599.3
599.6
599
600.6
607.7
601.6
603.4
605
597.8
599.1
593.5
598.7
593.5
596.8
604.4
595.7
599.9
603
603
603.9
602.5
604.9
601.8
596.7
595.1
596.1
589.8
597.7
586.7
592.4
585.4
588.3
603
591.6
593.3
611.5
605.5
607.4
598.7
595.9
597
587.1
592.4
586.1
593.9
594.6
595.4
600.8
602
593.3
595.9
604.7
597.2
596.3
599.3
596.2
595.8
588.6
588.9
582.4
591.9
592
595.4
601.7
600.9
602.7
604.6
601.4
601.9
595.2
584.9
592.9
589.2
588.6
589.5
592.7
593.8
592.7
595.4
592.5
600.9
599.2
598.6
595.2
596.9
597.4
591
580.8
591
580.8
591.6
590.2
596.5
597.6
598.5
593.6
597
588.1
589.9
586.3
586.6
586.8
582.1
585.3
586.2
584.5
591.3
591.8
590
591.7
591.4
586.5
594.5
586
584.8
590.7
584.9
590.4
586.4
587.8
582.9
596.1
600.3
600.7
600.9
598.1
595.3
591
587.4
593.1
585.2
590.4
581.6
582.1
581.6
586.9
590.8
598.3
595.5
588.7
592.8
595.6
586.4
590.3
589.6
578.4
586
581
582.2
587.5
584.3
595.4
595.9
592.9
589.7
587.9
596.9
596.8
594.3
591.9
586
587.3
587.9
582.2
588.1
581.3
589.5
591.6
587
595.9
595.7
591.6
592.8
588.6
587.5
584.4
582.9
583.3
583.5
584.8
588.4
590.3
594
600.8
594
596.5
595.5
594.6
593.2
586.8
580.5
586.4
586.2
590.5
583.6
588.7
593.5
592.4
591.1
596.5
597.6
594.8
585.1
586.7
587.5
582.3
583.5
580.8
582.4
585.9
591.1
588.3
591.3
597.8
593.2
594.4
594.7
590.8
587
584.2
584.6
580.3
583.6
586.4
574.3
585.4
587.4
587.9
596.2
594.7
590.5
593.3
587.2
581.2
584.8
583.2
576.4
577.5
580.3
582.6
589.8
590.5
589.7
592.5
592.2
588.6
590.5
584.1
582.4
581.5
578.9
580
580.3
578
579.7
583.5
584.3
589.4
589.6
591.8
588
586.1
582.7
576.5
581.3
579.5
583.1
578.8
579
576.3
583.2
583.8
591.9
592
591.1
589.6
583
583.9
583.1
585.8
585.9
578.7
582.7
579
581.8
583.5
587.5
591.1
585.4
590
584
582.1
582.1
583.4
573.9
584.5
585.7
583.1
582.7
587.6
584.5
589.3
589.7
590.1
584.1
590
583.7
580.2
583.2
582.1
582.9
577
578.2
576.8
582.1
582.7
584.2
586.3
592.2
588
587.5
589.4
584
579.8
583.5
581.9
575.8
580
579.8
578.5
583
581.1
585.9
587.8
587.9
586.8
587.4
580.8
580.1
583
576.1
577.4
577.6
573.4
580.8
578.5
582.4
583.5
581.6
593.7
592.3
586
577.6
585.8
579.5
574.7
572.6
575.1
577.1
582.1
581.6
585.3
584.2
583.2
581.6
583.5
584.8
580.7
574.6
577
572
574.4
573.9
576.5
576.3
577.8
575.2
588.7
583
587.3
585.1
585.5
584.3
577.1
576.5
570.4
573.4
576.7
573.6
578.6
580.3
575.1
583.2
586.7
581.5
584.7
586.4
583.6
578.9
584.1
578.1
578.8
578.2
571.5
570.7
574.4
580.5
577.3
583.2
586.2
586.2
581.2
581.7
574.4
575.2
575.9
572.2
576
574.2
573.6
576.1
574
579.7
579.7
579.8
579.9
581.6
579.4
575.2
572.3
575.9
569.9
574.6
569.9
574
575.4
578.4
581.4
584.2
592.2
583.8
581.9
579.7
574.7
574.4
572.6
576.1
568.1
574.8
572.6
574.8
571.2
578.1
580.3
582.6
583.5
585.6
582.1
576.3
577.5
571.1
570.3
573.9
574.5
577
569.8
573.2
580.5
584.3
584.6
578.7
578.9
581.1
572.4
571
569.1
567.8
573.3
572.7
572
579.7
577
577.5
578.5
577.1
579.9
581.3
574.5
569.9
575.7
571.6
573.1
570.6
574.5
575
579.4
576.6
583.6
581
579.2
576.7
578.9
575.7
567.4
574.8
572.3
567.9
570.9
572.6
573.2
577.7
576.3
575.2
577.9
583.2
585.8
577.6
574.5
572.2
572
565.2
565.2
570.4
562.9
573.3
573.8
577.6
574.6
574.9
573.5
582.7
575.1
572.5
569.4
566.3
565.7
566.7
568.3
569
575.3
571.8
576.2
574.8
579
578.1
575.3
572.6
576.3
572
568.6
568
565.8
565.9
565.7
566.3
574.6
582.1
572.3
579.2
581.7
580.4
574.5
574.4
566.9
568.8
569.8
563.8
570.8
571.5
571.8
575.9
575
581.8
577.2
581.9
580
576.2
571.8
569.5
570.2
569
566.8
570.3
567
566.8
569.5
577.6
583
577.9
578.6
581.1
573.6
575.7
575.2
570.9
571.5
565.7
571.9
570.5
570.2
578.8
582.1
579.2
584.7
576.2
576.3
572.1
572.8
567.6
568.7
571
566.3
562.8
566.8
567
573.6
576.8
576.9
573.9
580.9
579.3
571.2
566.8
567
565.3
569.9
561.3
561.3
572.3
572.8
566
575.4
572.4
574.4
574.3
578.7
571.8
571
572.6
567.1
565.5
563.7
566.5
569.1
572.7
571.5
574.5
579.7
575.6
574.7
573.5
566.8
568.6
567.6
565.2
562.6
566.7
562.1
569.3
571.8
574.2
575.3
576.7
575.2
578.3
568.4
570.1
569.2
563.2
567.3
569.4
569.3
564.1
568.1
570.6
572.3
582.1
580.2
576.1
570.8
567.3
569.8
564.9
565.9
563.1
567.2
562.4
566.2
565.5
569.8
576.2
573.9
575.7
576.7
572.2
572.7
569.1
563.2
566.8
565.7
567.3
563.6
565.7
562.3
571.5
570.1
576.4
569.9
575.8
571.8
566.7
568.6
563.4
561.2
565.5
562.6
562.8
561.8
568.7
568.9
575
575.7
572.3
579.1
575.2
567.5
570.9
562.8
564.1
562
558.7
565.1
561.7
567.2
572.7
580.8
573
579.7
576.8
579.1
573.5
566.1
565.5
567.5
564.3
561.9
564.7
558.2
567.3
569
571.5
575.5
576.2
577.4
574.6
569.7
560.2
562.3
563.2
566.6
564.3
562.1
568.5
571
566.3
573.7
573.7
572.5
574.9
566.2
569.8
564.9
567
560.4
560.3
567.8
561.8
565.1
566.4
575.9
575.5
574.7
577.6
573.6
568.6
563.3
563.9
560.1
558.2
563.9
560
571
571.4
569.7
572
575
581.5
578.1
566.3
573.6
565.7
568.4
561.2
564.6
558.3
562.8
561
561.3
573.9
567.4
568.6
570.4
570.9
571.6
568.1
561.8
565.4
570
563.4
567
565.7
571.4
571.6
568.6
573.7
577.6
577
572.8
572.2
571.7
572.3
571.8
561.3
558.5
556.5
574.3
566.6
568.3
574.4
578.2
573.4
579.3
572.6
570.3
568
556.9
563.5
564.7
571.4
566.2
559
562.2
566.5
569.4
575.9
582.9
584
575.2
570.4
572.5
568.1
556.6
563.3
563.3
558.7
570.2
569.4
572.4
573.4
574.8
574.8
579.7
577.4
573.6
563.9
566.7
567.5
564.2
555.7
569.3
568.6
558.7
571.1
566.6
570.2
572.6
577.5
575.1
575.4
569.6
565.4
568.3
564.6
555.8
566.3
562.3
570.1
570.7
569.7
573.5
570.6
577.4
577
561.8
569.4
567.5
565.4
567.6
567.6
563
566.3
569.6
569.7
573.9
569.3
572.1
574.7
576.7
576.8
562.6
569.6
565.5
569.9
568.9
565
564.4
565.2
572.6
573.4
575.3
575.5
572.6
573.4
571.8
570.5
573.1
560.2
565.8
561.7
563.6
565.6
571.2
573
568.7
576.7
577.6
578.3
573.6
568.6
565.7
562.6
558.8
568.4
563
562
563.1
566.5
570.9
570.2
575.1
571.9
579.7
572.3
562.9
566.3
560.8
565.8
559.3
563.3
563.5
567.9
569.7
566.9
573
570.3
573.1
575.2
565.3
571.8
568.6
564.9
563.8
566.9
565.4
567.4
557.2
563.1
565.3
572.3
568.3
570.9
570.7
572.8
575.2
571.9
567.5
562.6
557.9
563.3
565
564.3
566.7
568.6
572.1
565.5
572.1
572.3
572.7
566
568.9
564.3
563.2
563
565.3
557.3
553.2
562.1
560.5
568.3
570.1
569.5
570.4
575.1
576.3
570
567.7
567.3
563.4
562.3
560
560.2
561
560.9
566.8
568.9
573
570
570
572.4
567.7
568.5
558.1
566.3
560.8
555.6
559.7
561.5
570.7
568.3
566.8
569.7
575.2
574.9
572.9
570
565.3
565.1
560.1
562.3
560.4
559.2
561.3
566.5
564.9
572.7
570
575.2
575.4
569.4
569.1
559.7
562.1
563.1
560.7
560.7
556.6
564.5
566.3
562.5
568.8
571.8
570.7
571
568.9
567.8
564.3
561.1
556.7
556.9
557.4
557.2
563.1
566.9
566
567.8
568.7
567.1
570.7
571.4
568
561.5
564.7
560.7
564.9
566.2
562.6
557.4
560
562.7
565.5
568.9
569.4
572
568.6
565.6
567.9
558.3
555.2
557.5
559
562.4
560.2
562.1
566.8
563.7
572.6
573.6
577
565.9
563.2
570.4
557.4
562.6
560.7
564
553
564.1
565.1
565.6
570.2
571
568
570
562
565.7
562.9
563.2
562.1
560.8
555.6
558.9
569.2
566.7
565.5
570
571.8
567.2
572.3
573.8
567.1
565.7
561
561.3
556.3
553.7
561.8
557.9
563.1
567
566.5
568.1
563.1
569.6
568.5
556.1
561.5
558.8
557.2
558.2
556.8
557.7
563.5
567.1
568.9
574.4
577.1
565.4
571.8
570.8
568.6
560.3
564.2
564.2
559.4
559.4
564.1
559.6
565.1
568.7
567.3
565.2
566.7
562.8
564.9
565.6
558.7
560.1
557.9
556.1
563.1
559.8
561.6
568.4
565.3
575.1
570
568.7
569.9
569.3
560.3
567.1
561.3
559.9
569.4
557.8
561
564.4
566
570
567.2
565.7
571.6
566.1
564
565
563.7
566.1
555.3
560.8
555.9
561.8
566.2
564.1
573.2
567.9
571.8
571.2
562.2
562.7
567.7
561.7
560.3
559.9
562.6
557.4
562.5
570
568.2
571.4
564.5
570.9
568.1
564.9
561.3
560.1
562.9
558.4
557.9
559.7
560.4
559.9
563.5
567.6
571.3
572.1
569.4
564.2
566.9
558.1
563.7
560.2
557.4
562.1
557
555.9
559.9
566.3
563.3
571
570.8
572.4
560.4
568.2
562.9
561.7
557.9
560.6
559.4
559.4
561.3
565.3
553.4
567.3
566.2
578.8
568.8
566.3
567
562.1
563
559.8
561.3
561.9
559
562.4
559.8
564.3
560.4
565.8
569
567.4
571.6
569.2
562.2
557.2
557.6
559
553.1
561.8
562.6
565.3
557.6
567.2
571.9
562
563.3
561.6
565.3
555.7
554.9
552.2
548.4
553.5
551
557.9
561.1
549.7
561.3
565.4
568.8
561.7
559
558.1
551.6
559.8
551.4
551.7
551.2
557.9
552.5
551.7
555.5
556
566.8
566
566.2
562.7
567.6
556.5
553.2
563.8
553.4
550.2
553
553.6
554.7
561
562.9
559.4
566.5
563.3
560.7
561.4
557
560.8
555.9
550.8
554.8
558.1
547.1
558.3
561.5
560
561.7
559.9
567.9
560.5
556.7
556.5
553.4
553.7
553.7
547.4
554.5
554.8
552.9
555.5
554.8
561.5
560.1
562
558.3
556.5
556.6
552.7
552.9
551.1
554.9
550.7
551.6
554.4
557.7
548
554.2
565.4
558.3
560.6
562.3
552.1
552.9
549.5
548
550.3
545.1
547.5
553.3
550.2
554.4
563.3
561.8
567.5
559.4
555.7
557.6
546.3
545.9
550.5
550.2
548.1
549
551.6
552.2
560.2
563.3
558.7
556.2
558.6
556.6
560.9
548.8
555.5
550
552.5
555.2
549.5
551.3
553.5
557.1
555.3
558.7
558.9
563.6
552.4
554.7
553.4
552.6
552.9
551.6
545.5
549.1
553.5
555.5
558.2
560.6
563
556.4
557.3
552.4
554.9
550.1
549.6
547.5
552.7
548.6
550.5
552.4
556.3
565.1
559.4
555.9
558.5
555.3
559.9
551.9
553
553.7
545.8
546.6
548.1
554.8
546.7
558.2
551.2
557.8
561.1
555.8
560.2
556.7
553
553.9
552.6
548.7
548.7
547.1
556.1
552.9
560.1
559.9
567
559.2
559.1
558.3
552.6
551.7
552.8
551.6
549
547.3
555.3
547.9
553.4
554.9
557.1
559.6
565
563.3
556.3
560.4
558.3
556.3
552
559.6
552
553.1
554.9
545.4
559.4
558.6
556.3
557.6
564.4
549.9
555.6
549.4
555.2
553.1
549.5
551.6
549
546.5
552.4
553.1
561.2
559
560.9
552.5
555
557
542.6
538
555.3
549.2
549.7
547.2
551.4
549.7
554.4
555.3
561.5
553.2
554
552.8
551.3
548.3
550.6
545.5
554.6
547.4
551.1
550.1
550.9
557.3
560.8
557.1
556.3
552.7
549.6
556.9
549.5
539.7
547
551.9
548.8
547.1
551.4
561.5
553.4
552.1
558.7
555.8
555.8
555.4
551.1
547
542
543.6
547.8
545.5
551.4
547.6
551.3
555.9
553.4
554.5
550.6
555
553.7
554.7
552.8
546
543
547
551.5
545.9
551.4
551.4
557.1
554.8
553.7
555
549.1
546.3
549.9
545
547.3
543.7
544.9
546.2
546.2
554.3
553.5
556.8
566
558
550.9
553.8
551.2
549.1
554
549.6
543.4
549.1
546.9
551
548.6
554.5
559.7
557.5
557.6
551.7
553.8
552.4
545.7
554.5
543.3
549.1
544.8
541.9
546.3
546.3
551.2
554.9
548.3
556.5
559
548.6
547.5
544.8
549.3
542.8
548.1
545.3
548.5
545.5
545.5
548.1
551.9
549.9
552.3
555.8
548.3
549.9
541.3
543.2
542.9
542.3
542.9
544.4
549.8
550.7
553.2
550.4
554.3
556.8
553.4
555.4
550
547.7
543.7
552.7
543.4
543.3
547.4
550.7
550
558.9
547.2
555.8
549.6
557.3
551.1
548.6
543.8
544.2
547
537.4
533.8
547.8
544.2
549.6
552.4
553.8
554.8
550.1
552.1
547.3
544.7
547.1
542.2
542.3
542.9
547.5
543.9
550.1
544.2
543.4
555
554.8
557.3
556.6
552.4
545.3
550.9
554.4
544
543.6
540.9
545.6
546.6
557
551.7
554.5
546.7
559.7
551.2
544.4
553.9
545.6
550.9
543
541.2
550.9
547.4
550.2
549.1
553.2
558.8
546.2
555.8
554
545.5
548.3
539.3
542.7
537.9
546.2
541.1
545
544
545.3
557.4
550.6
555
554.7
550.4
553.1
552.1
548.9
547.7
544.3
539
542.7
546.4
552.2
551.3
557.1
554.9
557.3
556.3
555.7
550.9
547.1
544
543.7
541.1
540.1
545.1
544
544.6
553.5
551.7
553.8
550.8
557.9
551
549.4
545.8
544.3
543.1
547.3
545
538.9
543.8
547.3
546.5
555.7
552.1
555.8
559.7
551.5
555.3
551.3
545.6
545.4
544.6
545.2
539.9
541.9
544.2
552.6
550.4
550
551.8
548.6
551.4
547.7
544.9
542.2
541.2
540.8
536.9
542.4
536.3
550.1
546.3
553.7
555
549.8
550.6
556.1
553.5
546.8
542.8
542.2
540.1
541.9
543.2
544.1
547.9
549.6
553.1
555.6
551.8
563.2
551
551
546.4
546.6
547.9
540.9
540
543.5
545.7
543.2
552.2
550.2
549.7
550.1
557.5
550.1
547
540.8
540.7
543.3
541.9
541.7
543.2
545.5
543.7
545
544.3
547
547.9
552.9
550.4
552.5
542.5
542.4
544.2
543.5
535.4
545.3
546.6
542.7
548.3
551.5
555.3
555.8
545.5
550.9
539.2
541.2
531.8
539.2
535
542.8
536.8
537.2
537.3
542
540.2
546.7
548.4
543
545.9
546.6
542.7
538.2
543.3
535.6
539.5
536.7
549.4
542
548.8
548.6
551.5
544
548.1
545.3
540.4
540.5
544.2
538.9
544.6
539.6
535.9
544
541.6
547.8
541.6
549.4
544.4
543.1
547.2
541.4
543.5
540.7
541.3
533.6
538.8
544.7
537.1
542.5
548.2
548.5
554.6
547.9
543.7
539.5
546.1
538.6
535.1
535.5
532.8
538.4
534.4
538.9
533.6
538.7
542.7
546.1
547.7
549
543.7
539.4
539.2
537.4
536.7
534
535.1
528.1
540.2
541.9
545.5
548.3
539.7
548.5
547.1
539.9
541.7
542.6
536
540.1
536
534.9
540.9
543.1
544
546.5
554.1
549.1
546
550.7
553.4
538.8
536
538.1
537.7
543.5
534.3
541.3
543.5
546.6
548.2
550.5
542.9
543.2
543
539.2
528.6
548.8
529.8
535.4
534.9
533.2
540.8
539.9
542.9
542.2
539.9
546
550.5
546.7
540.9
541.8
536.2
543.2
531.6
533.6
530.3
539
537.1
545.4
547.7
546.3
550.4
546.2
539.2
537.7
534.7
535
536.1
536
533.9
537.7
536.3
535.9
546.7
548.2
546.8
548.1
548.7
549.7
537.9
540.4
540.4
535.6
534.6
537.7
530.3
535.2
537.6
536.9
544
548.9
542.3
545.2
545.9
542
539.1
540.4
538.8
543.5
535.6
535.6
528.6
542.6
542.3
544.9
549.2
545.9
541.7
538.3
542.7
542.6
536.7
540
535.6
536.9
534.4
542.6
549.9
547.3
545.5
546.4
544
546.3
545.7
544.3
539.9
540.9
537
540.4
531.3
539.2
536
538.2
541.7
549.1
545.7
547.7
549.1
549.5
543.5
541.4
540.5
538.7
537.7
538.3
541.8
544.8
544
547.3
552.6
549.3
550.2
551.4
543.7
544.1
541.9
541.7
541.5
541
536.1
540.9
543.2
545.1
548
549.8
552.3
550.3
549.9
549.3
545.8
539.7
544.3
536.2
541.1
545
538.5
543.8
540.4
545
550.7
554.4
550.8
550.8
545
550.8
544.5
544.3
533.7
542.6
545.5
540.9
535.1
539.3
548.5
555.4
549.9
551.7
549.4
547.3
546.3
545.1
544.5
541.2
539.3
540.7
536.9
544.7
544.6
552.1
550.2
551.2
552.5
548.5
547.6
542.4
540.2
541.2
539.4
539.7
541.2
541.7
549.5
542.7
549.6
555.9
553.5
553
545.5
544.8
540.2
540.7
546
539.4
539.9
540.3
539.9
541.9
541.5
555.2
554.8
546.8
550.7
546
548.9
544.3
542.2
537.4
534.3
532.3
531.6
539.1
543.6
545.3
546.1
549.2
548.2
550.6
555.8
550.9
546.1
545.6
542.3
539.5
542.5
550
546.3
544.6
540.2
543.9
540
550.4
556.7
550.9
541.3
539.4
540.7
537.6
534.8
538.1
539.7
536.3
537.4
546.3
542.7
558.5
554.4
