844.5
841.2
840.7
849.4
852.6
852.1
856.5
854.3
854.6
849.8
842.8
843.4
844.8
840
837.9
836.7
834.8
843.1
843.8
845.7
844.8
843.8
849.9
851.1
843.3
840.4
835
836.6
838.2
833.7
834.1
831.6
830.7
832.2
836.2
838.5
844.3
840.8
841.8
839.8
839.4
828.8
830.9
825.6
828.4
821.4
821.9
829.5
831.5
831.3
831.4
836.8
832
832.9
833.5
836
830.3
832.7
824.2
824.5
827.1
826.2
826
835.3
828.6
837.4
831.3
826.8
825
828.9
824.4
824.1
817.3
814.9
823.9
829.1
825.4
818.6
830.6
829
830
838.6
823.4
831.3
830.9
825.2
817.3
814.4
816.1
817.5
799.8
816.5
817.5
820.6
822.9
822.1
822.4
825.4
825.3
824
824
820.2
818.5
817.7
813.1
816.3
807.3
802
812.2
814.5
817.5
821.1
824
822.3
821.4
819.2
813.5
817.4
813.1
803.6
800.6
806.9
805.3
810.3
805.9
815.9
811.7
814.9
818.5
818.1
808.7
812.1
806.4
805.7
805.6
806.4
796
800.8
797.3
805.7
810.7
815
810.7
816.2
812.1
812.9
800.8
795.8
803.1
796.8
790.4
794.5
794.3
792.3
801.9
805.8
809.4
801
807.1
802.1
801.4
797.8
794
790.9
788.8
794
793.1
789.3
789.8
795.8
797
797.7
792.2
802.2
791.1
791.7
789.6
791
790.9
789.9
785.7
790.5
789.8
798.1
802.3
795.4
793.8
797.3
788.2
802.3
791.1
796.1
797.8
789.1
787
785.1
787.8
792.1
790.9
789.9
787.8
801
799.3
802.6
802.8
791.7
799.7
790.8
792.9
791.2
789.9
785.3
794.8
786.1
794.9
789.1
793.2
792.7
802.1
790.8
794
786.7
789.2
779.6
780.5
783.1
776.7
781.4
778.1
781.8
795.6
792.6
789.6
798.2
794.7
795.3
793.7
791.7
787.7
789.7
782.3
783.3
784.4
782.5
784.4
792.2
792.5
790.9
792.9
799.3
786.1
789.8
786.1
784
783.3
783.1
781.9
778.3
788.8
782.3
789
786
795.5
787.9
796.6
795
791.4
782.1
781.7
786.2
783.4
775.5
769.8
777
777.9
782.8
784.1
783.7
783
786.3
783.7
779.5
773.3
776
768.4
768.5
772.4
772.9
777.1
778.6
775.8
776.8
783.4
783.4
778.1
772.8
773.7
771.9
769.3
765.4
770.2
766.2
767.2
766.1
770.1
769
773.5
779.7
784.6
767.6
771
776.7
771.5
772
774.9
767.3
769.1
771
770.2
781.3
774.8
778.4
780.8
788.8
773.6
775.4
779.2
778.5
774
775
769
764.3
768.9
769.8
772.3
773.8
773.5
778.6
774.8
779
775.3
764.6
772.9
758.7
767
764.7
765
766.1
773.3
772.2
774.7
774.1
774.1
779
771.7
773
763.7
765.8
764.3
758
764.5
758.8
762.5
767.2
768.4
767.9
779
764.3
774.4
772.4
767.2
762.3
761.4
757.6
759.5
754.9
759.3
762.3
759
766
761.9
764.5
767.1
771.3
760.1
759.3
757.1
755.9
759.5
753.8
750.7
752
749.6
748.4
754.2
761.3
767.3
760.4
762.8
767.3
762.3
756.2
755.2
756.9
748.1
748.9
749.7
749.9
751.5
755.1
766
762.3
757.8
764.7
757.8
759.7
752.6
748.2
745
749.5
746.4
743.7
745.1
748.5
758.8
756
760.3
757.9
759.3
756.6
751.7
747.4
750.8
748.5
747.3
747
752.1
749.6
753.2
753.2
752.4
756.1
753.2
759.5
749.3
746.7
744.9
747
745.5
739.4
745
746.3
745.7
745
754
752.9
753.6
753.7
752
750.6
740.8
742.8
741.8
744.7
741.2
743.6
750.5
746.2
752
750.3
752.5
757.8
756.6
749.2
744.3
745.4
745.7
741.8
733.8
746.7
752
751.4
746
757.8
758.6
746.8
756.8
751.5
747.7
753.7
738.6
747.9
742
744.8
743
742.6
739.2
740.5
747.2
747.9
751
756.2
754.7
748.6
747.5
752.3
743.2
746.4
741.4
743.3
736.9
741.5
737.4
739.9
741.4
747.4
746.3
743.8
744.7
736.1
736.9
738.2
729.5
735.3
729.8
727.8
730.9
730.5
732
731
743
743.3
739.4
739
737.3
736.7
730.1
734.8
733.4
734.5
724.5
732.2
727.7
740.9
734.7
739.1
745.6
735.5
733.1
734.1
730.7
733.7
724.3
732.2
732.1
725.1
730
732.6
727.4
741.2
736.5
740.3
743.2
739
735.2
730.7
730.8
731.9
725.1
729
731.3
732.1
734.3
732.6
733.1
738.2
734.5
732.6
739.7
736.9
738.8
728.6
724.3
726.3
721.3
723.5
727.1
726.2
731.9
728.7
739.8
736.6
732
735.4
722
727.5
730.5
721.5
723
726.1
721.9
715.5
717
728.9
730
726.9
731.1
731.9
727.5
732.4
732
722.4
719.1
724.2
715.3
718.3
716
724.1
722.9
728.4
727.3
724.2
725.8
730.9
728.3
723.7
719.3
720
720
719.1
716.6
722
721.4
725.4
724.9
723.2
727.9
734.5
730.6
732.5
722.3
723.3
718.6
715.8
717.9
715.6
719
720.8
716.7
722.3
727.3
719.7
723.7
726.6
725
720.4
714.9
716.6
709.1
709
711.4
713.5
713.9
714.7
724.5
721
722.3
715.9
718.7
717.7
718.5
708
708.5
711.9
708.3
710
708.5
711.3
709.6
715.3
725.2
710.4
717.7
715.8
716.3
714.2
713
702.5
705.8
709.8
703.6
706.6
707.9
709.5
712.2
717.5
713.5
717.9
711.2
706.9
713.3
706.9
706
704.7
704.7
700.2
709.1
703.8
703.3
709.5
712.2
714.3
715.6
712.7
716.7
706.6
698.4
706.4
703
706.7
701.5
699.7
706.9
702.1
708.7
710.4
706.4
712.6
713.6
709.5
703.4
703
706.7
698.3
701.1
697.8
697.6
698.4
702.8
703.2
703.6
708.4
710
707.8
708.7
701.2
700
695.5
696.8
696.8
697.4
700.5
698
702.7
699.9
707.3
708.6
712.1
709.6
703.3
696.5
695.6
695.2
697
693.8
698.3
692.5
699.2
699
704.4
707.7
708.3
701.1
703.6
701.7
701.2
693.8
698.1
699.7
693.9
691.8
697
697.5
697.1
704.7
704.2
710.6
700.2
694.7
707.3
697
705.4
699.9
702.6
690.1
690.8
700.2
698.8
695.6
699.4
699.3
707.9
704.9
708.4
700.6
697.4
700.1
688.4
691.9
692.1
694.8
695.6
695
693.9
699.5
699.6
705.7
700.5
698.6
701.1
690.5
691.5
684.4
687.4
689.7
690.2
689.1
694.3
697.7
696
696.2
698.9
695.9
695.8
692.6
687
691.2
680.1
690.3
690.8
688.9
693.9
690.1
690.9
699.7
700.6
697
695.6
689.3
690.9
682.2
689.7
689.6
686.8
688.2
684.2
694.2
689.9
690.1
699.6
699.8
697.1
697.4
690.1
687.1
688.2
692.2
691.9
678.1
689.9
681.5
693.5
697.1
686.8
688.4
696
689.9
699.3
685.4
679.8
689.5
688.9
685.1
683
688.1
692.3
694.8
697.4
689.3
691
691.9
686.4
697.9
688.5
686.2
679.6
680.8
680.1
681.6
676.7
679.1
681.8
684.4
684.8
686.6
685.2
691.5
692.5
683
683.3
679.6
683.6
682.2
673.1
673.2
675.9
679.6
677.6
690.3
687.5
684.2
686.2
683.3
684.8
678.4
683
677.4
685.9
675
678.8
686.2
684.1
688
681.4
688.1
687.5
682.7
683.7
684.7
680.9
679.2
679.7
685
676.1
662
671.5
685.5
676.1
676.9
688.9
686.2
681
678
673.6
674.3
681.1
669.2
668.1
670.7
672.6
672.8
673.8
677.4
682.5
683.3
680.8
672.9
683.9
684.4
688.6
679.7
677.6
671.6
668.4
671.2
673.9
673.4
677.6
682.4
678.7
673.9
682.1
682.6
679
679.1
675.8
667.2
676.5
666.8
671.8
666.4
667.1
672.5
677.8
677.2
676.6
682.1
677.7
675.8
672.5
672.8
669
663.9
667.8
667.5
667.8
670.6
671.2
669
677.7
678.9
677.6
677.6
673.5
674
670.5
668.4
667.4
663
660.1
662.5
660.3
667.5
671.6
676.8
671.6
671.4
673
670.4
664.2
664.4
660.9
664.3
659.8
661
661.7
661.8
679.5
666.5
671.8
662.8
669.3
671.7
662.9
667.6
661.1
661.7
666.5
661.9
652.6
662.5
660.8
660.9
669.2
668
671
672.5
670.4
671.6
663.3
661.7
663.1
655.4
662.1
660.3
662.8
655.1
663.3
663.8
668.5
673.9
674.9
671.5
666.7
662
666.3
659.8
654.4
652.4
657.8
663.9
656.6
666.9
658.7
670.1
661.3
663.5
661
668.2
665.6
657.5
664.5
649.3
656.8
652.2
658.4
663.7
655.4
662.4
660.3
664.3
671
668.6
657.3
667.5
657.8
655.4
662.2
654.4
655.6
656.7
656.3
659.3
662.5
659.7
669.1
667.3
665.5
662.3
655.2
657.2
655.4
651.2
653.8
655.7
652.3
658.1
656.9
661.1
658.4
655.8
660.5
665.4
659.7
657.4
651.3
655
650.4
652.6
649.4
655.4
653.9
661.8
652.5
660.3
664.9
658.1
658.8
663.1
656.4
654
656.7
646.4
658
652.9
650.3
653.2
651.2
651.8
656.9
657.1
658.4
655.2
657.5
647.8
651.5
650.7
651.7
649.5
648.3
645.2
646.6
653.4
654
658.2
653.7
660.3
652.4
655.3
654.7
648.1
652.1
646
642.5
643.9
643.9
649.8
649.5
650.1
654.2
654.6
649.8
653.5
652
647
643.5
644.9
645.2
643.1
645.1
643.1
650.6
640
645
650.1
650.7
652.1
647.9
647.2
646.1
647.5
645.4
642.7
639.1
640.9
650.6
650.9
650.7
645.4
647
649.8
646.9
647.1
653.3
654.2
643.3
643
641.4
643.7
646.1
644.2
641.2
645.2
647.5
645.5
649.7
645.3
651.2
653.3
643.8
642.6
637.1
640.2
638.5
637.4
636.2
640.4
641.6
645.4
652.3
648.1
654.5
649.9
649.2
651.1
647.1
643.3
644.2
637.7
646.5
638.9
638.6
647.4
648.2
649.6
654.2
646.2
641.6
650.4
643.8
640.5
640.2
644.3
639.3
643.7
639.6
642.8
639.4
642.6
648.2
646.3
647.2
648.6
647.7
646.3
643.2
644.2
637.9
641.2
642.2
636.7
642.4
638.8
636.2
642.1
648.2
644.1
645.7
650.8
643.5
640.1
639.9
635.7
638.1
633
635.6
636.8
643
639.3
646.3
644.6
649.8
646.7
643.5
644.2
635
638.3
641.8
631.5
636.4
634.4
636.9
638.4
644.8
644.1
647.6
639.9
654.3
645.3
642.9
642.7
632.9
633.5
634.5
639.6
632.9
634.2
641.6
639.3
641.4
642.4
643.5
645.1
641.6
642.5
642.3
633.6
632.3
629
634.1
632.1
634.6
636.1
637.5
639.5
645.8
648.9
644.3
637.6
635.6
635.6
632.7
638.5
635.9
631.1
632.5
630.7
634.8
642.7
638
641
639.5
644.7
640.5
637.7
639.1
631.2
632.9
622.9
635
628.2
632.3
639.7
640.6
644
646.9
643.2
645
637.5
632.4
638.1
635.2
628.7
629.2
629.5
631.6
633.1
634.3
637.4
631.8
646.4
645.5
639.7
641.6
632.9
631.4
635
635.6
630.9
631.3
640.2
632.4
635.6
637.8
639.5
649.2
639.9
640.1
645.7
637.8
630.4
634.2
632.9
630
626.1
628.4
634.9
638.7
635.5
636.1
637.4
635.4
644.6
634.2
639.3
631.7
639.5
629.8
632.2
633.5
626.3
633.8
639.1
638.9
642.2
650.5
642.8
640.5
641
637.9
634
632.3
627.2
627.6
628.4
628.3
632.3
626.1
637.3
633.4
635.4
637.3
645.4
636.1
632.3
630.6
633.5
633
633.1
624.8
633.7
630.9
635.5
635.2
639.6
638.7
637.8
639.7
636.2
627.9
632.3
628
627.9
616.1
631.7
625.1
625
626
631.7
635.7
637.3
636.5
629.5
646.6
643
628.1
636.5
617
629.8
626.3
627.6
626.5
621.6
637.1
638
637.3
642.7
641
646.9
629.2
631.3
635.2
629.5
630.4
630.5
617.4
624.4
625.9
627.3
628.8
633.9
634.8
642.6
633.9
636
631.5
636
628.9
629.9
631.9
635
637.6
629.2
634
640.4
644.6
639
641.3
644.5
639.1
634.9
631
631.3
633
627.6
629.6
638.4
636.3
643.8
635.4
638.3
644.3
640.5
636.5
633.6
627.9
625.2
618.4
626.8
634.6
630.9
627.8
625.7
626.9
634.6
635.6
632.8
631.6
635
627.1
634.6
628.2
627.1
628.3
633.7
628.1
631.6
622.6
626.6
639.2
628
633.7
628
637.6
630.2
627.7
623.7
624.5
627.2
619
619.4
621.6
625.7
630.8
636
633.6
631.6
637.8
628.5
631
623.5
623.9
627.4
624.7
624.3
621.2
618
617.9
627.7
626.1
626.2
635.9
633.5
629.1
635.6
624
626.9
618.9
623.7
628.9
625.9
625.5
629.2
631.3
632.6
644.4
635.9
631.5
635.2
641.4
633.5
631.5
626.1
633.8
632.9
625.2
633.5
632.5
633.8
631.9
632.2
634.7
640
634.5
630.6
634.8
622.9
629.4
624
613.9
630.8
627.8
624.1
626.9
634.5
631.1
634.7
639.1
636
625
623.7
625.1
626.8
626.5
626.4
627.4
628.2
627.8
628
626.9
635.2
638.5
635.3
640.4
631
626.3
626.3
621.7
622.7
621.1
621.6
625
621.8
631.5
630.7
633.8
630
634.6
637.3
634.4
628.8
623.1
623.5
626
624.3
627.4
625.4
632.8
630.2
631.5
633.2
637.9
636.5
633
635.4
632.2
630.3
631.5
623
630
625.1
626.4
623.1
632.5
630.7
633.8
633.1
636.2
629.9
627.1
625.7
623.9
624.6
628
628
624.3
624.2
627.3
633.5
638.6
638.6
634.2
634.9
638.5
633.2
628.7
621.9
626.5
628.3
621.6
622.9
623.3
623.9
626
634
636.7
641
638.4
631.1
634.8
637.5
628.3
624.8
628.2
619.8
629.5
620.7
626.5
624.2
627.4
636.1
631.8
630.8
629.2
635.9
635.1
630.9
628.5
623.4
628.5
618.5
622.6
622.8
630.2
629
625
623.2
636.1
631.2
634.3
629.4
626.5
622
621
621.6
616
627.7
625.3
627.3
631
635.3
627.7
629.2
630.3
624.4
624.8
621.7
621.4
615.2
625.6
619.5
622.3
617
613.3
624.6
629.2
629.8
633.1
631.7
627.7
628.1
622.6
624
612.8
619.7
620.8
620
626
626.1
625.2
622.5
631.2
624.5
636.7
625.6
626.5
622.9
619.9
621.7
622.8
615
623.5
622.7
624.2
620.9
622.6
635.4
628.6
630
634.4
628.1
621.2
618.9
619.6
620.3
625.5
623.4
612.2
624.6
623.7
622.3
626.5
630
633.3
626.9
624.7
623.4
623.9
619.4
622.9
611.1
623
621
617.9
626.1
626.6
624.8
614.6
629.2
624.5
627.2
621.8
620.5
615.6
610.2
614.3
617.9
615.7
618
621.5
621.2
620.4
630.4
631.1
628.6
622
624.5
613.5
614.9
617.4
618.5
617.8
613.2
623.5
627.5
626.4
629.8
629.9
619.1
626.3
621.4
621.1
619.3
618.6
613.3
615.3
613.2
615.2
620
623.3
625.3
624.5
623.9
622.9
623.2
620.2
624.9
620.4
615
619.6
612.5
620.5
616.5
619.7
629
624
623.6
625.1
627.2
622.6
620.8
618.1
622.2
615.2
610.2
616.9
615.9
610.3
614.5
617.8
617.1
618
617.8
617
623.7
623.9
611.6
618.8
616.6
614.1
619
614.1
607.3
609.8
606.1
619
620.5
619
622.4
624.7
623.8
617
618.1
617.9
611.9
608.3
601
612.3
613.7
618.5
614.3
621.9
622.8
615.7
615
616.2
613
616.3
606.5
614.5
606
611.4
606.1
613.7
620.6
621
613.5
613.5
618.7
619.2
617.2
611.8
614.5
613.2
609.7
611.7
612.9
609.2
609.6
614.4
618.4
618
619
620.3
611.3
610.3
611.8
612
609.2
615.9
611.4
602.6
610.6
609.4
611.5
616.3
623.2
620.1
618.7
615.9
614.7
613.5
608.7
602.3
611.6
610.9
603.3
611.8
611.7
610.2
616.4
621.9
617.3
613.9
615.8
610.1
610.7
609.2
608.6
604.6
610.8
604.2
601.1
610.3
608.2
613.5
616.4
620.8
614.1
614
619.5
613.6
607.6
610.6
611.1
602.5
601.5
606.9
607.4
617.5
618
612
611.4
618.9
611.4
606
608.5
607.8
604.5
609
597.2
605.9
605.8
603.1
608.9
613
616.8
616.4
613.9
608.6
615.7
609.1
605.8
605.8
605.1
595.1
608.3
602.4
606
599.9
611.7
614.8
614.6
614.9
609.5
611.7
599.6
603.2
606.6
606.8
602.2
602.8
601.6
601.2
605.8
604.2
613.5
611.4
617.7
613.9
611.1
610.9
603.1
601
601.4
600
603.7
598
605.6
598.5
606.7
607.6
606.6
610.3
610.4
605
606
601.6
597.8
597.1
597.7
600.6
606.8
594.8
601.7
598.3
605.4
609.3
614.2
605.1
603.9
605.1
602.8
597.1
602
598.2
598.5
595
608
599.6
602.9
604.7
604.8
607.5
608.4
613.6
599.4
604.9
604.6
597.9
596.4
605
595.4
599.5
600.9
606.6
608.5
610.9
612.1
606.6
602.1
601.8
598.5
597
601
595.2
596.7
598.5
595.5
602.2
602.4
606.8
605.2
597.6
601.7
598.6
598.6
598.4
599.9
601.3
596.7
592.8
588.3
600.9
596.2
594.7
600
601.1
598.6
604.6
598.1
596.8
589.9
598.3
587.6
590.7
594.5
592.3
586.8
594.3
600.8
597.5
606.7
606.1
604.3
601.9
604
589.3
588.1
593
591.9
588
585.7
597.5
596.1
591.8
604.6
602.9
603
601.5
599.6
598.7
585.9
591.5
593
590.8
594.5
591.5
596.7
595
601.5
599.1
594.1
608.8
599.8
596.9
600.5
601.6
590.1
589.5
597.3
589.3
595.4
591.2
594.1
596.2
598.5
606.4
591.4
603
596.3
596.6
594.9
586.9
588.1
585.1
584.4
589.8
589.8
592
593.5
595.3
593.8
597.5
600.4
592.4
599.4
588.1
591.4
587.4
588.3
591.3
592
593.5
597.7
585.1
596
601.4
599.3
594.3
596.4
590.8
592.6
584.8
586.9
578.2
585.9
584.1
578.5
591.6
594.1
590.6
598.3
598.7
596.1
590.3
595.4
589.8
591.6
584.3
586.8
585.1
589.5
584.5
581.7
590.4
588.9
588.4
594.8
598.4
591.1
591.1
594.5
589
592
584.8
583.3
580.8
581.1
591.4
585.7
595.1
591.1
593.3
592.8
594
585.7
588
583.1
586.8
579.5
581.8
577
586
589.1
586.3
585.5
589.7
595.1
591.8
588.5
592.1
580.8
583.4
583.1
577.5
588.6
580.8
580.3
586
580.8
591.3
592.1
591.1
593.3
594.2
590.3
594
577
583.4
581.5
574.5
582.2
577.8
577.8
582.2
591.5
590.6
590.2
591.1
590.7
578
583.5
577
584.3
572.4
580.2
583.4
575.3
578.1
583.8
593.7
586.1
589.8
586.9
586.7
578.2
586.1
577.6
579.1
580.4
575.4
577.9
580.7
578.5
584.9
582.6
593.6
586.7
588.2
583.3
588.6
578.3
574.7
574
573.4
576
572.8
574.7
581.9
584
584.6
583.7
586
588.6
585.6
581.1
571.9
579.7
579.8
576.1
566.1
565.1
575.8
575.9
578.2
582
584.1
585
586.3
584.9
578.4
576.4
573.2
576.1
576.5
574
574.2
574.9
570.2
580.8
576.4
584.3
585.2
584.9
573.5
576.6
576.4
573.1
576.7
576.9
574.4
567.4
568.6
572.3
572.2
579.6
583.4
579.4
582.8
583.9
574.4
574
568.4
571.1
572.6
569.7
565.3
570.5
574.2
579
581.7
577
581
580.7
573.8
567.5
571
565.1
571.3
565.2
569.1
556.2
566.7
572.2
578.4
581
575.8
579.3
578.7
577.7
577.6
567.3
567.2
565.9
570.4
574.3
566
569.7
581.7
574.9
574.6
577.1
581.2
578.1
572.7
577.2
575.4
569.3
570.6
570.5
549.7
565.9
575
575.3
573.1
576.7
576.8
576.5
569.6
571.5
572.3
568.1
561.5
570.9
565.8
571.2
569.8
576.4
570.7
567.5
578.7
578.4
575.3
570.5
568.7
567.1
566.4
564.2
561.4
566.3
564.4
561.6
561.3
568.7
572.5
580.7
579.8
575.5
568.7
565.2
565.1
562.8
568.7
561.3
561.2
569.8
564.3
565.4
572.2
572.2
575.4
574.2
564
563.9
566
561.9
565.7
561.5
562.6
558.1
560.8
567.9
572.9
573.3
570.6
570
568.9
568.2
560
571.5
555.5
558.4
557.1
558.2
554.8
566.4
553.6
563.2
566.9
566.8
568.2
565.8
566.8
563.2
561.5
559.3
555.4
559.8
556.4
555.5
562.5
562
564.4
565.2
572.3
566.7
567.2
568.8
564.6
562.2
559.9
559
553
552
555.5
557.3
561.9
558.6
564.6
559.8
566.3
570.2
568.6
562.1
560.4
558.2
561.5
556.2
557.4
554
559.6
555.5
556.2
561.9
565.8
566.9
566
561.5
567
563.5
562.3
550.2
557.4
556.4
556.5
553.8
559.7
556.1
563
563.8
563.7
565.1
563.3
560.8
563.5
549
550.1
553.3
553.1
554.8
553
560.9
566.6
564.8
561.9
563.4
563.9
559.2
554.8
559.2
560.4
553.6
552.2
559.2
549.4
553.6
559.3
555.8
561.3
561.8
559.3
562.4
566
556.6
554
548.5
552.1
551.5
550.5
548.5
548.4
554.4
557.7
566.3
559.7
563.8
565.1
553.1
556.3
543.3
551.3
550.4
553.3
548.2
556.8
546.9
560.4
556.3
562.7
559.9
560.6
560.9
564.4
557.2
552
552.6
552.1
549.7
556
551.6
553.2
549.3
556.3
563.9
559.4
563.2
557.1
550.8
556.3
550.1
546
551
550
548.9
544.3
552.7
543.9
547.8
560.8
556.7
555.5
560.1
557.4
555.8
553.1
550.7
551.7
548.2
545.2
548
543
552.3
560.6
559.1
555.2
559.4
558.3
556.8
547.7
548.1
548.6
546.1
547.9
546.1
547.2
546.2
549.3
554.2
552.5
556.6
557.9
559.8
555.3
555
546.9
546
543.3
544.6
538.7
543.3
546.7
549.1
551.7
549
556.5
557.5
558.8
550.9
552.4
542.5
546.7
547
548.6
550.2
547.5
540.9
546
553.3
561
557.4
553.3
550.5
555.2
548.2
548.2
544
546.1
544.3
540.9
543.4
544.1
549.3
550.9
556.7
552.2
555.5
550.4
550.8
550.9
544.7
547.2
546.2
542.2
543.7
541.7
545.2
546
551.9
551.3
547.6
551
545.5
548.5
542.2
544
539.4
539.8
537.3
549.4
541.2
542.5
540.9
546.9
539.5
551.8
550.6
547.4
540.6
543.3
543.8
540.3
547.4
545.1
540.4
541.9
551.1
544.2
547.4
550.4
544.1
550.4
550.1
541.5
545.7
544.6
547
539.1
537.4
544.4
541.9
543.6
555
549.7
551.2
551.3
550.8
538.7
546.1
533.4
537.5
537.1
541.1
535.5
537.3
540.7
543.9
547.3
548.3
551.1
544.3
545.9
548.3
541.4
539.7
536.4
534.2
537.7
533
542.2
541.3
551.5
543.1
550.8
547.3
546.5
546.7
551.2
540.8
533.3
538.6
533.4
540.4
534.7
540.9
537.6
543.2
547.1
544.3
546.4
543.9
551.4
541.8
537.7
537
535.2
530.8
536.2
542.6
535.1
547
547.4
548.7
550.7
541.9
544.4
556.5
539.9
537.1
535.6
541.7
539.6
540.5
543.4
546.4
541.2
548.4
557.8
552.8
551.8
546.6
549.7
543
534.8
539.1
537.1
531.9
548.5
542
542.5
546.3
547.3
555.8
551.2
554.1
546.1
544.2
543
543.3
539.7
535
540.1
541.9
543
544.2
536.6
549.2
549.4
552.4
543.2
546.4
541.2
538.5
540.6
538.6
541.5
541.2
531
520.7
539.6
537.6
543.4
537.4
550
542.6
543.2
536.8
539.8
535.9
529.9
537.8
532.8
535.4
537.4
539.5
543.9
539.7
538.5
541.7
546
532.1
537.2
538.8
531.8
531.7
533.1
538.7
532.5
530.2
532.2
541.4
541.7
542.8
542.3
539.9
538.8
536.3
537.3
528.2
535.7
530
531.5
531
533.7
532.3
538.5
542
546
540
547.6
542.7
542.3
536.7
525.3
531.7
530.5
532.6
530.8
532.1
536.6
539.3
542.3
544.6
541.9
541.1
532.4
532.5
531.3
532.9
527
528.7
530.3
526.6
530.2
530.7
539.3
542.8
535.1
541.7
541.9
539.3
542.4
536.8
532.6
530.6
528.7
527.6
530.6
529.5
536.6
536.4
538.1
538
539.1
539.7
536.4
533.2
534.7
529.4
525.3
521.6
532.9
527.3
535.4
534.1
539.3
534.6
536.9
542.8
537.1
539.1
529.2
529.3
531.5
528
524.2
529.5
527.5
529.1
535.4
534.7
539.3
538.9
540
530.9
538.4
530.7
529.4
527.2
531.2
528.5
526.3
532.7
529.2
533.7
540.7
538.8
541.4
540.4
537
529.9
530.7
529.4
530.8
531.4
535.1
535.9
531.1
532.3
536.8
539.5
540.3
541.3
544.4
540.7
539.7
532.4
533.3
536.3
527.1
527
528.1
527.2
528
533.4
533.6
539.1
540.7
530.9
531.9
528.4
527.5
526.4
527.5
521.6
527.5
531.1
527.8
543.4
546.1
534
536.5
535.8
525
531.7
530.1
522.9
527.4
530.9
529.7
527.8
532.5
535.7
532
534.1
541
540.1
536.1
538.4
533.8
535.6
531
530.7
523.7
528.4
530.2
530.1
528.3
531.3
539.8
534.6
544.4
538.5
534.3
534.6
535.7
533.8
529.9
528.3
529.1
537.6
528.1
531.2
537.4
530.6
535.7
529.1
543.8
535.4
533.6
528
532.1
529.2
527.3
523.3
526.2
528.4
530.7
532.5
528.8
537
534.1
530.4
530.8
529.5
527.5
528.9
526.8
529.9
524.7
519.2
528.9
528.4
530.1
531.5
538.6
535.5
540
530.5
532.4
522.3
529.1
518.6
533.3
517
537.2
529.4
533
530.4
535.7
533.6
538.4
524.5
521.6
529.1
524.7
516
518.6
518.3
526.7
529.5
529.2
532.9
535.7
536.4
535.8
532.4
546
528.3
529.7
523.1
523.8
523.3
525.3
526.4
522.2
533.3
532.9
534.1
534.1
533.6
540.3
535
526.5
526.2
531.8
531.2
523.1
523.5
522.6
529.6
529.6
528.6
536.8
535.1
540.6
538.4
532.1
535.4
530.9
521.3
522.8
528.6
523.9
530.2
530.1
521.1
532.6
532.3
527.2
545.4
531.3
530.9
525.7
529.9
524.5
523.3
520.9
524.6
526.6
523.2
521.3
534.3
529.7
535.2
534.4
533.3
535.9
530.5
526.9
527.6
526.7
525
522.1
523.5
522.2
525.5
522.1
527.5
529.7
532.4
525.5
533.2
532.4
526.2
521.2
519.1
523
519.9
526.6
511.7
527.3
529.2
528.7
528.8
530.1
535.6
531.3
529.3
523.6
527.4
528.9
520.4
522.6
520.8
522.1
522.6
523.6
525.2
532.6
530.4
532.9
527.9
532.6
522.7
520.8
522.5
531.9
524.7
522.3
514.3
518
521.4
526.4
534.2
524.5
527.4
533.6
528.9
524.4
522.9
520.5
524.7
516.3
520.5
523
521.5
524.5
525.5
526.9
531.1
527.7
520.6
525.1
524
523.7
515.5
523.6
512.4
516.9
515.7
518.3
523.5
530.9
527.4
525
525.2
531.7
529.2
526.9
521.8
526
521.1
519.1
511.5
522.5
518.7
522.1
524.6
527.2
528.4
525.8
530.2
520.8
527.9
527.5
520.3
518.1
515.3
514.5
516.6
517
521.2
521.7
526.2
526.4
522.2
526.7
528.9
516.8
514
519.9
526
517
513.1
513.2
522.7
521.6
523.1
528.3
525.3
529.3
527.1
523.3
521.1
519.1
512.1
516.8
524.7
514
523.3
521.6
524.8
527.5
530.8
526.8
531.7
522.6
520.5
520.4
522.1
516.2
514.9
513.8
512.4
523.9
519.8
522.2
532.9
528
526.9
525.3
530
525
526.5
512.8
518.6
514.2
516.2
520.1
514.3
515.8
522.6
525.7
523.3
527.9
529.1
532.7
520.8
524.6
520.3
518.4
518.5
515.7
520.3
518.4
522.9
519.6
524.2
529.3
525.7
520.5
521.3
524.8
520.4
515.9
514.4
516.9
521.5
515.1
519.7
521.5
518.9
524.1
523.1
522.8
523
518.8
517.7
515
518.2
516.3
516.2
508.8
519.4
513.1
518.6
515.5
522.8
521.1
526
526.7
521.3
517.1
520.3
514.5
515.7
517.2
512.4
511
508.8
514.5
514.8
519.9
517.7
524.2
524.2
517.9
520.6
511.7
517.1
513.3
515.4
513.4
506
516.4
510.9
519.3
520.7
524.7
520.7
518.8
514
519.1
518.5
513.8
516.1
519.2
514.2
514.5
518.7
512.6
512.8
520.3
529.2
523.5
523.4
516.5
514.9
511.9
514.6
511.6
510.5
511.4
503.3
512.9
516.8
518.1
516
523.5
522.8
523.2
521.3
518.8
517.7
516.2
509.8
514.6
509.9
516.5
511
513.2
515.3
515.2
517
520.6
520.3
518.5
510.7
513.4
514.2
510.7
505.9
513.5
505.7
520.1
513.1
513.8
519
519.1
519.1
516.2
512.7
514.3
519.6
507.5
508.2
508.1
505.8
501.3
509.8
508.8
522.6
516.8
520.6
517
518.6
521.8
512.6
507.9
515.3
509.9
505.3
511.9
503.8
511.9
510
509
511.5
520.9
520.2
527.5
519.9
526
518.9
514
511.6
512
507.3
502.5
505
509.4
511.1
513.3
515.7
513.5
516.5
517.5
518.4
506
512.2
513.7
509.7
510.2
508.8
498.4
507.4
516.2
507.8
517.4
517.7
518.9
516.9
511.1
507.2
513.3
508.8
505.9
504.7
508.5
509.9
512.1
517.2
517.3
509.7
524.2
517.5
509.5
513.9
511.8
510.7
511.2
506.1
505.6
510.4
501.8
507.3
509.5
517.4
515.3
515.6
515.2
516.1
511.3
510.6
516.4
506.6
507.4
504.3
509.2
508.8
507.6
508.9
511.1
509.7
512.7
514.8
514.8
516.4
510.4
501.3
507.3
497.3
504
499.1
510.2
509.5
510.2
509.6
515.2
519.6
515.1
511.8
511.6
514.4
508.4
504.9
508.7
507.4
503.7
504.4
509.3
509.6
508.3
513.5
510.1
517.8
515.9
513.5
513.9
509.6
505.7
510.6
501.8
506.6
508.5
510.3
515.5
516.4
515.3
517.9
516.9
515.5
510.1
509.7
505.9
504.4
499.2
507.5
505.9
504.2
506.2
509.9
516.7
520
514.8
514
512.3
509.7
509.7
507
506.9
502.9
498.5
501.8
503
513.6
515.3
503.3
516.7
515.2
517
513.7
509.9
508.5
508.2
502.5
503.4
509
502.7
504
496.3
509.7
512.1
508.6
512.8
513.9
514.3
508.1
508.2
508.2
507.4
501.3
507.7
503.7
499.2
499
508.1
507.2
511.9
518.9
514.5
507.8
509
509.5
505.9
502.8
510.2
500.7
499.4
504.7
504.4
505.3
500.7
511.9
509.2
510.7
512.1
508.7
505
503.5
507.6
501.1
503.6
503
505.5
503.7
505
513.3
508.3
516.5
514.9
508.5
511.1
506.5
504
508.7
500.9
499.7
499.7
506.4
502.4
513.8
509.1
511.6
513.9
512.3
510.7
506
508.3
506.6
508.5
503.8
498.5
497.2
502.6
502.1
511.4
502.3
511.1
505.9
514.8
510.8
512.8
501.8
504.3
505.6
499.5
500.4
507.1
499.3
501
500.1
507.3
513.3
517.9
512.5
516
508.3
508.9
500.2
504.9
497.4
499.4
500.2
501.8
507.7
504.2
513.2
508.5
508.7
506.8
516
508.5
502.7
503
502.8
493.9
502.4
504.9
498.2
504.5
501.1
506.6
512.8
510.8
516.3
504.4
508.8
505.9
498
500.9
498.5
498.2
500
500.3
498.7
507.1
510.1
512.5
514.7
509.5
507.3
499.4
505.7
497.2
499.5
502.3
499.3
498.9
498.5
496.5
503
509.4
506.7
509.4
509.9
509.4
511.6
505.3
515.4
498.9
500.4
498.6
502.7
497.3
502
503.5
501
509
513.5
510.1
504.4
508.4
505.9
493.6
501.4
504.3
497.8
501.6
502.7
500.6
501.5
505
511.3
515.5
513.1
509.9
504.8
504.4
509.4
500.5
496.8
506.1
505.9
497.1
501.3
506.3
508.3
505.6
506.8
509.5
519.7
511.1
504.1
508.1
501.1
505.7
502
499.7
495.6
497.1
503.3
508.5
511.3
509.1
506
507.5
505.5
501.1
501.5
502.7
500.9
490.8
495.7
498
507.1
502.5
509.9
509.1
505.1
514.2
507.3
503.7
499.9
504.1
497.2
500.6
499.4
498.3
500.4
503.3
503.1
509.1
502.5
508.2
507.6
508.5
497.5
499.7
501.9
501.5
500.8
498.1
501.7
498.8
500.1
503.5
510.8
511.5
506.7
508.6
505
508
501.3
497.9
498.9
501.1
499.7
496.8
497
498.1
502.3
505.7
508.1
505
509.1
501
505.4
509.8
493.1
501.3
501.6
499
495.6
504.7
496.6
501.6
506.3
501.6
510.1
505.1
507.6
502.5
506.9
499.9
501.1
497.1
499.8
498
500.8
494
502.3
500.8
506.8
504.4
510
506.3
502.7
502.7
500.9
498.4
498.3
497.5
495.7
492.6
493.1
499.3
502.1
500.1
504.3
508.5
507.3
503.7
503.5
501.7
505.4
501
502.9
499.2
500.1
497
494.4
501.2
504.9
499.2
502.7
508.6
509.6
500.6
503.2
495.4
497.1
498.8
495.6
496.3
497
497.6
503.4
503.7
510.5
506.3
511.9
510.2
504.6
501.7
495.4
497.4
498.5
496.1
498
500
506.1
504.5
500.6
507.3
512.1
506.9
511.4
511.1
500.8
495.2
494.9
496.4
495.3
493.1
495
498.7
502.5
505
504.7
506.4
515.4
506.1
501.3
499.9
500
496.8
496.3
499.2
494.8
491.8
495.7
487
506.5
507.9
503.6
508.7
503.3
503.2
504.4
497.4
496.4
500.1
502.2
491.8
498.3
499.9
501.6
502.9
509.9
501.4
508.2
508.7
504.5
501
496.8
494.5
495.1
493.6
494.7
497
499.9
500.2
502.7
510.5
510.8
509.6
507.8
503.4
502.3
499.2
498.6
493.6
494.1
492.5
494.8
494.8
495.4
503.1
503
503
511.1
506.3
498.9
501.8
499
497.8
497.9
496.8
491.9
506.6
496.8
502.8
497.3
505.7
508.2
506.8
508.3
505.4
492.6
497
497.5
497.3
494.3
495.7
493
502.6
500
497.2
503.1
505.5
499.9
501.5
505.4
500.8
497.6
493.3
496.3
496.6
492.9
495.7
495.2
501.5
504.7
507.2
503.5
505.5
503.9
509.3
503.7
500.8
498.1
493.3
494.8
493.3
491.9
505.1
496.5
496.1
496.3
505.7
506.3
505.6
506.4
507.6
499.6
498.7
494.4
493.9
490.7
492.5
486
499.6
495.7
503
506.3
503.6
503.2
507.7
503.5
497
498.5
494.1
489
505.9
491.4
492.6
495.1
502.6
511.2
502.1
505.5
505.9
509
502.8
501.9
497.8
497.8
491.6
499.8
497.3
496.6
496.5
500
493.2
497.8
509.2
502.8
503.7
505.7
498.4
495.9
492.8
493.7
497
491.2
491.5
494.7
494.5
500
502
502
505.8
506.2
501.9
500.7
503.7
500.4
497
494.2
493.6
495.9
494
502
500.3
502.5
508.3
505.8
504.1
501.6
501.4
499.2
490.5
499.1
491.1
492.2
494.6
498.2
496.6
501.4
503.1
504.9
505.4
500.9
504.6
498.1
495.2
498
496.8
487.7
500.1
493.6
496.6
497.3
500
499.4
505.6
499.9
508.3
508.5
500.3
496.4
495.5
487.4
493.2
498.3
492.4
497.1
500.7
499.4
504.4
501.5
499.7
501.7
498
503.2
495.4
489.1
492.5
497.1
496.3
495.9
495.7
492.8
499.5
499.9
507.2
504.2
502.7
502.2
495.2
511.7
495
499.9
492.3
495.9
495.8
505.3
502.7
509.1
509.4
503.9
506.1
506.8
500
496.3
494.5
491.1
492.7
487.9
497.2
490
491.9
496.1
501.1
504.7
509.5
506.3
504.3
492.2
496.9
494.5
492.7
490.7
492.1
493.5
495.6
497.5
501.3
508.6
510.5
504.6
502.5
502.4
498.1
504.7
496.5
492.7
485
487.7
492.7
486.7
487.9
496.5
496.4
498.8
502.3
500.9
500.3
499.2
493.9
495.8
494.7
494.9
492.3
491.1
491.7
497.8
498.9
500.6
502.1
506.3
502.7
504.3
499.2
497.5
488
494.9
493.7
487.4
496.7
490.9
495.7
493.4
510.5
498.8
501.6
502.1
500
497.7
499.4
490
496.1
488.7
493.8
497.2
491.3
488.7
498.3
490.7
503.1
508.9
500.3
506.3
504.3
500.4
497.3
501.7
489.8
498
493.5
495.2
495.1
495.9
493.2
498.8
501.1
503.2
503.9
492.2
493.6
488.8
496
494.3
488.3
496.7
496
499.1
498
505.4
506.8
502
498.7
503
499.2
496.7
495.2
494.8
490.3
492.4
492.9
495.6
492.3
501.6
500.4
505.8
505.6
500.5
505.7
500.8
494.9
500.4
481.5
487.9
497.1
492.8
484.5
500.1
499.4
498.4
494.4
508.3
501.6
503.8
500.3
499.9
497.5
490.8
496.9
495.9
485.3
493.3
490.1
495.5
496.5
499
500.1
500.1
504.1
495.4
501.5
496.1
495.6
498.1
495.8
487.6
492.4
485.8
489.5
494.8
496.9
502.6
503
498.4
498
497.9
491.8
496
488.4
490
489.5
488.8
488.6
495
494.2
497
499.7
499
498
502.7
499.3
496.4
493.8
496.4
492.9
493.6
497.8
495.9
493.9
496.2
503.6
497.3
502
502
498.9
500.8
490.7
497.6
490.6
497.8
495.6
494.6
497.4
496.6
504.4
501.5
507.5
506.1
500.4
503.7
499.8
500.7
497.9
498.6
498.6
496.6
498.3
493
500.8
503.7
504
505.8
503.4
504.3
501.6
502.2
502.2
496.5
490.8
496
494.6
493.2
498.7
494.4
506
502.7
500.8
507.7
505.1
499.7
502.7
488.1
499.4
496.7
497.7
493.9
492.7
496.3
495.2
501.7
499.1
504.9
511.3
498.7
509.4
501.7
503.3
502.1
494.8
499.2
497.5
491.7
495.6
501
505.1
503.7
503.3
509.2
503.7
498.9
494
498
499.5
497.3
499.6
496.1
498.9
499
499.1
494.4
497.7
496.3
504.2
504.5
495.1
508.2
494.9
492
493.7
495.1
490.7
494.8
489.2
493.9
493.1
492.6
492.9
505.6
497.6
503.2
500.3
503.1
500.8
487.4
487.9
483.1
490
491.9
491.6
497.7
500.3
497.7
504.4
508.6
505.4
501.4
504.1
497.2
487.3
493.1
490.5
494.2
492.3
487
501.9
506.5
494.6
506.6
504.2
503.9
504
501.8
497.1
499.2
499.8
497.8
487
486.3
490.3
495.2
499
498.8
503.7
499.3
501.8
497.8
504.3
492.9
496.3
491.5
489.9
489
490.9
492.9
491.4
493.4
493.8
501.4
496.8
505
501.6
497.7
492.9
497.3
496.3
491.4
493
498.5
499.5
493
490.2
498.3
499.9
499
504.4
501.1
498.5
495.6
495.9
494.8
488.7
495.2
494.4
490.9
494.7
489.3
498.7
498.5
503.9
506.1
498.6
493.9
499.2
490.9
490.7
488.6
490.5
493.3
486.6
500.1
500.6
496.2
498
500.8
498
494.7
500.2
499.1
497
494.9
489.9
491.9
485.9
502.2
501.7
500.9
508.7
503.8
511
507
499.4
495.3
498.2
493.9
499.8
496
496.3
486.8
492.2
498.3
494.2
504.1
510.6
497.9
503.6
502.5
503.2
500
504.8
495.9
499.4
497.9
496.9
496.1
496
503.1
507.8
501
503.3
507.5
507.2
503.2
503.5
500.8
494.3
500.3
496.9
493
500.3
502.4
498.6
502
493.8
503.1
507.7
511.7
506.3
506.5
504.2
501
502.2
497.9
505.2
497.7
498.9
499.8
497.2
505.3
503.2
509.1
504.1
514.7
506.3
504.5
507.5
491.8
505.2
498.2
497.9
499.5
502.9
503.5
506
509.1
516.2
503.1
507.3
510.2
499.6
503.4
506.7
501.3
504.3
495.8
501.1
504.5
496.8
503.3
503.1
511.6
503.7
503.4
509.9
496.5
504.7
500.5
497.2
499.1
497.7
493
496.1
500.1
499.5
506.9
507
508.6
505.7
512.2
509.9
510.5
499.3
493.7
499.8
502.4
503.2
493
498.7
495.8
501.3
503.3
504.9
512.2
506.9
511.4
508.7
500.2
506.6
503.8
497
507.7
507.9
506.1
506.6
516.1
510.1
508.9
512
533.7
511
511.8
514.4
504.9
508.2
504.6
509.2
505.1
504.1
512.3
500.7
513.4
521.8
519
518.8
515
518.6
515.9
