761.9
761.1
760
755.5
753.9
745.7
746.3
744.2
742.5
745.9
744.9
748.8
750.8
748.8
755.6
754.6
756.2
752
748.5
749.8
744.3
746.5
743.9
736.3
737.5
740.7
735.2
737.9
740.7
743.7
743.9
745.6
748.4
743.3
739.4
739.4
740.7
737.2
734.9
732.3
727.2
723.6
728.3
731.1
735.1
744.4
746.9
749
749.6
736.6
738.3
737.7
735.8
729.4
733.8
733.7
736.9
733.3
726.4
740.4
735.7
735.5
740.7
738.7
738
742
738.1
732.4
732.5
728.9
728.1
727.1
725
730.1
732.1
732.4
728.1
729.7
735
734.4
730.4
732.4
728.2
728.8
723.6
717.5
723.1
724.3
719.1
723.9
724.3
722.9
727
729.5
731.6
727.6
722.7
721.7
717.3
716.9
711.2
714.4
717.4
716.6
721.9
724.4
718.3
727.7
730.4
721.6
722.9
722.8
712.2
705
710.2
707
713.3
707.5
720.8
717.5
720.4
717.8
721.7
716.8
717.1
711.9
713.3
707.5
705
705
707.5
703.1
707.2
708.4
705.7
709.6
709.2
716.7
715.8
710.8
712.1
704.9
712.3
708.7
708.2
704.4
700.8
703.9
700
701.5
706.5
704
708.8
698.8
710.5
704
704.6
703.2
702.9
696.4
696.3
705
699.2
694.5
700.8
705
696.9
699
704.8
703.7
700.4
702.8
699
695.3
698.2
694.3
690.3
686
698.6
694.5
702.5
697.2
698.5
706.5
695.3
694.8
688.7
693.7
690.7
697.9
686.2
691
692
688.4
688.6
696.5
696
699.1
707.2
703.2
699
699.6
704
694.1
687.5
694.4
691.3
685.5
685.7
691.9
692.4
695
698
696.2
690.3
694.9
691.3
688.5
693.7
687.5
681.9
690.1
686.7
694.1
690
692.1
689.2
694.4
691.5
694
689.2
690.3
689.3
679.8
688.3
684.3
681
683.4
683.3
685.8
685.7
687.5
694.8
701
693.1
693.3
685.7
689
684.4
679.3
679.6
683.7
680.3
676.8
680.6
684.6
687.7
686.4
690.7
690.9
688.6
687.3
683.5
683.2
680.3
677.2
677.9
671.7
681.7
680.5
682.7
679.7
688.4
687.4
688.5
680
678.6
682.6
682.9
680
674.8
674.9
675.8
676.3
673.9
679.9
686
682.8
686.8
686.6
679.7
679.7
674.4
675.3
670.2
675.5
676.3
671.2
676
676.9
680.5
676.6
681.1
678.5
673.1
678.1
674.4
673.2
667
673.7
666.7
663.5
665.5
666.7
667.3
675.9
672.1
679.3
671
681.8
674.5
678.7
676.5
668
663.5
668.4
658.6
661
667.3
663
667.1
672.9
675.6
672.2
668.5
671.8
670.5
671.6
660.9
661.7
665.3
663.5
659
665
665.9
670.2
672.5
671.8
668.8
675.2
671.3
666.1
662.7
661.5
661.6
655.1
659.6
658.1
662.8
662.9
666
669.4
666.7
672.8
665.2
670
665.7
665.7
664.7
660.5
658
659
656
651.6
663.3
658.7
663.7
665.4
665
668.1
662.9
664.7
663.8
661.6
656.1
651.8
658.4
652.4
649
659.2
666.4
661.3
664.2
661.3
666.7
664.7
667.8
652.2
652.6
655.4
652.8
652.3
651.9
651.6
659.9
659.6
661.6
662.9
655.2
662
656.5
658.2
657.5
656.2
648.1
647.6
649.9
650.1
650.6
654.9
656.2
652.7
657.4
653.3
659.8
651.9
647.5
651.7
643.5
647.6
646.3
640.6
645.1
645.9
646.9
643.9
648.3
650.9
650.1
656.1
652.3
648
647.7
644.7
646.1
640.9
644
639.8
646.1
649.5
659.4
655.7
655.2
657.7
652.4
659.8
655.7
648.1
637.4
643
641.6
642.1
646.7
644
646.1
650.2
653.9
660.7
649.4
655.7
652.2
645.4
644.3
637.5
641.6
642
641
643.2
645.7
655.5
644.4
654.8
657.4
654.6
651.5
654.4
651
645.7
641.3
643.4
645.2
645.6
644.5
644.4
644.4
648.2
645.7
655.6
665.3
649.1
651.9
646.3
647.5
639.2
644.7
643.4
641.4
640.5
632.4
644
634.2
640.6
645.4
654.8
644.2
642.8
640.8
638.5
633.2
634.6
639.1
634.1
634.1
642.4
636.5
642.9
638.1
643.7
660.1
653.3
643.4
635.8
643.4
631.1
636
632
628.7
638.2
638.4
641.6
643.9
644.3
644.5
638.8
647
649.2
639.7
638.9
635.3
636
635.5
637.2
638.2
631.9
631.3
639.5
639.7
640.1
647
643.3
638.5
640.9
633.2
634.5
630.3
632.3
632.1
629.5
633.4
632.7
631.4
639.7
642.6
634.4
641.3
641.5
642.4
636.4
631.8
634.7
640.9
632.9
628.3
636.2
638.3
643
639.7
644.3
639.1
642.1
641.1
628.7
630.5
633.4
635.1
629
628.5
628
635.3
635.4
636
642.6
636.6
641.9
643.5
637.6
634.4
625.4
633.7
633.1
627.5
632.6
626.2
628.4
632.3
639.5
638.2
635.7
642.8
639.9
633.1
632.1
633.7
625.5
635.7
630.5
627.7
630.9
628.9
628
637.6
634.9
643.3
637.5
631.9
635.3
630.3
630.3
630.7
627.9
626.5
628.7
624.4
628.8
624.1
631.8
637.5
635.6
644.2
636.2
634
629.1
632.1
626.6
630.3
626.7
633.4
633.1
628.9
630.4
631.1
633.1
636.6
628.5
632.4
633.4
630
625.6
623.6
623.4
624.7
622.5
622.5
627.3
635.9
636.2
633.5
630.5
635.2
629.8
633.3
621.8
624.5
626.3
620.8
630.6
620.1
630.4
628.5
629.2
630.2
632.6
635.8
632.7
635.1
630.1
626
617.4
623
613.5
619.5
623.2
624.8
626.5
639
635.8
632.5
633.1
630
624.4
622.7
622.5
624.6
621
617.6
621.6
617.7
623.1
626
624.1
628.3
628.2
631.3
626.6
631.9
631.5
622.7
613.3
622.5
620.4
617.4
620.8
619.3
617.2
626.9
630.6
625.4
630.9
632.1
632
624.7
622
617.8
616.9
614.4
618.8
618.1
624.1
618.3
615.7
620.9
630.8
629.7
624.4
623.2
625.7
620.9
613.4
614.6
619.2
612.7
622.7
618.1
619.7
623.6
624.3
623.2
628.4
627.6
630.5
620.1
613.9
618
619.6
620.1
614.5
616.2
617.5
624.7
623.1
623.1
625.3
634.1
629.8
625.5
623.9
618.7
617.3
616.3
618.5
617.9
615.1
615.7
619.8
617.5
621
626.7
629.7
622.9
622
619.6
622.1
615.2
616
617.2
614.2
616
623.6
616.6
622
629.2
625
627
621.7
618.6
623.4
615.2
616.8
618.9
618.7
608.6
616.2
619.5
615.7
620.2
621.2
623.2
625.2
631.1
624.4
620.6
621
621.2
619.5
613
613.6
619.3
610.9
620.9
620.6
621.2
623.1
629.4
629.1
630.3
624
612
624.3
619.2
618.8
610.4
622
613.2
619
623.8
621.4
626.4
627.8
624.9
626.5
621.3
618
617
615.8
618.4
617.1
615.9
619.1
611.2
618.4
626
629.9
625.3
628.3
625.6
615.8
620
615.2
614.8
615.4
615.5
615.5
617.1
618.3
626.3
620.8
621.4
623.9
624.9
621.7
615.4
621.3
608.7
613.2
608.1
617.7
617.2
616.1
617.6
623
623
614.5
624.1
627.2
623.2
617.8
613.8
608.7
611.6
620.3
613.8
617.6
614.4
616.6
619.2
619.4
623
626.1
619.1
624.2
618.2
616.8
611
619
622.3
608.6
615.1
616.1
618.6
624.8
621
622.4
636.2
629.6
629.4
620.9
617.9
619.6
615.4
615.7
612.2
616.1
619.3
620
626.3
623
616.7
632.3
626.7
629.5
623.7
620.1
615.2
615
610.2
617.9
612.2
621.4
625.9
624.1
624.5
625.7
623.1
625.3
629.4
624.9
622
616.7
616.3
619.1
614.5
624.6
619.4
616.2
620.4
618.4
625
628.1
629.7
623.8
623.8
624.8
616
612.7
616.6
610.3
615.6
611.1
611.7
616.3
622.2
620.6
625.1
622.8
622
627.3
621.3
614
618
613.8
616.2
614.1
615.5
619.6
617.1
616.6
624.9
627.3
628.6
626.9
614.1
621.1
618.2
619
615.2
611.2
617.1
617.5
618.3
622.6
621
624.6
630.8
630.5
623
620.4
621.3
620.2
618.5
616
617.1
617.2
615.2
613.3
614.3
620.6
620.5
625.8
619
620.3
620.1
619.2
620.1
610.1
612.6
613.9
611.1
615.3
613.4
621.2
620.8
625.2
625
621.1
623
621.3
620.3
616
614.5
615.8
616.1
616.7
611.7
618.5
618.7
608.7
613.6
619.3
619.7
603.7
609.9
611.1
609.6
610.1
611.8
605.6
614.1
615.4
614.5
616.9
623.5
621.9
622.6
628.7
626.6
627
612.9
615
612.3
614.8
614.2
608.2
616.4
617.8
619.6
625.1
628.6
626.4
617.5
620.1
623.4
614.8
618.6
617.4
611.7
611.7
612.4
617.8
612.6
618.6
615.3
612
622.1
628.8
623.3
623.3
613.9
616.7
616.1
611.7
612.8
613.9
609.8
612.7
614.2
616.3
619.9
624.9
615.9
623.1
617.9
619.5
608.5
614
607.8
609.1
601.2
606.6
611.7
615.2
612.7
622.2
630.3
620.8
619.4
616.9
617.2
614.7
614.6
610.8
612.7
610.7
610
607.6
617.4
616.1
619.7
619.6
635.6
615.4
620.9
615.6
610.8
613.6
611.4
608.9
606.2
604.2
610.6
615.8
616.3
619.3
617.5
616.6
619.3
616.2
609.2
611.1
608
611.1
608.3
610.9
608.1
594.1
613.9
607.6
618.5
617.7
619.4
618.6
618.9
608.4
612.7
611.9
604.9
607.1
610.5
610.9
605.9
612
617
614.6
620.3
618.4
617.9
613
611.9
608.1
603.5
612.7
605.8
608.8
609.2
608.9
611.4
616.5
614.1
617.7
616.6
617.5
609.7
612.5
610.2
599.8
601.9
608.2
612.6
607.2
606.1
614.1
607.7
620
612.8
613.5
610.4
612.7
607
608.1
604.7
608.1
606.1
609
604.4
605.2
609.2
613
613
624.3
612.1
620.5
614.7
609.9
611
605.6
611.1
609.5
604.8
599.8
607.8
614.4
613.1
620.4
619.5
620.5
616.6
614.7
609.2
610.9
607.2
605.7
603.8
609.6
598.1
601.4
607.7
615.2
609.5
616.6
618.8
613.3
616.9
612
610.4
602.8
610.5
606.6
599
608.3
615.2
614.8
610.1
617.1
614.5
615.1
615.3
613.2
614.1
613.3
603.9
606.6
605.9
603.2
605.4
601.9
600.3
612.3
613
628.2
621.7
616.8
611.1
611.9
607
605.3
604.3
611.9
612.6
603.3
607
609.5
611.3
614.9
613.5
614.8
613.5
610.8
612.6
608.6
603.8
602.9
603.6
599.5
607.8
605.8
610.3
607.5
614.8
610.9
619.1
616.6
609.9
612.1
611.3
603.4
604.9
606.1
603.5
605.9
606.8
610.2
609.6
612.7
610.4
612.8
614.4
614.3
614.7
609.4
604.5
602.8
604
606.4
604.9
605
611.3
608.4
613.3
614.1
618.4
613.2
616.9
612.2
608.9
607.1
612.5
605.3
598
604.2
600.8
611.1
615
613.4
620
614.8
616.2
617.3
611.3
613.8
611.5
606
607
603.9
607.8
605.7
610.5
610.1
613.5
615.2
618.5
616.7
615.1
611.1
610.2
606.6
608.1
605
611.4
605.7
602.4
609
612.2
618.5
620.3
618.8
617.8
613
615.2
611
608.4
605.5
602.1
604.5
608.3
603.8
615.8
608.6
615
615.2
617.5
625.2
609.9
609.9
606.5
611.5
612.2
611.4
609.2
605.2
612.5
613
607.5
616.2
615.8
619.2
613.3
616
618.5
613.5
608
611.6
608.7
606.4
604
612.9
608.9
607
617
612.4
615.2
616.3
609.5
614.7
605.4
610.4
605.1
602.7
603.1
605.2
607.2
614.4
610.6
619.8
621.4
611.2
618.5
618.3
617.7
610.9
608.8
607.7
610.4
600.8
605
610.1
613.1
613.7
618.2
618.1
619.5
616.9
617.8
613.3
614.7
609.5
609.1
611.3
612.4
611.4
605.9
611.4
613.3
615.2
619.1
615.8
617.6
616.3
616
608.7
610.1
609.6
606.6
608.5
610.6
612.7
612.8
609.3
616.7
617.7
618.5
620.5
619.3
613
613.9
615
611.6
606.5
605.3
605.4
608.3
608.4
621.6
615.8
616.2
620.5
625.5
616.1
615.6
605.9
607.3
611.5
609.3
612.4
607.9
610.4
612.3
619.4
616.9
615.5
618.4
614.1
617.8
611.9
610.5
607.2
613.9
604
610.6
612.8
609.7
610.2
611.1
617.5
621.3
615.8
617.1
623.8
609.7
609.8
609.5
606.6
609.9
607.3
611
616.6
611.5
621.5
615.8
616.7
613.6
615.6
620.2
611.9
613.6
612.8
614.1
608.2
613.3
607.7
609
616.1
615.2
622.6
620.5
620.8
619.6
612.4
610.3
612.7
610.1
604.9
608.6
606.3
611.4
614.4
619.8
611.2
620.2
617.1
618.9
617.8
610
611.2
603.8
609
610.3
610.3
610.9
607
613.5
615.9
617.9
620.2
615.8
616.3
617.1
610.8
606.6
610.1
607.2
607.2
609.7
610.7
607.3
610.6
615.3
614.2
617.6
613.5
611.4
613.9
610.8
612.7
613.5
609.2
608.1
609
613.8
614.2
620.5
613.4
618.1
618.7
626.9
605.9
614.7
607.1
609.1
606.7
608.5
607.3
610.2
611.9
608.4
613.5
617.2
617.9
619.4
619.4
611.3
615.6
609.1
605.3
610
606.8
603.9
609.1
606.7
603.8
608.2
617.1
612.2
615.3
614.2
613.5
625.2
615.6
608.5
611.3
608.1
601.5
599.1
602.2
614.7
613.3
613.8
622.6
612.1
616.3
617.5
610.7
612.5
606.9
612.1
610.7
612.8
608.6
612.8
617.1
612.5
617.8
615.9
612.6
617.4
613.2
612.6
613.6
606.7
615.3
605.9
604.9
611.5
604.2
608.9
607.6
616.5
616.9
617.5
618.5
608.2
608.9
607.5
610.2
609.5
600.3
606.7
606.5
610
612.2
613.3
607.9
619.6
615.1
609.4
616
610.7
604
610.7
603.2
605
605.7
603.7
614.3
605.9
609.4
611.9
611.8
619.6
618.8
614.8
615.9
609
610.9
605.5
605.4
610.2
602.7
606.7
610.6
615.2
614.8
615.1
615.1
621.6
608.6
611.9
609.3
608.9
603.5
603.2
605.1
600.3
605.2
607.6
606.7
613.5
612.7
619.8
614.6
611.3
615.4
604.7
606.8
611
604.1
603.8
606.1
615.5
614.5
609.7
621.3
624.1
620.8
609.5
613.5
613.8
616.5
610.1
604.3
610
613.4
612.5
613.2
614.3
604.9
609.2
615.6
615.4
608.8
611.7
620
610.3
615.6
602.6
607.8
609.2
604.1
604.5
613.7
613.4
614.4
613.1
610.8
620.1
613.3
616
609
601.8
603.7
602.2
599.5
599.8
613.7
610.8
611.9
608.9
612
612.6
611.1
611.1
606.7
606.4
606.4
602.9
603.7
604.8
604.5
610.8
611.8
613.5
621
617.9
614.1
615.4
615
614.6
609.8
607.8
600.4
610.1
607.2
614
612.3
605.1
611.5
613.9
617.1
610.2
613.1
610.7
612.4
603.7
611.1
606.7
605.1
608.2
609.1
614.8
612
604.2
610.7
610.5
610.8
605.9
607.9
605.9
609.3
606.4
608.5
593.8
607.1
608
607.6
613
612.7
613
604.1
608
611.8
602
597.1
600.6
599
601
602.3
602.1
608.7
604.9
609.4
607.8
606.7
609.6
603.7
599.4
598
603.4
594.9
599.3
602.2
615.2
606.5
606.3
610.7
612.3
613.7
614.2
615.3
614.9
613.5
596.7
605.9
605.4
603
602.3
603.4
602
606.1
607.6
607.6
616.1
605.3
616.1
614.2
606.2
604.5
605
603.5
600.7
606.4
599.9
601.2
602.3
607.9
612.2
614.2
613.2
615.1
615.3
607.9
606
598.6
607.6
606.7
603.6
600.9
603.8
608.6
606.9
608.6
616
614.7
606.1
610.8
611.2
608.5
605.4
597.7
593.1
601.3
600.9
606.4
609.1
607.5
609.3
611
611.1
612
609.1
614.6
606
601.5
598.8
606.3
594.2
599.7
603.2
605.5
610.6
611.8
605.5
613.7
606.6
608.5
603
606.9
600.7
594.7
594.9
599.2
598.7
601.7
608.8
608.8
610.1
607.7
608.6
606.2
606.9
602.4
605
597.7
603.6
596.3
606.7
598.5
602.9
601.8
597.8
607.2
610
604.8
612.6
606
607.8
599
601.1
597.4
595.3
598.3
594.6
598.1
598.7
606.3
603
607.2
605.3
604.5
604.5
602.8
600.8
598
598.2
597.2
589.7
599.8
596.6
602.8
606.8
608
602.8
606
602.3
603.3
597.4
599.1
596
602.5
596.8
597
591.6
595.8
608.5
607.6
603.2
603.3
599.2
602.2
599.6
600
598.1
597.4
597.6
596
594.4
602.4
599
602.3
610.7
605.8
606
606.2
602.2
594.6
598.9
594.9
597.5
602.5
593.1
595
598.1
596
596.6
608.3
602.7
602.3
600.4
592.4
597.3
585.1
588.8
592.1
588.2
593.9
590.5
598.8
599.9
605.5
606.7
601.4
610.2
599.4
596.2
594.8
586.6
589.7
595.5
591.2
583.4
597.6
600.1
595.5
600.8
600.4
602.8
600.5
598.6
596.6
592.2
593.9
589.7
592.8
594.9
593
591
595.7
593.1
599.9
601.2
594.2
599.5
604.6
595.6
590.6
590.2
593.3
593.3
589
594
591.2
594.1
600.3
594
600.9
603.3
597.2
597.4
593
596.6
595.9
587.6
587.1
590.4
586.3
587.3
588.4
595.8
596.2
595.8
607.1
591.7
593.3
593.2
586.3
592
590.2
587
588.3
593.6
590.7
592.6
589.5
594.6
600.1
596.8
602.5
596.7
593.1
594.8
594.1
583.1
588.7
587.2
589.4
586.7
588.5
592.5
589
589.8
597
592.8
594.9
599.1
589.9
585.7
589.2
581.3
582.6
589.6
589.2
590.1
589
591.1
595.7
594.4
596.8
596.3
596.5
587.7
592
583.8
585.8
591.4
579.2
582.2
583.9
592
592.4
593
596.9
590.9
589.3
589.8
592.7
583.9
581.7
584.8
582.1
585.2
581.9
582.4
580.3
595.4
587.2
589.3
594.3
589.8
587
586.9
587
581.6
587.7
579.8
575.7
585.4
583.8
579.4
590.3
594.3
587.9
592
593.1
590.9
585
586.2
583.7
586.6
583.2
585.2
582
585.1
586.6
585.6
585
592
591.6
592.1
590.4
583.3
584.7
581.3
583.8
582.6
582.2
585
577.3
584.9
587.1
589.7
586
589.9
590
581.7
579.9
583.3
582.3
577.3
576.9
575.9
583.7
571.8
578.4
583.8
595.4
584.2
593.5
586.2
583.6
578.4
581.2
582.3
576.5
574.5
577
571.8
578.3
579.6
576
582.8
585.5
584.7
577.3
586.6
583.1
577.3
579.3
571.8
572.7
575.7
587.7
569.7
577.7
579.1
583.9
585.9
586.6
586.6
588.3
580.5
578.4
583.2
578.1
572.5
581.4
575.4
576
576.1
569.7
579.9
583.7
593.1
586.3
583.5
581.1
576.9
581.7
573.6
575.7
573.8
576.2
572.2
575.8
578
580.6
584.1
583.5
583.9
585.5
574.5
578.6
581
573.1
575.9
573.6
578.8
570.8
574
576.6
580.3
580.5
582.1
583.1
582.3
572.6
581.4
577.8
579.5
569.2
573.1
570.9
579.6
572.3
574.4
572.7
577.9
574.7
584.3
584.3
586
572.3
575.7
572
569.5
569.4
571
572.6
569.4
572.3
573.2
576.6
573.3
580.5
576.2
581.7
579.8
578.4
575.4
571.2
571.4
571.6
561.7
570.1
567.3
577.6
576.5
577.5
577.2
574.4
584.4
581.7
570.2
571.5
564.6
570.3
568.9
565.4
572.7
572
573
577.9
579.7
579.9
584.7
579.4
575.4
574.9
574.1
565.5
572.5
571.5
565.7
569.4
569.4
574.9
572.8
574.1
583.6
579
570.5
573
568.4
573.7
568.5
564.6
562.7
568.4
568.6
569.5
568.5
573.3
575
577.2
575.5
575.9
566.9
569.7
563.7
563.7
566.6
564.8
565
576.5
569.8
568.6
574.7
574.6
577.2
574.9
575.5
566.9
569.1
565.9
565.4
570.9
569
569.3
574.1
570.8
572.2
571.2
571.7
578.2
575.5
577.5
565.4
570.9
565
564
560.4
562.9
559.3
572.3
564.7
571.3
567.3
577
576.9
574.4
571.6
570.7
563.4
565.4
560.5
565.6
563.3
565.3
568.3
569.3
575.1
570.4
582
573.7
581.3
574
574.9
572.2
567
570.2
575.3
565.5
560.8
558.8
562.6
564.9
564.5
574.4
571.4
568.4
570
564.2
566.5
567.4
562.8
563.7
560.3
569.6
573
573.6
569.1
562.1
570.2
576.7
573.1
562.6
571.9
568.6
571.1
568.2
567.9
573.5
562
568.3
571.5
574.8
577.7
573
572.4
573.3
575.8
571.8
568.6
565.4
559.9
571.2
568
571.7
566.4
567.7
575.9
572.9
574.5
577.6
576
567.2
576.1
571.3
563.6
560.1
564.6
562.5
565.9
568.2
557.7
570.6
572.3
574
573.2
574.4
570.2
565.1
567.4
565.1
566.3
563.2
567.1
558.1
568.6
567.4
566.5
577.2
582.1
574.4
573.9
571.4
572.8
564.8
571.4
565.3
564
562.4
566.7
565.1
565.9
565.7
574.1
575.6
577.4
571.2
574.7
563.1
570.5
566.7
562.2
566.6
568.4
567.3
562
559.9
566.4
579.1
579.5
575.6
572.3
572.1
563.5
571
567
561.2
565.1
561.9
560.2
554.9
560.2
563.5
570.7
564.6
575.2
571.6
576.2
575.8
563.7
563.9
562.5
560.9
561.7
565.1
569
557.1
565.2
572.6
567.8
574.4
571
568.9
570.3
571.9
558.1
559.7
561.3
561.4
564.1
564.7
567.7
572.9
566.8
573.2
573.8
570.4
568.2
567.3
564.3
551.7
565.1
563.5
558
564.6
559.4
562.2
569.3
574.5
568.6
567.8
567.8
568.2
566.4
565.5
568.7
562
563.9
563.6
559
558.9
564.1
562.5
565.6
570.3
565.3
569.2
571.4
569.1
563.1
562.3
558.8
560.7
555.4
564
559.5
564.2
561.7
571.7
566.9
573.6
574.4
574.9
564.3
565.7
561.6
563
558.1
560.1
563.1
557.8
563.2
564.1
566.4
570.8
566
569.1
568.5
568.5
568.2
556.7
565.9
557.9
555.6
557.9
561.7
568.8
564.3
566.6
572.7
564.7
566.8
563.7
554.9
562.7
562.5
565.5
560.1
550.5
560.2
561
562.2
563
564.9
569.6
572.3
566.1
567.2
563
566.2
557.9
553.3
556
563.8
557.5
560.1
571.3
565.3
562.5
567.7
570.4
565.7
567.5
564
563.5
560.1
559
559.7
559.7
561.5
560.3
556.7
565.6
559.9
567.4
570.5
564.6
569.2
558.6
559.6
556.8
563.2
556.3
556.1
555.3
559.4
564.5
564.8
571.1
565.8
569.9
565.9
566.1
566
562.8
553.6
560.9
554.4
559.4
557.8
564
565.4
568.3
564.8
573.2
570.3
563.4
568.2
563
560.7
557.1
561.2
557.4
560.9
560.5
564.7
555.3
565.1
563.7
562.9
564.5
570.7
568.9
561.5
553.3
557.6
564.5
557.5
556.8
553.6
559.6
550.5
559.2
563.6
564
562
561.2
564.9
561.7
554.5
556
562.2
556.2
559.9
558.1
561.3
562.3
564.3
570.3
562.9
566.2
565.2
559.4
558.6
563.1
561.2
557.8
556.8
550.7
554.1
558.5
559.9
568.2
564.8
558.4
564.7
566.4
564.5
567.5
558.1
552.3
555.7
555
557.7
561.9
558
560.7
565.9
565.6
574.1
568.2
571.6
556.8
561.9
557.5
559.8
557.5
553.9
554.7
557.7
559.1
563.7
569.5
568.5
566.2
561.7
564.6
562.7
560.1
555.8
553.1
558.1
555.3
556.9
559.9
565
565.1
567.1
565.2
559.7
565.5
561.7
561.8
557.9
555.3
554.9
554.7
556.5
558.4
558.8
567
566.6
566.1
567.4
573.3
561.7
564.6
561.2
560.6
559.3
557.3
555.5
553.8
556.8
565.8
566.6
566.2
571.3
563.7
567.7
565.4
562.8
563.5
555.4
558
556.9
556.7
553.3
558.3
556.6
563.7
562.4
565.3
569.3
565.2
560.5
562.3
556.1
561.1
552.7
551.4
553
563
552
559.5
560.4
563.4
563.7
563
567
567.2
562.7
567.3
554.7
561.7
552.9
552.9
551.1
552.3
557.5
561.9
562
564
563.4
566.9
563.1
564
556.1
558
552.4
557.3
560.1
556.4
553.7
555.6
558.6
565.7
570
564.5
565.8
566.6
563.5
558.9
555
555.9
550.6
558.5
556.7
557.7
557.9
559.1
560.7
566.5
566.1
564
559
563.9
558.1
556.3
552.7
556.8
552.1
556.7
559.4
558.3
564
562.8
562.4
568.5
562.4
567.1
563.7
563
559.6
558.9
550.6
555.4
554
558.6
564.6
564.8
551
561.9
567.2
561.7
570.7
559.7
560.7
556.9
554.5
549.7
557.4
552.4
550.2
554.7
562.3
553.8
567.3
572.1
565.8
565.3
566.7
565.6
560.6
557
553.9
556.1
559.9
557.3
558
556.8
565.3
569.4
570.3
568.4
562.5
574
558.8
561.2
556.2
558
554.7
557.6
555.9
555.6
562.9
571.4
562.7
558.7
562.7
561.1
562.2
559.7
560.3
559.1
554.6
553
554
555.2
553
564.8
561.4
567.5
562.7
566.3
568.4
562.5
554
555.5
558.7
553.9
549.1
555.5
551.2
559.5
561.4
561.1
566.7
570.5
564.3
564.8
561.1
561.7
559.1
558.5
557.2
556.2
551.1
557.6
558
563.2
559.7
567.4
569.8
566.1
566.5
564.3
559.8
556.5
555.8
556.1
554.2
558.6
552.1
559.1
554.5
559
564.3
563.6
564.4
560.9
562.5
558.4
558.1
554.8
555.8
565.1
557.1
555.6
564.3
558.9
564.8
562.4
566.5
566.6
563.4
562.5
562.5
558.7
554.4
554.3
558.4
550.4
555.6
555.5
562.2
561
570
566.5
570.6
561.5
564.1
561.2
561.5
558.6
548
557.7
565.3
553.2
559.7
558.2
559.4
558.9
560.8
561.8
561.6
560.1
558.7
553.5
559.9
553.6
548.2
551.7
554.9
554
558.8
554.9
560.3
560.7
572.6
558.6
562.8
561.4
558.6
551.7
550.8
552.6
550.9
553.2
557.7
557.2
558.6
556
568.8
566.9
561.9
564.3
562.1
557
555.3
553.3
555.6
556.8
557.3
552.6
555.5
560.9
566.6
559.1
561.5
565.8
559.1
557.7
550.6
555.7
558.8
547.4
556.3
555.4
551.8
553.2
555
568.8
568
563
562.2
559.8
554.5
556.9
547.5
552.2
549.2
555.5
549.9
557.3
560.9
557.1
567.9
566.9
558.5
557
562.7
556.8
556.6
547.6
552.3
559.8
555.8
555.4
560
558.4
565.8
562.5
567.8
573.9
564.3
561.9
554.8
554.5
560.3
556.3
552.2
539.5
558.9
559.5
558.7
562.6
562.3
561.4
566.4
561.1
555.8
559.4
551.7
555.1
551
551.9
554.3
555.2
559.4
560.4
551.9
560.6
563.7
555.8
559.5
556.8
557.6
552.2
552.6
552.6
551.2
553.4
556.2
555.8
560.5
560
565.9
565.1
559.8
558.3
551.5
554.7
558.5
557.2
551
551.9
551.7
552.8
552.4
556.2
558.8
562.2
563.5
554
553.9
553.6
553
545.7
557.5
548.7
546
549.9
556.1
557.3
554.6
560.1
565.2
557.9
554
552.3
554.3
557.5
554.4
546.3
549.6
553.1
553.3
545.5
555
560.1
560.2
560.6
558.6
557.6
556.6
555.8
552.8
550.9
546.1
554.1
547.3
546.5
553.5
556.2
549.1
563
562.2
556.7
560.5
558.6
554.9
551.5
550.3
554
551.5
546.3
554.1
555.8
563.5
553.3
561.9
559.4
557.6
559.9
560.1
557.4
547.5
550.7
546.1
545.2
556.5
553.8
557.9
555.9
565.8
563.8
562
558.4
555.4
559.9
555.2
556.7
552.2
552.8
548.8
551.6
549.4
552.9
557.6
553.9
562.4
554.9
556.3
561.7
552.9
544.3
548.3
556.3
545.9
543.1
553.2
556.4
557.7
553.5
556.1
558.9
560.9
558.9
561.7
556.5
558.3
554.8
550.5
547.3
551.7
551.1
551.8
554.3
556.8
558.7
557.7
555
559.2
556.6
555.7
553.8
556
547.3
549.1
550.6
554.6
548.6
548.7
556.2
553
557.7
558.1
558.1
551.8
560.7
555.6
546.5
545.8
551.7
543.7
550.1
547.9
552.6
548.9
554.8
561.2
553.2
557.3
561.7
551.8
548.9
547.1
543.5
548.9
550.9
550.8
546.2
553.8
557.7
555.3
565.6
561.1
558.1
556.4
558.5
555.5
550.5
549.7
552.2
549.3
549.4
541
555.2
557.6
559.4
558.6
558.8
558.1
563.2
556.5
550.1
553.5
552.4
550.4
541.7
546.5
551.5
548.4
547.9
554.9
560.9
561.7
558.9
561.4
550
549.3
550.8
544.6
545.3
547.5
548.9
550.3
556.4
552.1
558.5
559.5
558.3
564.6
560.9
553.8
546.6
545.1
553.7
553.1
549.6
551.7
550.7
556.1
555.3
561.5
557.7
558.7
559.4
560.1
554.9
555.2
545.6
538.2
545.7
550.4
555.1
551.3
554.6
558.5
551.9
563.3
553.6
562.2
554.5
552.2
559
548
546.9
547.3
549.7
548.5
551.9
549
553.4
553.2
557.3
559.4
555.5
558.3
549.6
547.6
546.8
549.2
554
548.5
550.2
551.1
551.2
546.8
555.3
557.7
558.2
564.3
562.2
556.6
546.3
550.4
550.2
547.3
546
549.1
550.2
551.5
546.5
553
558.6
558.9
559.1
555.5
557.1
553.7
555.7
551.9
550.5
555.2
548
549.4
555
545.8
557.6
555.9
557.7
554.6
562.5
552.4
555.2
550.8
549.6
545.6
538.1
548.4
554.5
557.2
558
553.9
557
564.8
559.8
552.7
558.9
547.9
548.8
543.5
547.5
548
554.2
550.2
550.3
562.1
559.5
560.6
562.4
565
552.9
559.6
556.8
559
552.8
550
560
545.3
552.2
554.8
559.2
565.3
548.9
566.3
559.1
554.5
556.7
555.1
549.4
548.6
550.2
545.6
556.7
554.8
553.4
550.8
555.2
556.4
566.1
553.8
561.4
552.9
555.1
555.6
549.5
545.1
546.9
549.2
546.7
556.1
556
562.2
553.8
557.4
559.2
552.3
551.5
556.6
555.5
546.8
548.3
551
547.2
545.2
551.6
552.2
557.3
563.4
557
559.6
555.9
555.6
548.6
548.8
553
546.9
546.3
544.5
545.5
551.4
558.1
551.7
557.4
553.3
555.9
549.2
552.8
549.9
544.2
544
542.3
551.7
541.4
540.9
546.6
553.8
553.5
544.5
561.6
552.8
551.9
549.6
550.2
546.1
551.7
544.8
540.4
546.7
546.8
549.8
548.4
558.6
559.8
554.5
557
555.4
550.9
553
548.9
557.1
553.5
551.9
546.6
549.1
549.4
552.7
556.5
553.5
553.2
551.6
555.1
545.4
545.3
548.1
546.3
551.5
549.3
548.4
550.2
551.1
555.5
555.1
556.8
557
547.9
549.6
549.9
553.8
545.3
550.6
539.3
548.6
545.6
555
554
555.5
547.1
548.8
563.3
554.1
553.4
548.9
551
551.1
543.7
548.1
546.7
547.7
546.9
556.5
549.1
561.4
567.4
553.6
554.7
552.4
550.2
546
555
542.6
546.7
546.9
544.9
549.2
555.5
552.8
555.5
557.3
558.9
544.8
545.4
547.6
545
552.5
544.7
551.1
544.9
553.5
547.7
554.2
559.4
558.1
561.2
560.5
556.5
551.7
549.7
550
550.8
553.1
548.6
546.1
549.3
551.6
551.9
554.5
552.9
555.3
556.6
551.1
553.1
552.9
542.5
546.1
548.5
552.2
545.9
548.9
554.4
549.5
553.2
560.2
552.2
556.2
554.5
556.2
553.9
537.6
544
547.6
544.2
543.3
549.8
550.5
557.6
554.1
554.7
555.2
558
556
554.2
551.5
549.1
546.2
551.7
544.9
551.1
550.2
541.3
555.7
558.1
562.7
553.3
557.1
555.5
552.5
551.9
550.2
545.9
548.3
549
545.1
552
551.1
555.5
555.5
558.7
559.1
556.7
558.9
555.7
553.5
545.8
544.5
549
549
547.2
552.4
555.6
555.5
564.8
558.6
556.8
552.3
552.9
553.1
553.2
552.4
548.8
546.6
547.9
550.1
549.1
554.4
551.4
556.7
567.9
559.2
559.5
557.9
553.2
545.1
553
542.5
551.1
548
540
552.3
555.4
559.5
563.4
562.6
558.2
557.5
554.3
555.7
553.2
545.6
546.3
552.6
553.5
547.5
543.1
554.6
557.2
558.3
555.7
551
545.9
555.9
552.4
551.7
547
545.4
551.2
552.7
550.6
549.4
559.4
554.6
553.4
558.7
553.9
555.6
550
546.7
553.2
550.5
551.4
549.3
545.4
545.6
557.1
556.8
560.1
547.4
560.6
556.1
559.3
552.2
543.4
545.7
540.3
546.3
550.6
543.4
552.7
549.7
546.9
555.7
554
556.4
549.7
548.1
540.1
546.4
549.9
539.4
548.1
551.7
548.4
550.6
544.3
551.1
550
562.2
556.5
549.3
547.1
547.9
546.3
542
551
546.1
547.8
548.6
555.6
555.3
555.1
556.1
556.6
556.9
553
553.6
556.8
545.5
550.1
550.8
552.1
544.3
549.6
555.3
548.8
559.2
553.8
560.4
555.3
543.7
550.6
549.4
535.9
552.4
549.4
550.1
549.6
549.1
550.9
556.2
549
552
552.3
547.4
556
543.4
542.7
541.4
547.9
546.4
549.5
553
551.5
554.3
553.5
558.9
556.2
554.7
548.6
554.4
549.4
548.6
549.3
544.2
543.5
552.7
550.9
554.2
555
561.4
556.5
558
553.1
556
550.3
551.7
538.7
545.4
544.1
543.9
553
553.6
549.4
558.6
554.1
561.5
548.7
555.7
547
549.5
554.3
539.3
536.6
539.9
539.3
546.8
546.5
544
553.1
552.8
552.7
546.1
548.5
544.2
544.7
545.1
542.7
550
538.1
541.8
552.4
547.7
549.5
546.3
552.5
561.7
555.6
549.2
546.7
542.3
543.6
543.2
546.2
544.3
540.6
544.1
549.4
554
545.4
549
549.2
549.8
549.6
548.7
550.1
543.9
541
537.8
541.7
542.1
547.2
543.9
547.4
546.6
555.6
549.6
554.5
545.7
548.9
547.5
545.4
547.5
545.1
552
538.2
545.3
537.8
543.6
546.7
545.8
549.6
546.4
549.5
554.5
556.6
545.2
541.8
542.2
547.2
546.4
543.1
540.7
549.1
548.9
550.2
551.6
549.5
554.5
548.2
550.9
543.4
543.2
540.7
543
543.9
550.6
541.7
556.7
553
548.7
559.2
557.5
557.4
554.3
548.9
549.6
544.5
545.7
548.4
543
542.7
548.9
551.6
554.6
553.1
556.7
553.5
555.1
549.7
550.6
545.1
544.1
540.3
545.2
542.1
540.4
540.4
544.2
547.8
548.6
553.3
555.5
553.7
553.4
549.9
545.9
542.9
543.8
539.4
537.9
540.4
541.7
544.5
541.7
549.5
551.5
551.5
550.7
554.5
545.7
544.1
544.5
541.5
541.1
541.1
538.6
547.3
543.1
549.6
556.9
553.6
553.1
545.8
552.8
545.4
547.5
539.4
542
538.9
538.6
543.7
549.6
545.2
541.1
554.7
548.9
559.3
552.3
553.1
547.1
541
541.2
546.6
542.6
545.5
542.5
550.9
548.1
551.7
548.7
549.2
556.7
548.4
545
545.3
543.1
540.7
547.6
540
543.8
544.7
551.4
550.4
546.7
555.7
550.3
549
547.4
545.7
542.9
543.8
544.8
541.6
544.6
549.3
547.2
547.4
545.4
550.2
554.3
561.9
547.4
548.2
543
541.8
543.9
532.6
542.2
544.3
546.3
550
552.1
544
554.3
552.1
561.9
541.6
554.1
542.4
548.8
549
534.3
547.1
538.3
549.4
538.5
548
548.7
543.2
545.6
550.5
553
551.9
548.6
543.6
546
542.1
539.9
538.7
539.1
546.2
546.2
549.9
554.9
561.9
552.9
557
544.6
540.3
551.1
544.5
542.3
533.6
548.1
544.7
544.2
548.9
542.8
542.9
546.4
556.6
549.7
554.7
552.2
547.9
543.6
541.4
541.1
544.3
543.4
543.5
548.5
544.9
550.3
542.7
558.2
548.2
551.7
552.9
539.3
543.2
552.2
542.9
536.9
546.3
540.3
549.9
548.9
553.7
554.9
546.6
557.9
547.4
551.2
540.8
540.5
547.8
540.2
539.8
538.1
540
544.9
545.2
548
548.1
554
555.4
556.4
553
548.5
541.5
543.2
538.7
541.6
544.8
545.9
550.4
545.5
548.2
544.7
541.8
560.3
558.5
554.7
549.8
539.3
540
547.9
539.6
544.9
542.3
546.7
547.1
542.2
547.3
551.6
549.9
551
549.6
545.8
546.7
549
538.2
538
541
539.3
543.1
549
548.5
547.4
553.1
551.4
551.3
543.6
543.9
540
537
540.8
539.6
535.1
544.4
534.2
548.5
549.9
551.5
548.4
549.7
550
553.4
543.7
545.7
540.5
540.3
545.3
541.2
540.7
545.1
541.2
543.3
544.4
550.4
549
550.8
546.4
548.1
547
542.1
540.9
544.8
529.7
540.4
542.7
543.6
550.5
542.4
546.9
548.1
551.5
551.2
548.7
551.7
550.5
548
549.3
548.1
549.6
523.2
541.9
555.2
550.3
541.8
550.3
542.8
555.5
549.7
551.7
555
544.3
537.3
548.1
540.4
546.6
545.6
551.4
553.9
543.3
553.7
543.1
557.5
553.2
553.5
552.4
543.9
541.4
533.5
544.8
540.8
546.9
541.8
548.9
556.2
544.4
551.1
558
546.1
551.2
548.2
544.3
550.4
549.6
540.6
540.5
545.5
547.4
551.5
552.3
548.7
555.4
548.6
554.9
548.1
547.2
553.1
548.6
538.1
546.8
547.1
548.8
542.4
550.7
559
553.5
556.8
563.2
550.8
548.7
550.5
536.6
543.7
549.2
538.2
542.7
547.2
543.2
545.4
551.6
550.2
550.8
548.1
548.7
547.2
550.8
542.7
540.6
544
545.6
538.2
545.9
547.4
547
553.3
549.2
552.7
548.5
548.5
542.2
542.2
546.4
549.2
537.4
545.8
539.2
544.7
541.6
533.6
547.8
549.5
556.5
562.7
550.1
551.2
548.5
545.9
542.8
543.8
536
540.9
536.6
537.1
549.3
548.5
553.8
543.5
552.5
553.2
544.4
542.9
543.7
541.8
544.6
549.2
539.7
547.7
546.9
548.7
545.2
560.4
554.6
550.5
544.6
547.8
541.7
534.8
541.2
540.8
545.9
543.1
534.7
543.2
552
539.3
544.8
554
556.8
551.5
552.7
555.7
545.1
546.7
547.4
539.4
552.9
545.6
547.4
559.7
552.3
554.2
555.4
555.2
556.4
551.7
551.2
540.6
544.9
547.3
535.9
543.6
541.3
541.6
550.4
555.5
552.6
552.6
558.9
553.7
556.4
550.3
548.2
547.7
545.9
546.4
537.7
544.9
549
549
547.9
553
555.6
559.9
552.4
554.8
547.9
544.2
549.2
543.9
544.2
543.9
541.9
539.4
549.7
550.3
551.3
553.7
554.1
552.3
553.2
554.2
539.2
540.1
545.9
551.7
550.1
542.9
547.8
547.3
549.7
551.7
545.9
554.1
557
556.1
546
546.7
548.4
539.7
541.2
545.1
542
547.3
554.9
556.3
557.9
560.9
553.5
554.6
550.3
552.8
548.1
549.3
542.2
553
548.2
547.8
550
556.8
554.8
558
555.2
557.9
559.1
546.9
552
553
550
547.3
552
549.4
549.5
545.7
551.9
553.4
553.6
561
564.4
559.5
556
552.8
552.5
548.8
546
552.1
549.2
548.1
549
548.1
547.1
557.7
558.8
554.8
553.9
552.3
555.6
546.7
543.9
543.9
542.4
544.4
538.4
542.3
545.4
548.3
548.8
551.1
551.4
554.9
547.2
552.1
552.3
546.2
548.7
549.8
538.6
542.4
549.9
550.4
548.3
552.8
554.1
554.5
560.5
557.7
548.9
550
552.3
541.4
541.9
551.9
545
549.3
545
551.5
552.8
553.2
553.4
559.2
552.7
551.1
547.5
542.5
554.9
546.7
544.8
559.1
550
548.6
543
552.5
556.6
562.2
562.2
558
558.2
551.1
549.5
556.1
550.7
551
547.2
547.8
545
551.6
557
554.3
558.5
557.7
555.8
558.5
553.3
547.9
549.5
548.3
547
545.3
546.7
553
557.4
552.5
559.3
558.2
560.3
554.7
557.1
550.7
552.9
550.5
551
547
546.4
551
547.9
552.8
556.5
558.9
569.2
562.4
564.9
554.4
556.8
551.3
553.3
557.4
553.8
550.2
554.5
555.3
555.5
560.8
562.5
565.2
555.6
565.5
554.8
555.7
554.4
548.7
557.7
555
554.3
557.7
559.6
559.2
561.8
561.5
560.8
566.6
557.1
550
562.2
555.1
554.5
549.1
556.7
549.8
554.3
557.4
551.5
560.3
562
564.4
561.2
561.8
567.8
564.1
555.2
571.3
551.8
557.7
557.3
561.9
559.7
556.3
560.2
568.6
