747.6
749.1
744.4
732.6
747.1
741.7
740.1
736.3
736.8
735.3
736.7
735.6
739.5
738.8
746.2
742.3
745.7
746.5
744.4
744
737.4
738.5
736.1
732.7
732.2
733.5
733.9
733.4
734.4
739.9
735
741.6
738
746.6
737.3
733.8
741.4
731.6
733.5
731.4
724.9
726.5
729.2
732.7
739.2
730.6
739.3
738.5
738.2
734.6
731.9
738.3
723.5
726.3
723.6
727
722.9
726.7
723.8
730.9
729.9
731.6
730.7
732.7
730.6
731.6
731
725.7
732.7
721
720.9
728
721.2
724.4
727.2
731.6
723.8
730.3
725.9
728.4
725.5
727
727.7
718.7
719.6
717.7
717.5
720.5
723.6
723.4
725.1
721.6
729.1
720.6
719.8
720.9
720.9
716.3
712
719.2
708
710.9
712.9
723
721.9
718.6
721.1
718.2
724
723.5
720.9
718.8
717.2
719
713.2
714
710.7
708.6
707.5
711.2
722.2
718.1
723.4
718.4
716.1
711.2
709.1
713.5
710.5
707.4
710.3
710.1
706.7
713.6
710.9
713.2
719.4
719.2
716.2
711.1
707.8
708.5
705.5
708.5
705.1
696.1
704.9
703.4
702.9
704.5
710.7
715.4
717.5
710.1
715.8
707.2
708.3
712.9
710.7
697.5
700.2
704.2
698.9
698.6
706.3
706.5
703.7
711.1
709.1
710.5
714.2
706.7
707
697.1
700.5
700.8
696.8
697.4
699.5
696.8
698.9
697.6
706.5
709.5
705
703.1
703.6
701.2
696.3
700
699.2
698.6
693
696.7
695.7
706.5
708
702.4
703
717.6
711.2
706.2
699.9
699.7
695.1
695
700
698.8
697
703.1
707.1
704.3
710.6
709
703.1
703.4
696.2
697.8
692.1
700.9
699.1
692.2
696.8
693.9
700.6
702.3
705.8
706.7
704.6
705.8
700.7
695.6
694.4
699.1
697.8
692.5
692.5
686.5
693.5
700.8
696.1
703.1
701.1
697.1
700.7
699.9
699.5
692.8
695.1
691
692.9
691.1
688.5
692.3
696.4
688.3
700.3
693.1
693.5
693.6
696.7
694.8
684.9
692.5
693.9
692.6
687
689
688
698.6
700.5
696.6
702.5
700.1
695.8
697
696.2
693.1
679.2
694.1
684.6
683.5
686.9
684.6
692.8
692.1
694.2
692.9
698.7
699.1
694.1
694.1
683
682.3
688.5
681.7
682.7
689.6
682.8
689.1
687.3
687.2
690.6
692.8
689.4
696
683.8
685.2
683.8
683.5
678.9
679.3
679.8
681.6
680
687.5
688.3
689.7
691.5
687.7
687.7
679.4
684.8
680.6
681
677.7
678.3
676.5
681.7
678.9
685.2
680.7
690.9
683.6
683.4
685.4
683.4
681.3
677.6
671.6
674.5
677.2
672.7
674.8
680.6
678.8
684.4
679.1
685
683.3
681.2
680.2
677.1
673.8
677.4
672.4
676.6
670.3
670.7
676.5
676.1
680.6
686.8
682
679.6
680.4
683.6
674.7
676.8
669.5
667.5
674
674.6
676
680.8
672.6
683.6
679.7
686.8
679.5
676
666.7
667.3
673.1
671.6
670.2
670
669.2
671.9
670.1
673.3
672.5
676.5
677
678.4
674.8
674.1
670.2
668.4
667.2
664.7
663.4
666.1
673.7
672
674.4
673.6
676.7
677.2
674
664.2
667.7
665.6
663
662.1
663.3
666
663.4
668.8
663.7
672.8
671.5
671.2
671.5
678.6
673.1
671.4
667
665.7
662.1
663.5
660.8
657
657.6
656.4
658
665.5
668.9
667.5
673.8
670.6
668.5
666.4
662.6
660.6
662.5
658
655.7
660.8
664.4
669.4
669
672.2
666.7
673.9
662.4
667.4
662.8
671
663.9
665.1
663.6
666.6
660.8
661.2
670.7
669.9
677.1
672.2
670.4
672.4
666.6
655.9
664.5
665
657.6
655.5
656.4
667.1
664.5
669.6
676.2
665.8
664.4
665.2
661.1
659.2
662.9
656.4
652.1
655.1
658.6
656.1
663.5
657.5
659.2
662.2
660.5
670
663
674.8
657.9
664.3
661.1
658.3
666.2
651.3
660.2
659.4
659.7
661.2
666.9
665.6
671.8
664.6
660.9
661.3
665.5
656.3
654.6
655
656.7
654.1
657.4
664.7
656.3
668.6
666.4
662.5
661.7
661.6
659.2
658.2
655.9
651.6
656.5
656.4
657.1
653.4
655.5
656.1
656.8
659.7
663.8
662.7
656.1
656.7
651
654.6
649.4
653.7
648.9
648.1
658.3
656.4
657
660.8
663.5
658.5
647.6
652.6
661.1
651.5
645.2
651.5
651.5
648.7
649.1
652
651.3
653.7
653.8
662.8
658.7
658.1
657.4
647.3
653.4
655.9
648.1
651.7
649.1
656.8
651.5
653.4
655.4
652.5
655.4
662.5
657.1
655.6
648.6
650.1
646.2
647.4
641.4
651.7
641.1
648.6
652.1
655.4
655.7
655.4
653.2
654.7
651.9
650.7
648.8
647.6
644.8
644.4
649.4
649.4
637.9
649.1
644.6
650.8
646.3
659.6
648.8
644.4
642.9
642.1
646.8
650
633.7
638.9
648.2
653.7
645
642.7
643.8
648.6
649.3
651
632.4
643.7
642.7
640.1
648.6
646.2
643.5
640.9
640.7
642.9
648.5
645.6
648.3
651.3
648.6
648.9
641.1
637.8
635.6
636.8
634.7
634.9
638.4
642.1
637
645.7
646.1
642.1
644.6
649.4
643.7
642.3
639.1
639.2
632.8
635.6
630.2
634.3
635.3
634.5
639.2
643.3
641.9
652
642.7
640.2
635.4
635.2
633.2
634.2
634.2
630.6
638.6
630.6
635.5
639.3
642.6
644
646.7
645.9
637.6
639.1
638.1
632.4
635.7
635.5
630.2
628.2
628.6
637.4
637.8
641.9
642.1
638.1
641.3
632
626.7
632.3
631.5
630.6
624.2
630.9
630.4
629.9
629.7
632.5
634
633.2
636.9
640.4
636.1
638
632.3
631.3
625.3
628.5
631.1
624.4
631.3
630.1
631.4
631.5
633.7
641.4
641.7
633.7
631.2
632.9
629.8
624.1
625.9
622.8
633.8
632.7
636.1
637.6
636.8
641.6
644.1
640
634.4
628.5
627.4
629
626.9
622.4
628.6
634.4
624
630.8
632.1
638.3
636.2
635.3
639.5
634.7
636
629.1
632.4
627
625.6
625.3
628.4
630.2
633.7
632.1
634.7
639.4
639.3
628.7
639.3
629.7
631.4
634
629.5
627.8
626.7
626.5
625.6
625.9
629.8
632.9
636.6
644.2
634.3
632.1
635.9
627
623.7
627.4
622.6
622
619.8
628.6
624.2
628.1
631.6
629.7
633.6
635.4
634.1
626.8
625.2
626
626.1
624.2
625.2
623.1
623.9
627.5
630.8
626.2
627.8
624.6
636.2
633.9
629.7
629.3
627.6
623.7
624
621.8
620.5
624.4
625.5
625.5
628.1
633.6
636.8
634.1
630.7
627.5
624.5
623.9
619
616.3
618.9
621.7
619.4
619.7
625.2
630.6
630.6
630.8
626.5
627.7
626.2
618.7
625.2
619.9
618.7
620.8
614
620.1
621.3
625.5
632
630.9
628.8
632.7
629.9
623.3
624.1
616.7
616.4
625.7
617.7
616.7
625.2
620.2
621.3
617.3
624
627.3
623.9
623.7
624.8
625.1
610
615
618.8
612.1
617.7
613.5
618.9
621.5
628.4
623.4
620
624.6
623.9
623.9
617.5
613.7
615.2
616.5
618.6
614
622.7
619.8
620.5
626.9
626.2
627.8
626.8
626.7
622.3
614.9
616.5
615.5
619.5
616.8
618
615.4
618
619.9
620.2
627.5
629.1
625.4
620.7
624.8
615.2
618.6
617.7
614
613.2
612.9
614.5
621.2
625.4
629.9
622.6
625
621.1
615.6
614.1
608.4
614.4
611.2
609.9
616.1
607.3
611.4
614.4
613.6
623.4
617
626.7
622.9
621.4
617
612.7
616.3
612.3
607.8
614.7
607.6
614
617
613.7
614.8
619.4
623.3
626.2
620.5
618.2
613.3
616.4
605.5
604.5
605.1
610
609
611.4
612.3
614.7
619.7
620.6
618.6
614
615.6
618.5
615.3
609
614.6
606.3
607.7
609.7
614.8
608
615.7
613.9
615.3
617.2
614.9
617.4
610
602.1
603.3
600.2
608.3
603.5
599.2
605
604.8
610.8
609.1
611.1
613.8
618.6
615.2
605.5
605.9
606.2
604.8
603.2
598.5
604.2
600.6
607.6
611.9
610.3
609.9
613.8
609.7
609.6
606.7
603.8
599.8
601.5
602.7
598
600.3
606.9
609.2
610
608
613.3
609
607.5
599.7
600.9
601.9
597.7
602
598.4
606.9
592.7
600.3
608.8
607.2
606.9
610.9
607.1
608.3
604.3
603.9
599.6
600.4
594.8
596.1
594
604.2
600.1
603.1
606.5
605.7
610.1
604.8
605.6
599.1
601.4
598.8
600.8
593.3
594.4
598.8
600
603.9
602.8
610.8
608.4
607.7
604.5
606.7
601.9
598.3
596.2
597.4
593.8
592.3
596.3
591.3
594.2
594.6
605.2
600
607.2
604.2
598.5
593.4
593.2
593.8
591.7
588
594.4
593.7
593.5
599.8
600.7
600.8
602
600.3
597.6
598.2
591.4
596
592.4
593.7
589.6
591.3
583.9
590.2
594.8
596.1
598.2
593.5
595.2
597.3
592.1
594.9
589.7
593.1
588.8
585.9
596.2
592.2
587.6
595.5
596.7
599.5
604.6
596.3
593.9
596.1
596.3
594.2
580.2
590.1
593.6
590.3
587.2
584.7
591.2
599.2
599.1
599.5
597.3
595.7
591.7
589.1
590.1
585.2
588.4
588.9
588.5
589.4
589.9
589.6
593.7
594.4
599.4
591.8
598
594.2
592.2
587.8
588.5
581.9
582.6
586.5
582.1
583.1
582.1
584.8
595.5
602.6
597.1
593.8
590
587.1
588.3
584.7
584.2
577.3
580.1
583.2
584
587.2
596
590.4
593
595.9
590.8
589.2
587.1
584
584.4
582.5
582.6
580.2
582.7
592.3
593.6
586.1
592.6
591.1
606.3
591.3
594
593.1
589.1
586.6
587.8
588.6
589.2
590.8
586
593.3
593.8
598.6
595.3
597.9
594.3
590.1
597.9
590.1
587.3
586
583.3
587
590.5
587.3
587.5
591.2
591.7
596.7
595.6
591.4
598.1
590.5
594
587.1
581.9
579.8
578.5
575.2
576.5
579.6
583.3
580.2
587
584.6
587.1
589.9
587.8
579.6
577.9
577.2
574.2
574.3
579.1
580.1
577
584.2
585.3
562.7
578.5
593.2
591.9
587.7
577.7
581.6
576.4
579
584
585.7
581
585
588.2
591
582.9
587.4
591.7
590.2
583.4
586.1
587.8
574.9
576.1
581.9
585.4
581.7
582.2
585.4
583.8
596.1
597.8
588.5
590.6
592.5
586.8
580.7
585.2
581
581.9
576.4
583.5
585.2
584.1
586.4
589.2
592.2
591
591.6
585.3
584.9
577.5
589.1
586
580.4
581.5
583.3
582.8
584.6
588.3
591.2
588.8
591.4
591.9
585.4
587.2
583.2
580.2
584.5
582.2
582.8
581.6
585.5
589.6
584.9
588.1
593.2
590.4
589.4
584.4
579.5
578.1
573.2
577.2
572.8
580.4
570
586.6
588.2
592.8
588.7
587.1
589.2
585.4
583.3
584.8
576.7
576.9
577
581.6
578.9
580.2
581.1
583.9
582.5
587.8
578.3
591.6
581.8
581.3
579.1
577.6
575.8
582.6
580.2
583
580.5
585.6
582.2
587.4
594.4
588
591.1
589.4
587.9
583.4
580.1
575.4
579.5
577.3
574.1
568.9
583.4
589.8
589.5
586.4
591.5
585.4
591.7
584.1
576.9
582.6
579.9
577.5
576.1
579.7
584.4
585
590.5
586
585.6
589.4
579.6
585.8
578.7
579.2
577.1
584.6
578.2
578.9
576.4
585.1
581.8
577.8
588.7
590.1
587.9
583
577.2
582.6
572.8
582.7
580.4
572.5
581.5
578.1
579.6
586.1
586.8
592.8
587.2
586.1
587.8
581.2
582.6
579.7
584
581
578
579.5
581.8
585.8
587.4
586.8
584.7
592.5
590.1
585.6
577.9
579.4
582.3
578.8
580.4
579.8
580.9
581.8
585.2
587.8
585.3
586.8
584.6
586.9
574.6
582.7
579.5
578.4
573.6
576.8
579.3
576.2
579.9
579.6
587.9
579.3
581.6
588.1
589.4
587.7
581.1
580.6
572.8
574.2
574.3
576.8
574.6
579.6
580.8
585.6
588
590.6
583
586.6
580.3
579.1
579.7
572.5
578
576.4
576.9
577.5
580
583.1
587
585
585.3
585.8
580.5
581.4
579.9
576.7
572.9
578.6
576.8
579
575.8
587
585.6
589.3
578
584.7
579.3
579.9
582.7
574.6
579.3
578
572.5
576
574.6
575.6
579.1
586.5
584.1
582.7
582.9
576.1
580.9
567.5
567.3
575.5
569.9
571.1
573.1
571.5
572.9
568.9
587.7
582.5
583.5
576.9
580.2
578.6
574.2
577.4
572.8
569.2
572
576.5
572.1
580.7
591.8
579
583.2
582.4
577.5
581.9
576.3
570
571.5
571.7
572.7
568
570.7
572.6
571.1
576.4
583.6
580.2
580.1
581.8
578.1
581
573.8
572.7
574.6
567.5
568.2
568.6
570.7
573.4
577.5
580.6
580.8
579
575.3
577.4
570.9
569.6
568.6
572.5
575.3
568.8
572.4
578.8
569.6
574.3
580.9
580.3
583.1
575.5
570.7
574.6
565.1
571.5
571.1
568.6
569.9
573.3
571.8
576.7
574.3
575.6
573.2
572.3
574.5
573.2
570.8
569.6
558.9
568.8
566.6
567.2
568.3
575.8
575.3
578.3
578.6
572.9
574
576.2
574
566.8
561.9
567.1
566.8
568.5
566.1
568.1
567.6
576
573.8
574.6
573.7
571.2
572.7
570.1
565.3
564.9
569
560.5
563.5
562.3
570.2
569.4
573.5
572.3
576.3
564.9
572.3
571.6
564.7
564.3
558
565.4
566.5
561.9
569.5
572.4
569
570.6
568
576.1
570.1
566.9
571.9
565.2
564.3
564.4
559.6
561.2
564.7
563.7
566.5
568.2
571.6
569.8
578.6
570.2
564.4
565.6
564.4
564.1
558.9
561.8
560.5
559.6
567
563
562.2
569.9
569.8
571.7
567.3
566.5
566.8
562
559.9
558.5
557.5
552.1
565.2
557.8
569.8
569.1
566.5
569.8
573.4
568.3
562.2
564.9
556.2
557
556.5
562.3
558.7
557.4
561.2
561.9
563.1
564.4
566.6
571
562.6
564.8
561.7
562
561.3
555.3
554.5
553.4
555.7
557.3
562.7
567.9
561.8
563.7
568.5
570.4
559.4
560.4
554.7
562.8
557.2
551.9
557.2
560.5
561.7
564.5
568
570.4
566.2
565.1
563.9
548.7
559
550.9
552
553.9
553.7
556.7
559.6
564
572.5
568.7
571.1
570.8
559.2
571.7
562.6
551.1
551.6
560
555.4
549.5
562.2
557.7
561.6
564
570.7
570.3
567.4
563.2
562.7
561.3
558.8
559.3
558.9
550
558
561.9
557.2
556
567.9
567.2
562.8
564.6
561.2
552.8
556.6
556.5
557.6
547.5
548.2
553.1
557.1
558.1
557.9
569.5
562.9
559.9
559.6
557.6
549.5
551.8
554.9
546.6
548.1
547.4
555.4
552.9
547.4
560.2
564.9
561.3
559.7
558.8
556.1
554
549.1
548.3
545.9
545.5
549.5
550.5
553.8
552.8
554.1
560.2
556.2
560.1
558.9
553.5
554.8
543.5
548.3
545.3
546.7
556.6
550.9
550.4
554.2
547.6
558.6
558.7
557.7
555.5
547.8
551.7
548.7
549.2
550.3
546.1
548.3
547.9
547.5
551.3
558
554.9
554.3
559.3
556.7
552
554.3
553.2
542.7
552.3
551.1
552.7
543.9
544.7
549.8
554.1
557.4
545.8
560.2
552.9
551.9
544.5
544
542.5
543.9
545
543.3
553.1
550.3
548.8
563.4
551.1
552.8
549.8
551.2
550.9
549.7
542.5
552.7
547.4
550
548.2
557.6
553.1
551.1
557.5
554.5
559.9
559
550.5
552.2
548
551.2
547.5
546.5
543.7
549.3
553.8
547.1
549.7
546.9
560.6
556.2
555.2
554.3
550.8
553.6
545.1
547.3
548
549.2
549.6
549.2
549
553.4
554.1
554.8
554.2
552.2
548.1
549.8
547.4
547.1
545
545.4
543.9
548
544.3
547.9
559.1
556.5
544.9
556
557.7
550.3
546.6
547.2
543.6
543.5
547.7
549.7
547.7
538.6
543.8
543.7
547.7
548.8
549
550
542.2
549
542.3
540.7
538.4
541.4
536.4
534
539.7
534.5
540.5
541.2
546
547.3
546.8
544.2
543.4
539.4
540.9
533.1
534.6
538.4
540.5
543.9
543.2
547.8
542.5
551.3
552.8
548.4
550
550.9
548.2
541.1
538.1
540.7
541
541.1
543.6
542
539.7
550
544.7
546.6
548
551
542.4
543.3
542.2
541.9
535.8
538.4
541.1
541.6
540.2
544.6
545.7
544
545.4
549.8
543.8
545.6
541.8
539.5
543.6
535.7
541.8
533
539.3
539.7
540.4
543.1
547.1
546.8
542.1
547.3
541.7
544.8
535.5
538.4
537.7
540.6
534.9
537.2
538.4
539.7
546.3
547.9
548.5
547.7
546.6
544.1
541.1
535.2
538.1
538
531.2
537
537.6
537.4
537.8
540.4
543.6
545.8
547.7
547.5
544.1
540.3
538.7
538.6
532.3
536.6
538.2
538.2
539.5
532.3
541.6
541.6
547.2
543.5
543.8
538.4
540.3
540.7
532.6
531.8
535.4
536.3
534.3
537.7
542.8
541.6
535.6
543.9
542.3
539.5
538.6
529
533.9
537.4
535.4
527.1
532.2
531.7
534.4
536.7
539.4
538.2
535.9
536.1
530.4
544.5
535.5
534.3
532
531.9
530.7
541.4
535.6
537.1
538.7
541.8
541.4
542.2
537.4
542.9
536.8
533.9
532.9
528.8
531.1
524.8
530
531.8
529.7
537.4
531.4
536
539.3
539.1
546.1
533.9
536.1
534.7
530.5
530.1
525.9
530.3
527.6
529.9
531.6
534.6
538
540
534.8
540.6
537.8
534.7
537.9
534
532.1
532.3
528.9
535.4
535.4
536.1
535.8
540.6
540.6
541.7
539.8
538.8
532.9
531.3
531.2
520.6
533.5
532.9
530.9
532.6
528
531
543
535.9
535.9
531.9
528.1
537.9
530
523.3
530.2
531.5
530
530.2
524.9
530.7
538.8
535.6
533.1
537
540.1
535.9
529.7
536.1
530.2
529.9
528.2
529.8
522.8
532.5
529.1
531.6
536.6
537.4
536.1
533.1
531.3
531.2
529.3
529.7
531.3
526.7
525.5
526.8
525.2
530.6
535.1
530.9
531.5
533.6
534.3
537.8
534.7
527.7
527.4
521.5
532.4
523.5
531.2
532.1
532.9
535.1
537.1
545.2
537.3
533.8
533.9
525.8
527.7
525.5
526.4
529.1
521.7
522.8
526
530.6
529.7
529
529.2
529.8
528.1
536.5
525.7
528.4
520.5
524.4
522.4
524.9
526.2
527.1
527.6
523.1
528.7
533.6
534.7
533.6
531.1
529.1
531.2
520.7
524.7
515.8
521.3
523.8
524.8
530.5
530.7
534.6
527.2
534.6
532.3
527.3
523.9
525.6
521.6
522.8
518
512.3
522.3
521.7
526.5
530.7
535.3
531.2
527.4
528.7
522.5
522.9
524.7
519.7
518.4
521.3
516.4
520.1
523.1
523.3
528.4
526.5
529.1
520.7
532.4
528.3
529.2
523.5
514.1
520.4
518.8
515.6
518.4
523.9
526.2
534
530.7
528.4
528.9
526
527.4
522.7
520.9
522.3
521.3
522.4
519
524
522.2
526.4
529
534.3
528.9
528.2
530.1
523.2
522.8
518.6
517.4
513.2
514.5
514.8
519
526.4
517.6
531.2
525.8
526.7
524
528.8
520.4
522.3
519.1
519.2
516.7
524.5
518.1
519.9
524.6
527.2
526.4
526.7
525.7
530.5
528.4
523.1
526.6
519
516.4
522.1
512.8
514.3
514.5
522.1
522.1
522.8
522.5
524.5
525
523.5
522.5
520.8
514.9
517.3
520.1
518.7
518.8
516.2
508.9
525
526.6
524
521.5
526.4
519.8
515.3
517.6
519.7
517.3
514.3
512.1
521.3
517.5
518.1
526
519.4
515.5
525.3
527.9
514.4
521
517
513.6
508.2
512.1
513.1
515.6
514.7
518
518
516
517.9
523.8
522.8
518.8
515.7
516.5
511.9
513.5
510.9
514.3
512.4
518.1
522.9
525.3
523.5
525.7
526.9
522.5
515.7
519.2
517.6
517.2
514
518.1
510.2
514.1
509.5
519.8
518.7
524.6
521.8
523.4
517.4
520.4
517
515.9
517.2
511.3
511.6
508.5
513.9
511.4
516.3
513.6
516.9
520.9
523
522.6
526.3
520.1
514.5
514.5
507.3
514
510.8
507.7
510.1
517
517
522.7
526.5
514.8
527.9
520.6
522.5
525.1
514.5
513.4
512.8
507.2
515.2
511.2
516
520.1
522.5
524.5
521.6
523
522.1
517.8
521.6
513.9
512.6
509
504.6
508.7
516.1
514.5
519.1
515.7
523.1
519.2
514.2
511.3
513.3
507
507.8
506.1
511.6
509.7
510.4
513.2
512.4
521.7
522.1
514.5
517.9
518.1
517.4
511.7
508.5
508.9
505.6
505.9
511.3
507.5
516.9
509.6
514.3
517.6
519.1
517.9
520.3
515.7
515
510
512.3
513.5
512.5
508.2
515.2
514.6
513.5
523
515.3
524
520.8
514.7
519.1
508.9
507.9
513
508.9
507.8
508
509.9
510.3
523.2
519.5
520.3
517.9
514
509.3
517
513.1
507.3
511.2
512.3
510.2
506.9
512
512.5
510.6
518.3
515.2
518.5
520.9
518.1
515.8
508.7
508.6
511.6
508
510
506.6
508.9
509.7
519.6
521.7
517.8
516.4
522.1
517.1
508.1
507.4
503.7
512.5
509.5
507.7
512.3
511.3
515
510
503.6
525.6
524.8
515.7
513.4
507.3
510.4
510.6
509.9
509.9
507.3
511.1
512.6
510.9
519.2
516.7
510.2
517
513.2
509.2
513.2
513
511.7
508.4
510.6
505.5
505
509.1
514.3
512.8
519.5
514.2
514.2
519.2
515.7
515.2
513.8
505.6
507.5
509.6
508.2
503.9
507
514.6
514.8
520.9
515.4
515.7
520.3
521.6
504.2
509.2
506.2
506.9
508.5
505.3
509.5
503.5
514.3
513.8
512
516.5
513.5
514.2
516.5
503.5
503
507.7
507
507.3
504.4
500.3
507.9
519.4
513.6
516.3
519.6
514
512.6
506.8
510.5
503.4
503.2
500.7
504.8
508.7
507
504.6
507.7
512.2
519.3
519.2
514.8
516.9
510.4
508
505.7
505
501.1
499.4
504.6
502
504.5
511.3
512.1
513.3
512.3
516.9
511.3
517.8
506.3
500.8
502.5
504.9
503
503.4
505.1
516.1
508.8
519.7
511.9
517.9
515.8
515.9
507.3
508.6
504.5
505.2
500.8
499.8
504.9
512.9
511
508.8
514.6
514.1
515.6
511.3
511.2
508.4
486
517.4
503.8
498.9
509.2
505.3
508.2
509.6
514.5
510.2
507.3
514.2
509
514.7
508.5
506.8
502.2
504.6
502.4
502.7
505.3
508.6
512.7
516.9
514
511.7
515.2
515.1
506.5
504.9
504.8
507.9
500.1
504.8
504.4
499.6
503.1
514.6
511.4
513.5
510.6
510.2
512.5
513
504.6
508
506
502.9
503
502.5
500.5
509.3
513.4
509.4
513.3
512.8
510.9
512.5
511.1
502.5
510.4
503.2
500
510.3
502.6
506.9
505.1
512.5
505.6
509.4
512.2
515.4
515
509.4
504.1
503.2
501.7
498.7
498.1
511.5
499.7
507.5
498.4
510.4
512.8
512.8
509.3
515.8
508.6
503.4
497.1
502.2
500.8
504.7
505.6
501.4
502.7
502.5
509.8
514.2
509.9
513.6
511.7
514.7
504.8
498.2
515
510.5
498.6
500
508.2
502.2
507.1
503.5
506.3
514.5
511.6
515
513.4
507.4
511.7
507.1
496.5
503.2
498.8
499.3
498.4
502.3
509.2
511.9
508.6
509.2
512.1
514.7
505.1
511.1
501.2
504.4
501.5
502.1
495.3
502.6
505.7
508.9
505.6
511.4
513.1
512.3
504.6
507.5
500.5
501.9
507.9
500.1
500.3
500.4
497
506.1
505.8
506.4
510.1
507.3
513.7
510.7
505
502.4
503.2
503.4
504.6
499.1
499.6
499.9
504.7
513.9
507.2
509
508.1
506.8
505.3
505.9
502.9
498.2
502.4
502.5
498.2
501.2
503.4
504.7
510.1
508
508.9
515.9
509.4
504.9
505
498.3
500.8
500.8
498.6
501.3
502.5
502
507.9
508.6
508.6
509
506.8
510.4
510.5
504.9
502
495.9
500.8
497
504.3
498.9
497.8
503.1
509.2
508.1
511.1
505.3
507.8
506
503.4
502.5
503.3
499
497
503.7
503.8
503
500.7
509.4
512.1
507.7
510.1
515.7
497.4
509.5
501.3
502.2
492.3
498.8
493.6
496.5
503.3
508.1
506.3
506.8
512.1
511.6
506.3
507.6
504.2
500.3
497.3
497.6
491.4
493.2
500.8
505
506.5
510.2
509.7
515.3
506.2
506.5
502.6
497.4
508.9
500.7
495.8
501.9
498.2
503.6
504.1
509.7
508
508.6
508.5
511.3
507.3
508.9
496.7
498.2
499.7
489.4
498.3
497.7
499.1
500.1
508.1
505.8
503.8
507.1
506.5
505.4
496.4
503.7
499.6
502
502.5
498
495.7
508
501.9
505.9
510
511.4
502.1
507.2
509.1
503.7
500
501.2
497.5
497.7
498.6
496.7
496.6
497
515.4
504.2
508.9
510.9
509.7
506.8
497.5
497.5
499.6
496.5
496.3
495.8
497.6
495.6
500
505.3
509.2
510.9
513.3
504.1
505.8
498.4
500.8
505.5
504.4
498.8
496.7
497
500.8
499.6
507.4
500.8
505.9
509
507.5
504.8
500.4
502.6
499.4
495.1
497.6
499.1
508.2
502.9
505
504.4
512.6
512.3
510.8
509.9
505.4
505.5
500.1
493.3
495.1
501.5
501
496.4
499.1
505.7
499.9
502.5
508.7
508.2
505.6
497.7
493.6
497.8
497.7
499.3
497.3
498.8
497.3
503.4
506.6
505.9
504.7
509.3
507.5
505.6
501.4
503.4
497.7
502.2
499
495.2
497.7
492.8
498.9
505.1
508.2
513.8
500.7
504
504.7
498.4
504.3
495.1
495.2
498.7
495.6
500.3
495.6
498.8
497.7
509.1
507
508.1
504.4
498.7
502
500.1
498.2
492.4
493.8
498.1
493
499
505.2
504.4
503.6
502.7
505.3
507.5
503.1
497.4
494.1
492.8
497.7
492.6
498.4
495.6
496.2
496.9
505.1
500.7
506.9
499.6
507.3
502.2
497.7
498.4
496.8
495.8
496.5
500.1
493.3
504.2
497.9
504.4
502.8
514
505.1
501.2
499.2
502.5
500
499.9
496.3
498.4
493.7
497.7
491.7
501.5
505
509.3
508.5
501.8
508.2
503.1
498.5
496.7
494.6
494.4
490.2
495.8
496.5
501.5
499.1
507.6
503.4
501.8
503.4
502.7
505.1
495.8
492.5
492
496.3
495
497
498.7
503.8
501.3
495
507.7
504.2
505
504
503.4
502.5
496.2
495.4
496.9
488.5
497.8
495
503.3
508.7
499.7
504.1
504
504.7
502.4
504.1
502.2
500.5
497.4
492.7
497.7
490.4
497.5
498.2
496
500.6
502
504.5
504.8
502
503.7
499
497.5
495.9
496.3
499.6
499.2
488.6
494.4
502.9
498.6
497
504.6
504.8
496.5
499.8
500.3
496.3
494.1
487.4
496.3
490.2
497.1
497.2
498.6
499.8
498.9
498
498.5
499.9
499.4
499.9
492
490.9
492.9
502.4
492.3
499.5
503.9
501.2
508.7
508.9
513.1
512.2
501.7
492
502.1
500.9
499
499.9
492.2
494.6
501
505.4
503.8
507.9
506.8
509.7
509.3
499.7
504.5
503
499.8
494.2
498
498.3
498.3
501.6
504.9
497.9
506.9
503.2
502
503
504.7
500.2
492.9
500.3
500.5
496.2
495.8
490.7
502.2
503.7
506.2
509.9
510.7
506.8
509.3
505.5
501.9
502.9
500.3
493.4
491.2
498.8
498.3
506.1
503.6
501.3
511.8
509.6
510.9
503.4
505.7
500.8
497.3
497.6
495.9
495.8
501.1
494
505.6
502.1
513.6
507.3
492.3
508.5
510.7
508.9
501.6
500.7
503.9
502.6
497.3
501.9
492.5
497.4
503
508.9
509.6
505.9
515.5
509.9
510.5
505.2
500.7
498.2
498.8
490.4
499.1
494.9
498.8
497.3
503.6
505
506.5
504.7
506.9
504.7
505.7
498.1
502
498.3
497.4
495
493.7
499
499
508.3
507
508.3
511.5
509
503.1
492.1
498.6
495.5
500.9
499.3
500.8
502.8
501.3
505
501
496.9
506
505.8
501
497.5
497.7
491.1
490.4
505.2
494.5
502.6
491.2
499.5
500
506.5
503.2
507.3
503.3
509.9
500.3
499.6
493.7
488.3
494.8
491.3
491.6
497.8
504
497.3
498.7
498.5
498.8
498.2
502.5
507.3
501.6
502.8
498
492.4
498.2
498.3
494
496.6
500.9
502.1
506.9
506.5
508.3
506.9
504.7
503.3
500
500.4
497.3
502.2
499
500.3
498.4
499.6
503
494.6
502
501.6
497
499.8
494.5
496.8
497.3
492.8
486.5
484.6
493.9
491.5
493.5
500.4
504.3
499.4
510
508.1
501
502
502.9
497.7
496.2
498.2
491.3
495.9
490.4
493.8
503.5
500.9
508.5
501.5
506.4
504.4
503.8
499.9
494.4
494.1
497.6
493
497.3
495
502.3
501.9
508.1
505.9
503.3
512
502.2
498.8
488.1
503.9
496.1
494.2
500.3
494.5
503.8
499.6
499.5
497.9
501.1
497.7
504.1
507.1
497.1
499.2
489.8
489
495.4
487.8
491.4
488.3
491.4
496.6
498.1
501.3
494.9
497.2
497.9
496.8
504.4
497.9
496.6
493
494.7
496
490.3
490.9
494
498.2
496.1
497
502
504.1
491.6
502.1
497.5
494.9
496.9
492.6
491.3
489.5
490
501.5
504
504.7
500.3
506.2
498.5
502.8
501.8
496.2
493.9
497.2
494.1
492.8
489
495.2
503.6
505.7
505.3
503.2
507.5
503.9
500.2
496.2
497.1
493.5
492.1
495.5
494.7
492.6
501.8
500.2
506.6
506.1
507.7
509.3
498
499.7
493.6
499.8
495.1
497.5
491.9
496.7
493.7
499.6
507.3
505.3
500.1
497.6
500.4
501.2
497.6
499
489.3
491.4
491.7
481.9
495.4
498.8
500.5
501.6
503.2
503.3
507.3
503.3
494.7
494
496.2
493.9
494.9
499
491.7
497.9
498
499.1
495.8
498.1
504.3
502.6
503
498.5
503.5
492.3
489.3
499.4
497.1
492.6
496.2
497.8
502.7
505.7
502.1
509.8
496.4
501.2
500.8
499.8
494.7
496.5
497.2
491
488.2
493.3
493.2
505.8
505.3
498.1
505.2
503.4
505.7
500
499.5
495.8
498.5
494.4
492.4
492.9
491.5
499.6
495
498.8
499.2
500.2
502.5
505.3
498.5
499.8
497.5
496
489.5
484.6
495.9
492.9
495.2
496.9
504.8
499.3
503.8
502.4
507.9
495.9
500.4
501.8
497.4
497.8
496
493.8
498.6
495.1
503
506
504.9
500.4
502.7
505.2
507.9
493.7
490
493.7
492.6
495.1
491.1
498.2
493.4
501.1
501.8
501.6
499.3
505
503.5
506
496.1
493.9
488.7
494.9
493
496.9
501.7
495.9
492.9
500
498.7
503
498.4
503.5
500.5
496.3
495.6
492.6
497.8
491.7
499.1
492.6
496.2
504.5
501.6
500.9
503.5
505.2
496.5
502.1
492.9
493
493.8
484.4
489.1
492
497.9
494
500.5
496.7
507.1
507.3
499.4
503.1
497.4
494.2
502.2
490.8
497.4
498.3
495.7
490.6
490.5
494.1
498.4
499.2
501.7
498.1
505.8
504
499
494.5
490.5
488.3
487.4
489.6
496.1
491
493.7
502.4
495.6
502.7
501.1
503
504.7
501.8
492.1
488.7
496.3
493.1
492.1
494.7
494.9
492
494.5
500.6
505.5
505.8
500.8
502.1
495.6
497.5
493.5
498.3
490
493.1
493.3
492.5
496
499.3
498.9
504
500.7
500.8
502.6
494.7
493.7
489.7
491.2
495
485.8
490.4
496
498.3
495.7
501.4
501.2
500.5
500.5
498.9
495.4
486.3
490
489.1
489.3
491.4
495.6
493.1
503.1
505.4
497.9
505.4
499.8
495.7
498
493.3
491.6
491.3
490.5
491.7
489.7
491.9
490.5
492.2
499.3
503
499
500.2
499
484.5
488.9
489.7
490.1
491.9
483.7
491.7
489.7
496.6
503.6
498.1
492.6
505
499.8
499.5
498
495
498
494.2
489.8
490
486
498.2
497
500.1
503
498.5
506.2
499
501.3
500.9
490.1
494.8
496.9
491.9
493.5
495.6
490.6
497.5
499.5
494
501.4
499
492.2
491.4
486
482.1
486
485.2
486.5
484.3
482.8
493.7
495.2
493.1
500.3
497.5
503.5
500
500.5
494.6
490.5
490.8
492.4
485.1
487.2
493.3
495.5
494.4
500.9
502.1
503.6
498.3
494.4
495.7
494.6
491
487.2
485.8
494
487.2
494.6
491.3
496.2
500.5
497.1
500.2
494.7
499.4
492.9
491.9
485.7
490
491.5
490.5
495.2
493.7
493.3
497.8
502.3
496.4
504
496.7
499
492.2
495.6
489.6
484.4
487
493.4
497
496.2
493.6
493.3
497.6
505
500.9
499.7
494.5
493.3
494
492.3
488.7
487.7
490.5
489.1
489.4
497.7
497.8
497.8
503.6
505.7
497.6
491.4
497
495.7
488.2
487.5
484.2
490
491.3
491.3
491.4
504.9
493.1
496.7
490.3
494.8
493.9
485.4
486.9
495.1
489.2
487.5
481.8
491.9
487.7
493.5
497.1
501.5
496.9
496
497.6
489.7
492.3
489.1
490
483.9
486.3
482
489.8
493.3
492.8
492
510.5
498.2
500.8
501.2
496.6
489.5
489.1
489.6
482.5
493.1
487.6
498.3
493.6
499.9
499
495.6
496.4
497
490.3
490.3
487.2
491.4
489.5
492.2
492.8
486.3
496.6
498.8
492.8
497.8
502.2
497.1
496.6
495.4
487.2
493.4
490.9
486.2
488.6
482
489.6
488.9
493.1
495.4
491.5
499.6
498.7
498.7
494.2
486
495.3
482.4
496.6
490.2
485.1
489.8
491.6
491.9
494.9
496
497.3
502
497.2
496.2
493.8
493.2
483.3
487.9
480.7
491.7
478.8
490.5
495.6
494
499.1
491.4
503
501.9
493.3
490
494.3
486.2
495.5
487.7
490.5
495.2
486.2
499.7
496.2
496.5
503.2
497.3
492.4
498.7
494.5
487.3
484.3
486.8
486.8
492.7
495.4
488.7
495.9
504.1
498.5
492.4
503.1
495.2
504.2
496.6
492.8
488.1
487.9
492.2
488.8
490.5
493.4
492.8
494.7
498.9
497.7
496
500.3
496.2
496.1
490.3
486.1
486.3
490.4
487
490.6
489.1
492.6
489.3
491.4
498.1
493.6
497.1
496.8
494.2
489.7
491.9
487.1
488.8
494.7
485.8
492
498.6
488.2
498.5
498.5
495.8
496.7
496.6
484.9
489.6
488.4
483.5
478.5
489.6
485.4
493.6
497
497.1
495.9
497.3
495
498.4
498.8
491.2
491.5
489.8
487.2
490.5
490.6
490.7
493.1
495.4
494.4
500.4
503.4
493.8
495.9
495
494.9
487.6
494.8
490.4
488.2
488.6
488.9
499.5
495.4
494.5
497.8
501.4
496.4
496.4
495.2
492.6
489.8
492.2
492.4
486.3
492.4
485.8
488.9
489.6
495.7
498.9
497.1
499.3
489
492.8
487.7
491.1
492.4
484.2
488.5
488.9
492
491.7
484.8
492.6
494.7
495.8
498
493.5
492.3
491.1
488.5
489
483.9
482.7
487
487.9
490.6
481.4
499.5
497.1
498.9
494.9
491.1
495.6
495.5
481.8
489.7
482.6
486.8
487.2
488.2
491.4
489.8
491.3
504
495
501.1
498.1
489.7
489.7
482.6
487.5
488.5
489.3
484.2
484.6
489.9
489.6
494.7
496.6
494.5
497.4
500.2
493.6
492.8
489.1
489.3
489.3
482.8
486.8
486.4
490.1
489.1
487.2
497.9
501.1
496.3
492.2
496.6
496.3
493
487.7
485.6
491.6
485.3
486.5
486.8
487.7
492.9
496.2
499.6
489.6
499.2
490.4
491.8
486.8
485.2
485
490.3
480.4
489.9
493.3
488.5
493.5
493.6
487.5
500.4
496.6
493
495
490.5
486
489.1
485.6
488.9
489.3
492.5
484.4
491.2
494.6
498.5
494.5
502.6
497.8
496.9
489.8
491.5
487.7
486.8
490.1
483.4
485.6
484.1
489.6
488.2
496
493.5
494.1
493.3
496.9
488.6
488.6
491.3
489.5
482.8
485.7
486.5
485.7
485.6
498.9
494.6
490.9
495.2
491.9
491.2
484.1
486.5
482.3
483.3
481.4
483
485.1
486.3
488.1
489.3
497.2
495.4
493.6
497.6
488.5
486.6
488
486
488.9
485.1
485.1
479.3
485.3
491.7
495.4
497.3
495.1
494.5
492.8
492.3
495.6
489.3
490
482.8
486.4
486.5
488.7
485.6
492.1
485.5
496.5
496.1
491.6
497
497.3
495.7
490.6
487.3
488
486.9
485.9
482.6
484.5
492.4
489.2
497.4
498
494.7
498.3
495
488.4
488.3
494.9
483.9
484.4
484
484.7
486.3
479.2
490.1
493.7
491.4
494.3
499.7
493.9
492
485.6
484.9
484.4
486.7
486.5
483.2
485.7
486.4
493.9
490.6
493.8
493.8
495.3
494.5
487
491.3
492.7
485.6
489.8
484
487.6
491
489.4
491.2
488.3
499.8
500.4
489.8
489.7
486.7
485.4
484.1
479.7
481.3
481.3
483.2
487.5
486.2
485.7
487
490.4
498.2
490.5
493.9
490.3
488.5
474.8
475.6
483.1
486.3
481.8
491.1
489.1
488.6
485.8
500.4
493.9
489.7
492.5
487.6
482.8
487.6
480.1
483.5
481.3
485.5
488.4
484.9
484.8
492.1
493.7
491.1
492.7
488.9
487.5
485.4
483.4
492.1
484.4
484.1
478.4
486.2
487.3
489.9
492.7
491.8
491.8
493.5
492
488.7
487.6
489.6
488.9
478
476
486.6
479.6
486
484.3
491.3
494.7
496.6
497.3
496.4
501.5
490.4
492.2
489.5
489.8
482.9
490.2
486.8
482.4
491.3
489.3
497.9
496.8
496.3
502.8
495.3
491
492.3
493.1
486.2
487.2
486.9
484.3
485.9
489.1
500.1
499.2
492.5
487.6
492.6
496.8
489.2
495.3
489.4
497.4
488
486.8
489.2
488.4
491.9
486.3
499.1
496.1
503.6
502.2
496.7
493
489.7
490.2
479
489.7
489.7
487.6
484.5
495.6
487.4
488.6
497.2
499.1
497.7
497
495
490.8
492
492
488.9
489
490.4
491.4
493.3
492.8
491.4
495.9
498.5
497.3
496.1
495.5
493.2
485
488.4
492.5
491.9
488.4
485.7
486.2
493.3
491.8
492.4
496.8
498.2
499.1
492.8
492.1
486
490.1
485.9
486
493.4
495.1
493.5
492.8
495.6
498.4
498.2
500.4
501.4
495
493.3
492.8
488.2
493.2
491.3
487.7
489.2
491.2
492.6
498
490.4
496.3
495.9
493.7
489.7
496.1
494.6
483.9
492.3
487.8
491.1
493.4
486.1
494.9
496.4
503.4
509.4
522
533
530.8
530.2
529.7
535.7
534.1
540
542.1
546.2
548.3
553.9
560.4
575.4
574
574.1
578
574.6
569.9
570.1
568.5
569.8
572.5
579.6
579.5
580.5
586
589.1
590.9
596.2
591.5
596.9
591.3
594.4
585.6
580.7
591.9
591.8
598.7
599
601.7
605.8
603.3
604.3
609.6
598.4
605.3
607
606.6
612.2
606.9
599.3
597.8
598.5
600.8
599.7
597.6
603.7
606.3
608
604.8
607.9
603.8
599.3
587.8
590.2
585.7
588.8
587.2
589.1
589.9
590.6
593.5
599.5
595.7
599.1
598
592.6
604.2
596
596.8
587.1
584.7
587.3
586.1
585
595.2
589.1
598.2
592.7
595.8
595.6
594.9
587.7
587.6
580.8
585.2
583
574.5
584.3
585.5
591.4
582.9
597.7
588.6
597.6
597.2
589.5
588.3
586
584.7
584.2
580
583.3
583.9
585.1
587.7
585.1
590.9
587.8
590.1
588.6
589.1
584.7
582.6
587
581.1
577.3
580.8
576.6
581.6
584.6
585.5
588.8
586.1
591.9
597.1
590.1
587
578.9
577.8
575.5
574.6
575.2
577.3
581.4
579.6
578
581.1
586.1
592
586.7
587.2
583.6
580.7
578.7
580.9
574.6
575.2
575.2
571.4
573.8
582.1
584.5
589.2
586.1
584.1
579.8
584
584.3
578.3
580.9
584
576.1
579.8
587.1
586.9
583.3
591.3
604.1
604
612.4
603.2
615.9
611.9
614.3
