883.1
884
888.9
884
884.2
888.5
875.5
876.3
876.5
864.1
876.9
875.1
870.5
873
875.6
874.9
876
880.4
882.2
880.7
876.7
878.9
872.6
868.7
867.5
866.8
859.7
856.8
859
866.6
866.9
868.3
871.6
865
866.5
862.7
860.5
864.2
859.5
857.3
856.4
851.2
850.1
855.1
851.1
855.2
851.2
854.2
855.2
852.3
857.3
855.3
854.8
850.7
845.1
843.8
838.7
840.9
832.7
839.5
844.4
841.4
844.8
848.7
846.9
841.8
844.7
843.1
836.6
836
831.8
837.2
829.2
829.9
835
843.1
844.7
837.2
844.3
850.6
835.2
832.9
830
825.8
829.6
831.6
828.7
832.7
831.9
828.7
833.9
836.5
835
835.3
838
837.9
828.6
820.5
825
824.5
818.1
819.2
823.8
820.2
830.6
826.3
827.4
828.2
827.4
831.9
834
820.7
821.7
815.4
811.3
799.1
807.3
812.9
809.8
815.1
813.8
820.6
815.3
820.2
821
814.6
813.6
815.1
803.8
808.6
805.4
807.6
806
795.4
802
810.5
812.4
813.3
816.1
810.6
813.4
805.3
809.3
802.2
795.1
794.1
799.2
794.2
797.1
801.4
801.9
800.9
807.2
798.8
809.6
798.5
796.5
793.9
794.6
789.9
794.5
784.7
790.5
791.2
791.5
791.2
792.9
792.2
799.7
796
791.6
799.1
793.7
786.8
780.8
780.1
781.2
781
785.2
777.9
793.7
791.7
794.2
794.2
792.6
788.4
778.5
777.8
778.4
778.3
771.9
775.3
772.1
772.3
776.9
780.2
789.4
782.1
787.1
782.6
785.7
776.7
779
779.7
775.3
773.8
773.5
778.7
772.3
773.2
782.9
780.6
772.4
779.8
786.4
779.8
772
775.1
765.7
764.8
762.6
766.6
762.1
768.2
764.6
774.5
780.3
772
776.8
773.9
778.3
767
764.6
761.3
758.6
761.7
758.6
764.3
753
751.1
771.7
765.8
763.7
765.7
768.7
764.5
764.5
761.7
754.3
755.8
758.3
747.9
753.2
747.6
749
749
758.4
761.9
758.8
766.2
754.9
763
750.4
750.9
745.5
747.3
753.2
746.5
747.5
748.2
752.1
744.8
747.5
753.8
750.6
759.9
762
751.5
746.7
752.6
743.5
745.3
748.4
742.5
746.4
745.4
748
745.4
747.1
747.2
751.2
747.8
743.8
743.3
742.2
739.8
738.4
742.1
733.3
733.7
739
737.1
741.9
748.8
748
745.6
738.1
737.4
742.8
730.3
732.3
725.7
731.1
728.1
730
733.9
740.3
737.1
728
736
735.2
734.9
732.8
727.5
725.5
727.4
731.8
728.4
725.1
721
731
727.1
730.9
732.9
734.6
733.4
729.7
731.5
725.8
729.5
728.4
729.9
727.2
721.9
725.3
725
726.3
735
730.3
733.1
735.1
731.2
727.2
727
723
725.4
723.3
722.1
721.8
724.6
723.9
730.1
724.9
735.4
731.6
731.7
726.9
724.4
723.3
722.4
715.6
722.4
714.8
712.5
717.7
714.8
724.4
723.4
724.2
723.4
725
735.2
721.9
714.7
710.2
713.6
711.1
711.2
711.4
709.8
714.6
715.6
716.2
718
720.6
717.9
718.2
722.2
707.5
708.5
708.8
701.8
702.3
709.4
705.4
706.7
709.9
713.7
714.9
720.4
718
717.5
726
703.1
709.4
707.7
707.2
704.3
701.7
707.3
696.4
709.6
709.8
719.4
713.5
713.5
708.9
706.1
707.7
701.1
700.4
705.6
699
699.2
698.2
705.6
706
709
700.9
706.5
702.3
704.1
702.1
697.3
699.3
696.9
695.8
698.1
695.2
696.9
699.2
700
703
705.1
689.9
703.2
698
696.3
700.4
686.9
696.2
692.9
694.9
697.6
692.7
696.7
699.6
700.8
705.9
698.1
705.9
697.8
696
692
694.3
688.4
686.4
690.6
684.7
691.6
693.3
696.1
698.7
696.9
696.7
694.3
692.9
686.1
685.8
683.4
681.2
685.5
684.8
686.1
685.6
691
687
693.9
699.2
694.7
692.5
686.6
686.8
683.1
685.4
681.1
684.7
686.1
679.9
676.8
679.3
691.9
687.7
692.2
685.2
691.9
689.5
682.3
683
675.6
680.5
676.7
679.3
683.1
680
687.8
685.8
688
686.2
687.6
684.7
684.8
679.9
679.9
677.6
676.4
666.7
678.2
682.5
677.9
682.4
685.8
679.5
684
683.4
680.1
677.5
679.4
678.7
673.8
677.9
671
670.3
675.5
678.3
679.9
680.9
685.8
679.7
683.4
680.3
681.2
676.9
673.3
669.2
670.9
674.4
665.4
674.9
677.9
672.1
681.4
681.9
681.1
678
672.5
668.6
667.8
666.3
664.2
666.1
668.1
671.5
670.1
669.7
672.7
674.8
675.4
680.4
674.2
673.5
671.9
665.7
668
667
663.3
667.1
663.3
671.9
679.4
673.9
677.9
678.5
679.5
680.9
675.9
670.6
674.1
668.5
662.2
664.8
668.4
668.3
667.8
670.6
670.2
670.7
676
680
674.4
670.8
665.6
662.1
669.1
665.7
664.2
662.3
661.4
665.3
670.3
671.9
671.3
671.4
673.5
670.6
677.2
672.7
668
665.2
666.7
658.7
659.6
660.9
657.4
665.3
670.5
671.9
671.4
666.3
670.7
667.2
666.5
665.2
663.1
658.4
665.4
655.7
654.9
658.9
658.6
660.4
673
667.6
666.9
665.4
670.7
659.4
658
653.1
660.9
664.5
658.4
655.6
653
659.9
664.8
660.7
663.1
662.5
660.7
662.4
661
657.4
655.7
658.1
650.3
651.8
652.5
651.6
663.5
655.6
656.9
664.4
662
667.5
655.8
656.1
652.5
657.9
648.7
648.1
649.5
647.5
643.7
652
653.5
661.8
660.3
659.6
656.9
659.3
653.7
657.4
650.6
651.4
651.3
648.7
648
652.4
653.7
655.4
660.7
664.5
659.2
656.2
661.1
653.6
651.8
637.9
650.1
646.8
651.6
646.9
650.3
643.6
650.9
655.7
660.3
657.6
657.4
657.9
649.6
650.9
650.4
635.4
640.5
641.3
638.8
644
645.6
646
652.1
651.1
641.1
654.5
640.6
637.5
636.3
638.4
639
639
633.1
641.7
644.6
643.6
642.7
648.7
646.6
645.2
654.6
645.7
639.6
638.3
638.3
633.4
638.7
637
635.6
637.5
642.9
644.7
644.4
649.1
641.6
643.3
636.5
649.2
630.5
633
634.2
632.8
632.5
629.4
638.8
635.8
639.9
638.6
639.8
643.9
641.2
639.5
632.4
632
638.3
634.4
629
631.2
632.3
629.2
635.3
633.6
638.6
641
643.2
636.7
638
632.1
625.3
625.9
629.8
628.8
629.5
632.2
628.9
632.9
630.1
636.1
639
638.2
640.3
634.5
628.9
630.6
630.1
628.1
629.4
626.6
624.7
626.2
632.2
643
636.6
645
637.3
636.1
633.3
624.3
629.9
625.9
622.1
622.2
624.5
624
628.9
627.3
627.6
633.3
634.5
628.6
638.6
632.2
625.4
624.1
622.2
620.5
630.7
620.9
631.1
621.8
622.4
629.4
635.8
635.7
632.7
632.3
626.7
623.4
622.5
627
627.4
623.4
619
623.1
626.5
626.3
630.3
622.4
624.3
631.1
635.6
629.5
631.9
625.8
623.7
627.6
622.7
625.7
624.8
624.1
626.4
627
627.5
631.5
631.9
631.9
628.2
629.3
624.9
619.8
622.7
616.1
621.6
612.8
624.9
614.5
621.2
623.8
624.7
627.5
626.9
628.7
624.7
624.1
623.3
621.8
616.1
619.9
617.6
614.8
621.3
622.5
626.3
630.3
622
632.4
626.5
620.9
622.3
619.2
622.3
615.7
617.4
614.8
615.8
617.5
624.4
622.9
627.2
624.1
627.7
623.7
620.9
617.1
614.9
616.8
619.6
608.7
615.4
613.3
621.3
622.6
620.4
625.4
628.7
626.5
623.9
612.9
620.4
617.8
611.3
610.2
619.6
612.3
613.4
619.3
620.4
626.2
620.9
624.8
620.5
624.6
620.4
615.1
615.2
611.5
611.8
609.5
606
613
618.7
615.7
615.2
614.3
619.8
621.7
620.6
613
607.3
611.3
610.3
607.8
607.3
614.2
610.9
613.7
613.2
617.2
621.4
622.4
622.7
619.3
614.5
609.9
609
612.5
609.5
611.6
610.9
609.8
612
609.3
617.9
614.6
615.4
610.1
609.8
614.2
608
608.9
607
609.2
607.2
610.2
601.2
609.7
612.4
614
619.3
616.9
611.8
611.8
609.8
607.9
611
603.8
609
598.8
603
599.8
610.7
613.4
613.6
614.7
617.4
614.8
610.3
607.5
607.7
602.8
598.2
600.9
598.2
600.3
603.8
604.2
605.9
613.2
614.4
610.2
609.6
605.9
607.1
595.9
603.3
597.4
600.1
598.4
599.1
597.7
602.2
604.8
608.7
607.2
607.9
612.8
609.7
606.9
603.9
598.6
599.4
599.3
596.6
595.6
598.4
597
598.6
609.2
608.1
597.9
602.5
609.4
598.5
596.9
594.6
594.9
593.8
599
592.8
600.6
600.6
603.9
605.1
602
607.8
612.5
599.7
601.2
599.2
595.2
596.7
591.4
596.7
593.6
596
601.6
599.7
603.8
603
603
604.9
604.4
603.5
593.5
592.8
594.1
581.5
589.6
595.7
600.4
598
598
598.7
598.1
602.2
603.5
601.7
594.8
600.1
604.4
599.3
602.4
597.9
598.7
595.1
596.4
602.7
601.5
603.5
602.7
596.5
600.4
597.8
596
590
596.6
599.7
592.7
595.7
596.9
594.7
604
601
609.5
601.5
600.1
600.8
599.8
591.7
589.4
587.9
590.4
600.7
594.8
597.2
609.9
597.9
605.1
606.8
596.9
600
610.4
600.7
594.8
594.7
597.3
595.7
595.9
594
594.8
599.4
611.9
601
606.8
605.3
599.5
596.9
591.8
599.4
598.3
595.3
593.1
590
600.5
596.3
600.5
607.6
590.4
601.5
603.6
603.7
596.5
595.4
594.1
589.1
596.1
593.5
591.1
597.1
591.1
590.8
597.6
594.9
595.9
599.1
595.4
589.8
600
599.5
594.7
592.8
592.1
598
597.3
592.3
596.3
599.5
600.3
597.8
597.8
592.7
598.6
590.6
595.6
593.6
594.5
585.1
602.5
600.3
596.8
601.2
599.6
605.6
599.3
599.5
599.5
589.4
593.4
591.8
592.7
590.9
588.9
590.4
591.9
592.9
599
597.9
598.7
599.4
598.8
595.4
592
595.9
590.5
589.3
592
587.4
587.5
581.2
595
599.4
599.9
600.8
598.9
599.3
591.8
590.7
593.8
591.1
595.1
587
588.5
592.9
595.2
598
595.9
599.2
599.3
603.2
592.8
598.9
592
594.7
587.8
586
585.9
592.9
592.1
590.9
592.8
595.4
592.8
594.6
599.5
592.4
594.6
587.3
589.8
589.5
586.5
583.7
584.6
584.9
585.9
592.4
591.1
595.6
595.2
593.9
594.8
591.9
586.6
584.9
590.5
582.2
583.6
579.5
587.4
584.2
585.3
588.5
590.4
594.8
595.1
591.8
588.2
588.9
583.6
584
582.6
584.9
580.8
588.4
592
584.4
593.5
591.6
595.9
594
597.5
596.5
587.1
588.7
585.6
590.8
587.9
582.9
584
596.6
589.9
586.2
591.7
593.3
595.2
597.2
591.8
586.5
589.3
589.8
585
581.5
586.8
586.7
590.1
589.9
589.5
586.2
591.6
590.9
595.1
586.9
586
584.5
587.1
583.1
577.5
582.7
590.6
578.4
584.8
595.8
588.6
598
593.1
595
596.9
587.1
587.6
584.4
582.8
583
582.4
585.1
579.2
589.2
588.6
587.3
593
592.6
586.5
593.7
587.7
591.2
580.3
577.6
583.6
582.2
577
585
584.1
591.7
581.8
590.4
591.4
597
589
584.6
589
581
586
585.9
579.2
584.3
579.3
581.1
586.8
587.5
591.2
591.7
591.5
587.3
579.2
573.9
585.9
581.7
576.8
577.7
581.7
578.1
580.2
581.2
586.2
594.6
588.9
584.4
586.2
581.8
580.3
574.2
579.1
576.6
580.8
582.1
576.2
585.1
586.5
581.2
588.2
592.7
591.1
586.9
586.2
574.6
579.4
578.6
570.1
572.8
586.8
581.8
583.9
586.7
585.5
587.6
594.1
580.4
585
583.9
574.1
577.8
572.6
577.8
576.6
574.9
576.6
579.1
581.2
584.6
584.6
585.8
583.4
580.8
582.1
582.1
576.7
578
570.9
572.8
571.7
578.3
574.4
579.5
583.3
582.2
582.7
580.1
579.5
582.7
575.5
575.4
576.9
571.8
569.4
576.9
573.6
575.2
578.6
578.7
586.7
579.9
587.3
576.7
573.1
576.7
566.7
574.6
567.7
573.7
576.8
571.7
577.6
583.7
580.6
584.4
579.1
583.2
581.2
576.2
570.4
572.5
572.7
564.2
572.8
574.7
578.9
582.6
584.7
587.1
583.8
578.8
582.4
577.9
572.6
575.5
566.6
569.2
572.5
563.5
574.1
578.6
577.5
581.8
575.4
587
580.7
576.3
580.7
575.2
574.8
578.5
572.9
570.5
567.3
570.6
573.1
574.2
577.2
577.1
578
577
576.7
574.9
573
575
570.4
572.8
561.8
568.4
567.6
566.5
572.7
580.1
574.1
570.9
573.4
578.7
568
569.1
571.8
569.6
565.9
563.7
564.9
566.4
576.1
580.2
578.5
580
577.9
581.4
576.6
575
570.3
570.2
566.8
568.3
569.2
563.2
563.6
569.3
570.5
574
579.2
577.5
569.2
572.2
572.7
571
575.3
570.3
569.8
566.7
570.1
567.8
571.5
572.3
580.3
573.8
573.4
574
572.4
567.5
567.3
565
559.5
561.6
564.7
559.6
566
563.3
571.5
568.3
575
572.5
566.9
572.3
572.7
568.8
567.1
563.2
569.9
558.4
565.8
565.6
566.1
564.5
574.8
572.8
571.2
576.7
572.4
566.7
571.8
561.5
564
558.9
562.5
561.9
562.9
561.5
565.3
564.7
571.5
570.2
568.3
571.5
569.8
562
564
561.8
565
559.8
562.6
559.1
563.7
563.7
572.7
563.1
570.4
570.8
568.6
567.7
566.6
567.4
561.7
557.8
562.8
571.4
554.2
568.8
571.6
572.9
576.4
569.3
569
571.2
566.2
567.5
559.3
573.7
569.8
568.4
565.7
569.9
569.4
574.1
569.4
576.4
573.8
578.7
572.1
566.7
569.1
565.1
565
567.4
562.4
561.3
564.5
574
569.4
571.2
575.8
573.4
574.3
575.2
573.7
566.8
569.3
562.9
563.6
564.7
564.7
563.4
565.5
565
572.4
575.5
570.7
564.4
568.6
564.7
571.4
562.3
565.5
562.3
562.6
561.9
566
571.4
564.9
580
569.8
569.8
575.8
571.4
573.4
570.7
565.3
571.7
567.2
563.8
564.1
566.7
562.3
561.2
565.1
568.6
577
569.5
576.1
572.7
571.1
568
561.6
556.4
564.8
562.9
561
562.9
564.3
564.4
572.4
570
574.7
574.2
570.5
569.9
563.4
565.3
557
558.4
560.8
559.8
567.3
562.9
559.5
569.6
572.3
568.5
571.2
572.8
569
568.4
565.3
563.2
563.1
558.2
566
559.4
562.9
571
569.9
567.2
567.4
569.3
566.5
560.5
569.5
561.8
562.9
560.4
558.7
557.5
560.5
557
561.8
567.7
566.1
574
569.2
569.7
570.8
566.7
558
551.7
558.6
556.1
549.5
558.4
560.2
559.5
558.5
566.2
568.3
563
566.7
563.1
571.7
565
559.5
560
558.5
559.6
558.4
559.2
561.1
559
567.6
564.5
567.8
567.8
566.4
548.6
560.6
556.4
556.2
555.1
557
558.5
563.2
561.1
566
571.7
568.8
566.4
572.3
564.4
558.7
561.1
559.4
556.3
552.2
558.8
556.5
560.7
565.1
563
564.6
572.3
563.9
565.4
561.1
557.4
546.7
553.7
560.2
557.1
557.3
551.4
553.9
555.8
560
565.5
566.5
559.2
566.2
557.3
556.9
550.7
561
553.9
547.9
557.2
555.2
546.4
554.5
556.9
564.4
563.4
564.4
567.1
558.5
564.3
553.5
552.5
555.2
547.7
553.8
555.4
559.5
559.9
574.2
563
562.4
563.9
561.7
553
556.4
559.2
558.7
556.3
548.6
555.4
551.4
548.3
553.6
561
558.7
568.2
562.6
556.6
564
549.8
551.7
547
550.3
550.8
545.6
551.3
549.9
546.5
559.8
558
562.6
561.2
558.6
555.6
555.8
548.5
550.7
550
549.2
546.9
547.5
555
558.3
560.9
559.9
561.5
562.2
559.4
560.8
557.2
552.3
549.2
549.5
541.7
555.4
549.8
554.8
554.4
556.8
558
554.5
564.1
560.6
559.3
552.3
552
550
551.2
555.2
548.7
549.5
556.5
567.4
558.1
559
560.4
555.9
559.6
556.1
556.7
544.9
553.3
548.9
546.4
548.9
546.9
548.6
554.8
555.1
560.1
558.6
554.4
558.2
554.3
552.3
547.2
549.3
545.7
541.4
545.5
548.4
549.2
554.6
557.3
557.3
553.7
552.5
551.5
548.1
550
552.8
551.5
544.4
546.6
544.1
548.2
552.9
556.1
557.6
555.1
554.1
552.5
550.8
552.3
551.5
542.1
550.7
554.3
541.1
538.3
546.1
549.2
552.2
555.1
559.9
549.5
558.9
559.1
548.7
548.5
547.4
544.7
544.2
542.5
540.1
544.3
548.1
554.6
555.9
552.8
551.3
553.9
558
550.3
541.8
542
545.2
544.2
544.9
544.6
542.8
548
548.7
558.1
555.4
554.1
553.4
550.8
546.7
551.5
544.4
547.9
545.2
546.9
544.7
541.3
554
553.6
553
551.9
546.9
552.3
552.5
550
547.9
546.4
541.8
541.2
545.7
546.2
551.1
553.9
555.4
555.7
553.4
551.7
550.6
549.8
548.7
545.1
544.2
542.8
542.5
544.1
547.1
549.7
553.3
553.8
554.3
550.6
554.8
551.3
544.8
549.7
543.5
542.5
543
542.3
539.9
535.5
546.2
548.7
548
556
545.9
550
549.2
549.2
541.4
540.6
536.8
541.4
543.8
540.6
545.4
546.9
543.7
553.1
550.3
556.9
551.2
551.8
548.3
540.1
543.6
541.9
540.1
544.4
540.2
536
544.6
545.3
546.4
542.2
549.6
550.9
547.2
545.4
543.9
535.9
539.6
539.2
539.1
533.2
542.2
540.7
539.9
546.4
547.7
551.3
546.3
553.5
540.9
541.9
542.7
532.7
541.9
541.5
549.6
547.2
537.8
542.2
544.4
554.2
548.8
547.8
549.4
546.3
542.1
548.6
537.2
536.1
534.3
540.8
534
538.5
537.6
548.6
549.4
553
549.2
550.9
546.1
543.4
547.4
535.6
538.2
541.9
534.5
532.6
537.3
535.3
542
537.3
549.1
547.8
553.2
547.4
547.2
541.4
537.5
535.1
536
536.6
538.7
543.6
537.6
539.1
546.2
544.6
548.6
543.2
541.1
536.4
546.9
538.2
536.7
538.5
536.3
541.5
538.1
538.7
542.5
550.4
543.9
545.6
549.2
540.1
535.1
536.2
534.8
534.2
538.4
526.8
536.4
536.6
539
539.4
547.5
546.1
548.1
543.2
545.3
542.8
530.4
538.3
534.8
529.1
532.4
535.1
545.4
537.8
541.6
546.7
547.6
550.7
546.5
538.8
538.1
539.8
534.1
536.3
537.1
531.9
537.2
541.4
541.4
544.8
545.1
544.9
541
540.5
539.9
537.3
534.8
534.5
534
530.5
537
535.8
539.9
546.9
542.3
541
547.7
540.1
539.3
543.8
530.4
533.7
534.3
537.1
538.5
534.8
543
542.3
538.7
536.9
540.6
542.9
542.6
551.1
541
537.6
532.1
533.6
529
532.5
537.5
534.6
532.7
539
545.7
544.2
550.5
548.3
541.4
543.6
536.3
527.9
531.6
532.5
531.1
531.8
537.8
536.1
540.1
540.9
543.7
540.6
541.6
541
545
529
534.6
533.9
531.2
536.3
534.1
528.2
544.4
541.1
540.2
545.4
544.6
545.6
538.1
548.3
537
542
531.5
539.5
530.6
530.7
534.8
538.4
534.6
536.5
536.8
543.2
544.5
541.5
533.1
539.7
543.5
531
539.1
533.7
534.5
538.8
538.9
541.2
542.1
543.1
536.9
548.5
538.1
536.8
525
531.6
533.6
530.1
535.2
539.5
533.7
538.7
542.8
543.3
544.1
541.9
540.1
544.9
540.1
534.7
536
533.1
533
533.7
533.2
532.1
532.2
544.4
538
543.2
542.3
545
538.7
541.7
542.2
538
540.7
538
533.7
544.6
544.6
539
538.3
537.4
541.7
538.8
545.5
539.1
536.9
541.1
533
536
531.5
531.3
532.7
530.7
526.6
545.7
540
544.5
545.1
544
537.6
541.9
536.3
529.2
532
533.1
528.5
528.1
534.6
530.2
533.6
540.6
536.5
542.8
538.7
544.2
537.7
538.3
535.3
530.2
535.5
533.2
532.9
527.5
535.8
539.2
534.2
543
538.9
550.4
544
533.6
537.9
536.8
528.7
529
534
526.4
529
536.6
529.1
536.1
538.7
542.2
543.4
541.2
537.4
539.4
531.5
535.2
548
534.2
536.7
536.1
537
530.2
538.2
542.6
544.4
548.3
543.8
536.8
538.4
533
525.3
529.9
532.2
532.3
535.9
536
538.4
536.8
539.1
541.9
544.9
543.3
537.5
535.5
528.9
527
535.9
526.4
533.5
536
538.5
536.2
532.2
542.5
536.9
541.3
536.2
532.8
530.4
530
535
527.1
527.2
533.5
531.6
537.5
533.9
540
541.2
543.7
539
534
537
541.1
534.7
534.5
528.3
530.5
531.7
528
533.8
539.3
535.6
538.3
546.5
540.7
534.5
532.7
536.1
532
535.5
528.7
529.5
528.7
533.4
536.8
545.3
535.5
540.4
542.5
537.1
539.8
533.4
537
531.5
530.5
529
519.2
529.7
532.7
532
535
535.5
537
541.9
538.4
536.2
535.2
534.2
527.7
526.9
531.6
521.6
529.9
531.2
533.4
537.2
532.9
539.5
530.2
540.3
541.7
535.2
538.3
527.4
533.5
532.1
527.6
525.6
532
527.8
537.3
536.8
536.4
536.5
537.4
532
537.3
533.4
533.7
534.3
537.5
532.2
531
528.7
527.5
527.7
534.7
536.2
538.3
540.1
537.9
529.4
530.6
523.8
520.5
530.8
527
529.4
529.7
526.3
533.8
535.4
539.2
536.3
534.8
533.7
542.1
528.7
528.7
529.5
523.3
526.9
526
526.2
527.8
530.8
537.7
535.7
535.1
530.5
534
529.9
534.8
527.2
532.5
525.5
524
529.7
523.2
530.2
534.2
535.4
538.2
541.9
532.1
539.7
532.5
536.5
528.3
524
522.6
529.5
521.3
526
532.7
535.7
530.9
529.2
540.2
534.9
536.2
530.2
531.9
522.8
526.4
535.3
532.7
531.6
529.6
527.6
534
533.5
538
538.9
536
535.2
530.2
533.7
528.1
528
524.1
529.2
519.4
520.4
527.5
528.9
532.4
536.1
538.5
541.7
538.5
533.2
528.7
537.6
526.2
527.2
528.6
528.5
524.2
531.1
529.2
536.2
538
539.7
536.2
536.2
533.4
531.7
529.5
533.7
526.2
526
525
527.7
526.7
534.8
534.2
536.7
536.4
538.4
537.3
536.7
531.2
529
532
533.1
527.3
526.7
530.5
528.8
527
531.5
535.2
535.6
540
535.7
536.1
528
535.9
528.2
522.5
526.1
528.9
528.9
526.3
525.3
532.5
532.4
537.7
536.9
539.3
536.4
530.5
526.5
532.5
528
522.7
517.1
520.8
525.7
531.2
530.5
540.2
542.3
534.5
533.1
533.2
536.2
530.9
532.6
526.3
534.5
523.3
525.6
528.9
527
535.2
537.9
536.5
535.5
537.5
536.5
521.8
536
530.9
524.2
530.6
522.5
523.5
522.1
524.7
533.8
532.1
531.7
530.7
537.9
537.7
529.7
526.3
535.7
529.2
522.9
528.7
527.8
523.4
525.4
535.7
535.3
537.7
544
535.2
538.4
530.9
536.9
528.5
528.9
526.1
526.2
526.2
523
527.8
530.4
532.9
540.4
537.4
536.1
534
532.4
529.7
532.7
528
528.2
528
523.3
524.4
526.1
532.6
532.7
536.1
536.8
539.2
536.9
527.9
532.5
532.8
524
522.6
530
523.6
521.8
526.7
532.2
530.8
535.2
539.8
532.4
530.9
527.3
531.7
528.5
526.8
519.7
526.9
523.3
524.3
528
528.3
531.4
537.7
536.2
538.7
534.2
525.3
526.7
526.2
528.3
527.2
525.9
526.8
523.4
528.8
531.2
530.8
535.5
543
542.8
539.2
537.7
529.6
528.8
532.2
524.6
523.4
522.1
519.6
520.8
525.2
525.4
534
529.8
536.9
531.5
524.8
528.8
536
528.8
525.4
523.7
528.3
523.1
530.2
527.9
540.2
539.2
535.4
534.7
531.9
540.6
533.6
522
524.8
531.5
530.1
530.8
525
530.4
530
534.2
539.5
536
536.8
537.5
536.4
532
518.6
521.8
524.4
532.4
530
526.1
534.9
536
535.7
537.7
533.1
534.8
540.7
531.7
529.2
528
528.1
530.1
524.9
526.5
525.4
530.8
532.7
535.2
532.1
530.2
532.1
535.4
529.2
528.5
524.8
526.8
531
524.2
528.3
523.4
536.5
532.1
537.7
534.5
538.8
531.1
533.4
531.4
533.7
530
521.6
528.5
525.7
530.5
528.5
526.8
533.5
533
536
542
538.2
534.5
533.9
536
528.9
530.5
523.4
528.2
529.5
531
525.2
533.4
532.9
533.1
538
532.8
535.2
530.8
527.4
533.1
526.2
531.7
521.4
528.3
529.3
531.1
532.6
535.5
537.7
534.6
532.7
535.5
537.4
528.7
529.6
524.8
528.7
527.7
529.5
530.9
526.5
536
538.2
532.3
534.5
540.1
540.5
533.3
530
528.1
529.2
531
527.8
528.7
523.5
531.2
537.5
545
534
542.4
545.4
534.2
540
530.9
526.3
528.1
526.8
532.9
527.5
526.7
532.1
534
534.6
543.7
542.5
541.7
535.2
538.3
534.5
529.3
528.8
527.3
525
529.8
530.7
531.7
539.8
535
534
541.7
558.6
533.2
534.2
543.5
531.2
527
533.1
536.2
527.8
531.7
531.2
530.9
537.7
541.2
537.6
536.1
538.5
533.3
533.7
526.1
529.8
524.7
529.2
530.2
529.3
534.7
534.5
542.1
541.2
538.2
534.2
536
534.9
540.7
530.8
532.2
528.8
533.7
530.5
534
533.7
533.2
537
542.6
537
534.4
537.9
534.2
529.8
536.1
525.6
531
525.2
531.4
532.2
532.2
540.2
537.5
544.7
541.6
536.7
536.1
534.7
535.4
533.8
529.5
532.2
523.8
531.1
525.3
537.5
534.7
544.7
543
535.6
539.8
538
535.3
528
525.2
531.6
525.3
521.6
525.9
525.1
537.4
531.8
541.6
539
540.9
541.3
537.9
537.7
531.2
528
528.2
534.8
527.8
532.6
533
537.2
523.1
545.5
537.8
528.3
534.6
534.7
539.4
531.3
530.7
528.5
530.4
527.8
530.7
530.8
534.2
538
535.8
538.1
538
538.6
538.3
538.6
533.1
523.4
527.2
525.4
527.8
534.9
534.4
535.5
535.6
540.2
539.6
543.5
530.7
536
531.4
526.7
533.7
531.7
528.9
534.7
530.7
538.2
536.7
541
543.4
535.6
542
535.5
533.2
536.7
533.2
532.2
527.9
524.2
532
526.5
526.8
532.9
534.2
537.2
541.3
541.8
538.8
536.7
534.7
535.4
536.9
529.4
532.2
528.3
527.2
530.8
534.6
538.7
541.7
537.4
534.2
541.7
539.1
537.5
535.9
528.7
524.3
529.3
529.7
533.4
533.5
531.1
542.5
541.7
538.1
539
538
533.5
536.7
531.5
535.8
528.8
532.6
530.9
523.6
530.5
540.2
539
536.4
540.2
535.4
536.5
536.6
538.7
531.7
532.2
527.2
530.2
528.4
524.8
532.6
533.7
537.1
542.5
539.5
539.7
539.2
544
535.2
532
533.7
530.1
532.7
528.8
534.5
535.3
535
537
542.6
537.7
540.7
545.1
536.7
535.7
532
530.2
531.5
528.6
530.5
528
534.9
535.8
536.9
539.2
540.9
542.6
539.2
532.9
536.2
538.4
531
533.8
534.6
528.5
542.1
529.4
530.5
536.5
541.4
542.8
550.2
543.2
540.2
532.7
532
535.1
528
529.5
530.1
527.1
533.4
536.1
542.8
537
545.6
543.3
545.5
537.1
535.1
526.5
532.4
535.5
529.5
532.1
529
530.6
533.7
536.1
538.2
544.3
545.2
539.5
539.2
535.4
530.9
540.6
525.8
529.7
531.6
533.7
537.7
541.5
539.5
539.4
543
547.5
537.7
539.2
532.8
533
532.3
532.6
524.6
527
535.7
537.5
544.2
543
546.7
545.2
542.6
541.4
528
534
526.9
531.8
531.1
527.3
530.4
532.7
538.4
539.5
543.9
547.4
544.4
544.7
537.3
539.1
528.9
528.5
529.6
524.5
530
523.1
532.6
548.8
543.5
534.2
542.9
537.9
541.3
536.6
536.2
534.7
531.3
527.9
535.1
531.9
533.5
530.6
538.7
538
548.8
541.8
538.2
536.9
538.3
530.7
534
535.4
533.2
534.7
530.9
526.7
534.4
533.1
537.7
543.3
546.3
538
537.5
540.1
536.1
536.3
534
529.1
534.7
530.3
534.1
525.6
539.7
540
533.9
542.5
545.3
543.4
535.5
533.5
532.9
533.7
534.4
532.6
531.3
538.5
534.8
539.7
543.9
540.3
545.4
543.6
548
543.3
531
531.7
539.5
531.2
535.8
536.5
537
533.7
540.3
545.2
536.5
539.2
545.3
540
537.9
534.5
539.3
530
533.1
535.5
532.4
534.4
539.2
528.8
539.2
539.2
541.8
543.5
540.5
533.3
541.9
533.5
536.6
535.5
534.1
531.1
536
538.6
536.9
543
540.5
538.7
544.8
540
544.1
530.2
535.1
540.5
536.3
531.7
538.7
538.9
539.4
540
546
545.2
545
540.5
540.3
537
536
537
534.5
538.2
531.6
532.7
536.5
539.3
542.7
544.1
540.9
545.5
545.5
542.8
541.3
530.7
540.9
536.2
534.9
530.3
536.2
532.5
538.5
543.7
542.5
548
545.3
537.3
541.7
545.8
537.7
539.1
529.3
530.4
532.2
533
532.4
534.9
541.9
544.5
543.5
545.8
544.5
542.3
543
542.5
536.3
538.7
539.2
531
532.5
534.5
535.5
537.3
544.9
543.5
544.2
542.8
548.2
537.5
532.7
534.8
536.7
536.5
533.5
529.5
536.3
540.5
538.4
540.8
546.5
547.5
547.2
547.3
542.8
540.5
543
536.1
541.7
542.1
537.4
536
543
543.3
539.1
547.1
546.3
548.5
541.8
539
539.4
539.6
536.9
538.2
528.2
537.4
543.8
537.5
537
541.4
541.5
548.6
544.9
545.1
545.3
539.1
532.3
534.2
535.7
536.9
539.4
534.7
537.1
533.2
540.8
545.3
536.7
543.6
547.6
537.9
540
539
535.7
539.6
537.2
534.1
534.6
533.7
537.8
539.4
546.1
542.6
552.9
544.5
540.7
542.8
536.5
540.2
536.4
540.5
537.9
537.1
548.1
544.8
545.6
552.1
541.9
544.8
543.1
545.4
543.6
541.6
543.9
541.3
539.2
536
538.7
541.5
543.4
553
543.5
547
548.6
543.8
543.5
542.6
535.6
536.4
533.1
537.8
546.6
538.7
548.2
541.8
548.5
552.2
554.8
548.3
547.2
548.2
549.9
546.8
534.6
544.6
535.8
544.5
541
536
550.4
542.9
546.4
551.9
549.6
550.3
542.5
544.1
537.5
536
543.2
536.2
539
540.5
542
543.6
544.4
544
549.7
552.3
544.5
549.4
531
538.4
541
540
540.2
543.1
537.3
546.4
551.2
550.1
554.8
553.8
557.2
557.7
545.6
550.8
544.7
540.6
538.6
538.7
543.4
543.4
545.3
548.9
550.7
552.3
553
543.2
555.8
546.4
551.7
542.1
544.3
547.1
527.1
548.4
542.6
545
554.5
552.2
552.8
552.8
553.7
550.5
552.1
541.8
545.6
542.5
533.1
541.5
540.6
541.8
547.1
543.1
553.7
552.3
554.5
555.3
553.9
554.5
553.8
544.9
545
540.6
538.4
538
543.3
548.5
552
553.2
546.9
550.9
556.4
551.8
549.5
549.7
546.7
548.5
539.5
540.4
553.8
542.3
543.7
543.4
554.6
553.5
551.6
551.8
555
552.5
547.5
547.1
542.6
547.4
549.2
547.6
540.8
551.3
551.2
551.1
552.3
557.6
554.8
549.5
551.2
550.2
548.7
540.3
543.7
538.4
546.6
544.9
546.4
553.2
552.3
555.3
553.3
550.7
556.4
546.3
540.6
546.1
550.5
550.9
535.1
545.2
541.9
548.9
549.7
549.1
556.1
556.6
555
554.5
552.4
547.4
541.9
547.2
547.2
547.4
543.8
545.7
549.9
550.2
552.7
553.7
554.6
554.3
553
555.4
548.2
549.3
545.2
555.2
546.7
547.5
550.4
549.7
553.7
549.6
554.7
554.4
556
552.1
561.6
552.6
545.9
544.2
549.2
541.4
549.5
546.6
548.1
551.3
557
558.3
556.5
554.6
550.3
546.7
542.3
547.5
542.6
547.4
542.2
541.1
548.4
548.4
555.2
554
559
559.9
555.5
550.8
549.4
551.8
543.5
543.8
542.9
547.7
545.1
550.2
554.1
552
552.5
563.5
557.6
550.3
554.8
547.6
547.5
546.4
547.5
549.5
546.3
549.5
547.4
547.4
556.3
549.5
558.7
556.4
553.7
555.8
553.8
549.8
542.9
545.4
543.8
544.4
542.8
549.5
548
556.3
555.5
552.9
558.8
553.5
550.7
550.2
548.5
545.8
546.2
546
545.4
551
545.7
528.3
558.9
548.4
557.3
554.4
556.4
553.5
547.2
548.2
549.9
549.3
546.6
550.4
544.3
551.2
551
549.3
551.6
558.1
556.6
557.1
549.1
556.6
552
549.4
546.6
548.1
544.4
553.1
546.7
555.6
548.6
555.8
554.2
558.3
555.8
555.3
555
550
548.1
542.1
545.1
547.9
547.7
550.1
548.3
552
553.2
549.7
558.3
554.4
552
554.3
543.9
546.4
548.4
545.9
550
542
548.3
552
548.4
556.1
560.4
557
552
553.3
548.5
545
547.8
544.4
547.8
547.4
542
546.8
551.1
551.5
551.9
553.1
552.5
555.7
554.6
555.5
549.7
546.8
548.2
549.9
545.9
546.1
550
549.7
551.9
553.3
551.7
547.9
553.3
549.2
547.8
548.7
546.1
541.2
545.2
542.8
542.2
546.7
549.2
549.8
556.9
558.6
559
552.2
554.1
546.5
550.3
545.7
554.3
552.6
548
553.4
549.6
551.3
555.1
559
558.2
559.8
554.9
555.8
548.8
550.4
544.2
544.7
543.5
550.3
557.3
551.4
559
552.3
556
559.3
551.6
561.3
558
550
551.2
549.3
548.7
543
546.8
546
546.5
549.6
548.9
561.4
557.9
560.2
553.8
553.9
549.1
549.5
550.9
549.7
548.5
546.4
551.4
552
545.2
551.9
558.2
559.2
558.9
554.3
556.3
553.1
547.9
550.7
548.3
540.2
548.3
548
560.2
556.3
561.9
556
562.5
554.8
558.7
553.3
547.2
546.6
547.6
552.8
549.7
557.7
550.3
562.3
555.7
558.7
565.7
564.9
561.8
555.2
554.3
552.8
557.5
548.7
553.8
552.8
550.9
553.1
547.1
560.1
559.8
566.2
562.2
558.9
558.2
567.5
549.9
553.1
548.6
555
556.9
551
553.5
552.6
558.9
557.4
558.6
563.4
567.9
560.1
563.9
560
562.8
557.2
551.7
551.1
547.8
549.8
557.5
557.8
562.8
565.9
565.8
563.4
564
561
558
553.6
562
559.5
550.1
555
557.2
554.3
556.1
566.5
560.4
564.6
569.6
565.5
562.6
564.5
557.7
556.6
548.6
555.7
550
558
552.3
555.4
556.7
568.4
567
564.6
563.1
560.3
559
552.3
558.8
552.4
552
559.1
555.7
561.1
558.1
567
559.2
564.7
565.1
568.2
565.6
551.2
561.3
555.6
556.1
557.2
558.6
558.5
559.5
565.2
558.7
563
564.4
560.2
566.8
562.6
562.1
559.4
552
556.3
553.9
549.5
541.9
557.1
564.6
560
562.3
570.9
565.5
568
561.8
560
561
554.6
558.2
557.4
553.4
553.6
556.2
561.4
560.8
562.9
569.2
568.9
564.1
566.2
566.2
562
563.2
563.5
561.4
556.9
553.4
560.3
561.1
565.5
566.4
567.7
565.2
565.7
563.1
561.3
559.4
560
553.4
557.2
561.7
556.4
550.6
562.1
563.4
564.2
567.5
568
569.8
569
564.8
560.3
556.9
559.5
552.8
554.6
561.1
557.7
564.1
566.8
564.9
567
574.9
570.7
563
562.1
565.3
559.3
561.7
554.3
561.6
558.2
559.6
565.6
564.4
563.2
571.5
568.1
567.8
566.1
560.8
558.7
554.4
555.5
559.6
559.8
560.5
557.7
558.1
554.6
564.3
564.4
567.6
564.3
555.4
561.1
564.3
559
557.8
555.8
554.1
556.3
561.1
564.7
564.7
566.5
569.6
571.5
561.2
562.6
562.9
559.4
556.9
559.6
557.1
560.4
559.2
560.1
562.4
569.1
569.4
569.5
570.9
568
566
559.4
564.2
557.1
558.6
558.4
558
564.4
563
563.2
563.2
567.8
566
570.2
562.1
563.4
568.1
562.5
556.8
560.3
555.9
556.7
563.2
562.6
564.6
563.9
575
567.1
571
565
560.5
563.6
561
559.5
554
556.7
555.9
559.3
562.3
567.3
569.3
568.5
569.6
569.7
564.5
561.5
556.5
559
558.5
561
559.7
558.4
564.7
565.7
567.8
570.9
569.9
568.5
564.8
557.2
554.7
562.7
560.6
560
560.6
562.7
563.4
565.3
559.6
565.2
571.2
568.3
568.3
567
562.1
563.4
560.3
558.7
560.3
558.6
556.7
562.1
561.4
567.6
570.4
570.9
566.4
570.3
562.9
563.9
563.6
562.2
559
558.2
557
558.2
559.6
565.1
569.5
563.4
568.1
570
569.5
565.2
569.2
566.3
557.4
561.7
562
559
563.8
560.7
564.2
569.1
567.2
572
564.4
568.1
569.1
564.7
561.6
563.7
561
557.9
557.6
571.1
567
569.6
566.2
573.1
579.6
579.5
576.4
575.3
569.9
571.2
564.1
570.4
565.4
563
566.5
568.2
570.1
574.4
578.3
573.4
573.8
573
561.5
570.5
566.5
573.6
562.3
559.4
562.2
565.5
569.3
563.9
570.8
572.5
575.1
571.8
570.6
567.8
565.7
559.5
560.8
560.8
569.1
567.3
563.7
565.7
567.2
572.9
569
577.8
568.1
570.6
566.1
562.3
563.8
559.7
567.5
573.7
559.7
564.7
569.3
573.3
573.5
577.4
578.8
571.4
576.5
577.1
572.7
568.3
571.1
567.3
567.1
566.3
569.6
569.5
573.6
568.6
575.9
575.5
579.1
572
575.7
579.7
570.4
562.3
569.3
569.4
564.3
569.9
565.4
570.3
574.7
579.3
578.6
578.5
575.5
576.1
566
570.9
570
564.5
566.8
570.7
568
566.4
570.2
575.6
575.6
574.6
573.1
577.5
571.5
570.4
566.3
573.5
560.4
569.6
566.2
564.4
568
575.1
570.8
575.1
577.5
576
567
571.1
572.5
565.7
563.2
569.2
564.6
568.7
564
567.7
575.7
573.1
579.4
574.3
576.7
573.1
575.8
569.5
569.1
564.7
565.1
564.4
567.4
571.7
568.4
572.3
576.7
580.7
577.2
578.4
572.7
576.4
572.4
569.1
573.1
561.8
567
562.9
569.8
571.5
575.1
578.6
575.7
576.6
577
574.9
572.2
569.3
569.4
566.6
564
567
567.5
561
570.8
568.9
576.2
577
581.6
576.7
568.6
569.3
570.6
561.8
568.5
564.6
566.1
570.4
568.4
569.6
572.8
573.4
574.9
578.8
574
573.6
577.2
566.3
569.1
569.4
566.1
566.3
568.3
571
569.1
567.2
579
577
573.5
577.4
579.3
573.3
569.1
571.4
567.7
570.9
569
567.5
564.4
569.6
577.4
575.3
575.2
576.7
583.6
573.4
572.7
574.7
569.1
568
567.5
566.3
568.6
565.2
569.6
571.7
576
582.3
581.2
573.7
573.6
574.4
568.7
573.5
565.2
569.1
565.8
566.2
566.1
569.8
571.7
580.9
578.9
575.2
576.7
573.8
568.9
571.2
571.5
564.1
565.5
569.8
563.3
565.7
567.5
568.2
576
577.1
571.3
580.7
573.1
571.6
567.8
567.6
570
566.5
566.2
566
569.3
566.3
576.2
582.3
581.7
577.9
576.4
575.1
567.9
572
569.2
568.9
568.3
569.9
568.6
569.9
573.8
576
574.5
579.9
578.2
579.2
576.5
566.9
567
571.7
566.3
567.2
569.1
574
572.7
558.7
578.4
579.4
578.1
576.9
576.5
574.6
573.2
566.7
573.1
573.1
573.2
570
576.4
577.6
580.1
576.3
579.4
573.6
574.1
576.5
579.3
576.6
568
570.6
573.4
578.7
566.1
574.3
567.8
578.8
585
577.5
583.8
578.5
572.8
575.4
574.5
572.4
572.4
570
572.5
575.3
575.1
578
572.3
580.7
580.9
586.8
579.9
583.9
574.3
554.8
576.3
573.6
574
572.3
572.1
577.4
577.8
580.5
583.6
585.6
584.4
