783.9
786.3
779.4
778.3
778.8
775.9
772
781.1
784.4
784.5
790.6
783.7
786.9
778.1
776.5
773
767.5
770.9
771.2
763
763.2
768
773.9
769.8
771.7
781.7
774.2
775.5
777.9
768.4
763.5
759
760.8
756.7
757.5
756.7
757.5
757.5
759.9
766.8
772.8
764.2
762.8
761.1
761.7
761.9
760.7
756.5
752.9
745.3
747.1
744.3
752.2
749.9
755.8
754.5
758.5
751.5
750.7
746.4
742.9
739.9
743.7
739.1
739.5
736.2
742.4
747.3
744.6
751.6
754.5
754.5
749.4
746.5
749.6
738.8
742
732.6
745.8
732.3
738.8
742.3
739.2
746
744
749
748
749
744.1
733.5
734.8
729
729.3
734.8
733
734.7
737.5
732.8
734
735.2
741.1
740.6
744.5
741.9
728.6
734.5
736.5
733.4
725.8
727.8
720.3
721.2
729.9
730.6
735.3
738.8
736
736.9
729.7
724.5
722.2
720.5
723.2
718.6
719.2
721.7
720
721.2
724.5
725.6
725.7
732.9
728.4
730.1
726.2
717.2
720.3
716.9
718.1
711.1
714.1
721.3
720.3
715.8
723.1
725
721.9
719.5
720.8
712.3
717
711.6
708.2
704.7
708.6
715.6
714.8
719.4
710.8
722.7
716.6
720.3
723.4
716.4
709.3
704
712.7
714.3
707.9
704.9
706.2
715.1
711.8
710.7
710.1
718.2
713.2
713.1
713.3
710.7
699.4
700.9
700.3
704
705
701.3
704.6
699.7
710.7
709.8
711.2
708.6
704.3
706.9
705.5
703
697.8
703
701.5
696.6
698.4
699
703.5
702.8
705.5
707.6
706.4
700.2
702.4
703
696.5
690.6
692
694.3
698
690.4
698
695.8
700.7
699.3
700.5
703.5
704.9
704.9
700
701.6
695
696.5
694.5
698.5
694.3
692.2
695.5
699.3
701.8
702.8
695.4
696.1
691.3
692.9
691.4
686.5
687.5
691.7
692.6
690.1
690.3
697
697.6
696.1
701.7
699.1
698.6
695.9
686.5
685.8
688.6
682.9
683.9
686.1
679.1
687.4
686.2
695.2
691.5
690.6
691.5
692.6
689
689.5
688.6
680.4
677.7
684.4
677.1
678.9
680.7
681.3
687.1
688.3
695.1
676.5
683
679.9
677.3
675.3
671.3
669.4
670.8
679.1
674.8
673.5
678.2
675.4
671.6
673
674.5
679.6
675.2
668.3
667.1
672.4
666.3
664.4
663
657.2
667.9
665.3
666.9
669.7
672.1
676.9
664.4
659.8
659.3
652.3
651.4
648.1
648.2
653.1
653.5
659
657.4
661.7
657.5
654.5
653
653.3
651.9
647.8
647
645.6
644.5
642.9
642.3
641.3
646.7
647.9
646.3
653
650.2
651.2
650.2
654.2
644.6
650.2
639.8
646.5
647.2
644
645
648.9
646.2
656.8
652.4
650.3
653.9
649.3
647.2
643.9
641.8
644.4
643.7
642.1
637.5
641.2
639.6
645.6
648.7
657.1
653.2
646.8
648.7
640.1
637.1
635.3
632.5
638.2
634
632.5
634.9
636
640
641.5
643.9
640.8
635.8
638.7
637
626.9
623.8
627.2
627.2
630.6
627.8
637.4
633.4
635.1
639.2
636.3
642.1
639.7
640.4
633.7
633.6
629.6
633.1
627.6
628.8
627.7
633.5
644
635.8
629.9
644
632.2
629
636.1
634
638.7
638.1
634.8
628.6
631.5
629.3
630.3
629.7
634.9
631.4
639.9
639.1
639.7
637.5
632.5
632
632.2
630.8
628.8
630.4
626.4
628
632.5
632
634.3
638.5
642.4
640.8
644.3
637.8
637.1
626.7
625.3
623.3
626.6
628.9
629
630.9
632.5
640.4
629.6
638.2
636.8
631.6
636.8
630.1
630.3
626.5
628.2
623.3
622.9
627.5
629.1
634.3
631.1
635.9
635
624.8
626.7
630.5
628.5
626.3
620.1
620.1
624
623
621.1
626.2
624.9
630.1
633.8
625.8
626.5
634.2
625.1
624
622.1
622.1
616.1
616.7
615.9
619.6
617.5
611.4
620.5
621.1
624.6
625.5
614.8
616.6
610.5
610.6
611.3
612.5
609.9
607.2
618
617.5
615.3
619.8
625
622
619.5
617.9
610.1
612.8
612.6
610.8
608.3
611.4
613.4
617.2
617.2
610.3
617.6
617.9
613.4
606.4
606.5
604.6
600.2
600.9
601
604.1
602
603.4
607.5
608.9
613.7
615.5
614.2
613.1
614.4
604.2
603.4
604.3
600.1
594.8
596.7
597.9
597.9
597.4
601.6
607.6
607.5
606.8
606.1
603.7
606.6
597.9
596.5
600.4
598.5
611.8
594.2
595.2
599.5
599.9
599.2
604.4
608.1
606.3
605.7
603.9
600.4
599.8
597.1
596.9
598
598.1
598.2
610.2
607.1
606
614.4
603.4
608.4
605.6
599.6
606.1
595.2
596.6
598
603.6
606.8
606.6
610
609.5
608.4
608.8
608
601.5
600.5
606.3
606.6
593.5
598.8
601.9
604
601.1
605.7
598.3
607
603.3
609.7
606.5
609.2
604.9
598.9
598.2
601.3
594
592.5
600.5
607.7
600.2
609.3
605.4
612.7
604.6
609.3
608.7
604.5
604.9
596.9
596.4
598.5
594.2
603
601
601
599.9
603.5
610.6
609.8
606.5
609.3
599.8
596.9
600.5
595.3
596.5
593.1
598.1
598.1
600.8
606.6
607
604.8
607.7
602.8
599.3
597.1
592.8
595.7
594
595
591.2
601.3
595.3
605.1
602.2
607.6
606
607.6
601.5
602.8
597.8
602.6
599.5
591.8
589.1
597.7
595.9
597.5
592.7
600
598.5
603.4
600.5
606.5
600
598.6
596.1
592.1
589.4
594
588.3
594
593.1
596.4
599.3
606.4
597.9
598.1
599
596.1
592.6
589.7
586.9
587.2
594.2
592.2
590.2
586.4
593.1
598.3
597.3
597.7
599.1
601.6
596.4
588.3
587.7
590.6
585.2
585.9
590.4
587.5
591.2
596.8
594.5
593.7
595.6
596.7
596.7
591.2
588.2
584.8
587.4
582.1
585.5
592.1
593.2
592.2
592.6
598.3
592.8
596.8
600
598.3
594.4
589.2
595.8
589.6
589.7
588.5
591.9
590.5
596.1
599.8
600.5
594.9
596.5
597
600.4
591.6
587.6
590
589.7
581
590.5
590.9
586.7
589.6
590.4
594
591.1
602
591.2
587.1
585.9
581
581.9
581.1
579.4
581.3
578.8
591.3
581.4
587.7
582.1
587.4
584.5
588.3
580.7
581.7
580.3
578.4
575.2
575.1
573.5
579.2
583.2
586
588.3
589.9
589.6
585.2
584.7
585.1
584.4
580.6
577.5
580.9
568.9
578.1
578.7
577.6
583.5
584.7
586.6
589.9
591.9
589.6
586.5
578.1
573.8
577.9
570.7
573.7
580.2
576.7
577.8
584.1
585.9
583.4
589.2
578.7
587.7
585.4
575.6
581.9
579
581.5
580.8
576.1
583.9
572.4
587
587.1
591.4
590.8
587.1
585.3
581.3
584.9
576.5
576.6
583.4
579.5
577.4
584.1
580.1
579.7
586.6
584.6
590.7
583
582.4
574.2
577.1
578.8
578.4
567.6
575.7
569
575.1
587.5
588.6
589
590.6
588.3
589.1
583.6
579.1
584.4
566.3
578.7
577.9
577.1
577.9
575.5
578.7
583.3
584.5
581.1
585.6
588.9
583.4
581.1
577.3
576.9
571.5
577.7
571.3
574.5
577.5
583
584
578.2
586.9
581.2
584
579.1
581.5
574.7
573.7
573.7
574
566.4
573
576.9
580
581.9
577
579.1
585.6
577.6
564.7
574.5
578.3
575.3
573.2
572.7
571.3
577.5
573.9
573.4
577.2
574.4
580.4
579.8
583.7
578.7
570.6
572.9
572.8
580.8
569.5
567.8
577.3
581.3
588.6
579.9
584.4
585.4
582.2
577.9
576.5
573.5
579.6
570.7
576.2
573.1
574.7
576.2
578.9
579.7
586
584.3
592.3
587.5
588.4
580.7
579.5
567.9
573.4
575.6
566.3
568.5
582.5
570.5
581.9
579.2
583.5
581.8
584.3
579.2
576.6
570.8
571.4
575.3
566.5
577.5
569.8
577.3
572.9
577.3
576.9
582.5
579.8
577.3
587.4
572.1
576
571
563.1
573.6
571.7
575.8
575.4
582.6
580.5
568.6
579.4
577.9
581.4
575.6
582
573
572.7
572.8
569.8
567.5
573.1
575.9
575.2
576.5
578.4
582.2
581.3
579
582.2
579.5
573.1
575
581.2
569.7
571.4
563.4
574.5
571.2
575
564.4
581.3
580.7
580.9
578.7
573.4
573
574.2
563.4
572.3
566.4
569.9
572.6
577.5
575.8
581
576.5
583.9
580
578.4
573.6
568.9
571.2
578
568.4
567.8
571.4
568.5
579.8
580.1
583.8
580.6
587.5
582.9
572.4
571.1
573.6
570.5
573.4
568.1
567
571.2
563.7
569.7
568.5
572.3
579.3
573.7
568
563.9
570
568.3
563.3
564.9
566.3
559.4
564.6
565.9
568.2
565.2
576
566.3
574.7
568.3
569.6
565.7
567.6
560
560.7
565.2
562.1
564.9
569.7
572.6
565.7
569.2
568.6
576.7
572.3
568.1
562.7
561.2
568
558.9
560.4
564.9
567
568.7
565.6
576.7
575
575.9
575.1
573.9
577.2
571.5
568.2
564.7
563.6
562.1
567.8
567.3
563.1
575.7
572.8
578.2
574.9
573.7
574.2
568.1
566.5
565.2
568.3
560.6
558.5
567.2
561.9
563.9
564.9
571.8
575.1
574.1
580
571.4
572.6
566.8
567.5
562.2
557.2
564.1
565.9
562.1
569.9
574.7
570.6
574.7
570.4
574.8
573.1
559.4
562.8
558.6
563.2
558.5
558.1
564.5
556.6
569.1
568.8
573.3
573.3
576.1
577.4
570
562.2
564.9
563
560.5
563.7
564.5
558.2
558.7
561
567.2
570.5
572.1
572.6
576
563.1
569.3
566.5
562.5
559.2
561
567.8
562.3
562.7
570
567.8
572.7
575.5
571.9
575.4
569.4
565
565.5
560.8
565.5
563.4
558.7
555.8
557.7
568.4
566.7
566.4
570.1
572.5
576
571
574
574.4
563.4
564.6
561
561
561.8
557.6
563.3
567
564.8
572.6
573.5
571
568
571.4
564.6
568.9
565.9
567.6
562.6
560.4
562.3
566.4
565.7
562.3
570.7
567.3
570
572
568.1
565.6
564.1
560
559.1
558.5
563.7
569.6
558.7
568.1
555.5
569.1
573.2
570.7
572.6
567.3
573.5
575.6
569.3
566.2
557.1
559.2
560.8
567
563.1
567.2
574.2
571.3
577.2
575.1
574.8
569.8
566.8
563.2
557.2
555.8
564
567.4
567.3
563.4
563.8
573.3
576.5
565.1
571.2
569.1
561.3
563.1
560
562.5
556.8
553.4
557.4
567.7
566.1
561.2
567.9
569.7
564.4
572.4
567.5
570.5
558.3
567.5
559.2
567.9
562.7
564.4
560.1
567.6
563.4
562.8
575.3
575.1
572.1
562.6
565.6
567
562
557.3
561.6
562.4
562.5
561.4
564.1
569.9
574.2
568.9
573.3
564.1
567.6
559.4
565
559.4
562.7
565.5
556.2
555.6
563
569.8
570.3
570.6
569.6
574.1
568.6
567.1
565.6
564.9
563
565.9
556
550.2
567.7
562.3
564.5
571.2
570.4
570.7
570.2
564.9
566.1
564.9
556.1
560.4
561.7
561.1
555.8
557.6
570.3
565.2
569.6
567.7
571.2
567.4
569.3
562.9
565.9
559.7
562.8
556
558.3
562.1
562.3
561.5
573.8
565.8
565.2
571.2
570.1
563.1
565.3
565.3
555.7
565.4
552.9
552.4
551.2
560.2
561.2
568
570.3
568.7
569.2
572.2
567.2
563.2
563
557.3
561.9
564.9
560.7
555.2
557.9
562
562.6
565.7
569.1
563.4
565.7
565.1
559.5
557.8
561
561
557.1
551.2
561.2
555.2
563.3
560.5
569.6
567.8
561.5
569.9
560.1
562.5
562
560.7
558.3
556
557.6
557.5
559.9
564.5
564.7
569.1
567
568.6
565.1
565.7
562.8
563.1
554.4
555.2
553.4
555.9
559.2
557.8
563.6
561.1
563.2
562.3
568.3
564.8
561
558.5
556.3
557
554.9
551
552
555.1
555.1
555.2
566.7
567.1
563.3
567.7
565.9
562.1
560.7
562.6
565.2
561.4
553.6
558.7
560.1
557.4
560.7
558.6
568
559.7
570.9
561.6
553.5
562.5
556.7
557.1
552.9
556.7
554.3
556.3
557.5
551.3
559.7
564.1
565.9
565.7
561.7
561.5
556.7
557
551.4
550.6
553.4
555.6
551.4
555
555.8
561.8
561.9
567.5
565.4
564.8
556.8
558.2
551.3
550.7
553.6
555.7
553.7
557.3
554.9
562.2
558.3
565.1
567.1
563.2
563.6
566.3
556
555.1
555.8
550.6
550.8
555.7
556
565.7
562.1
565.1
567.4
570.4
564.9
567.9
557.3
560.1
559.7
559
553.6
547.2
552.7
553.6
557.6
566.6
564.6
567.6
569.5
566.5
565.4
567.9
557.4
560.2
550.7
550.1
550.5
549.3
546.2
547.4
557.2
557.6
559.5
562.2
560.5
556.5
561
558.6
559.7
555
547.9
552.5
551.3
551.6
552.3
557.7
554.2
558.6
559.6
561.8
560.1
560.9
559.4
553.3
557.6
551.6
551.3
549
550.2
551.9
554.5
562
559.8
569.6
566.5
567.1
562.8
563.2
555
556.8
552.2
551.2
555.6
547
556.4
555.9
560.3
564.1
560.3
571.5
560.7
564.1
561.1
557.2
551.2
553.9
548.8
552.7
556.1
553.9
555.6
559.4
559.3
561.1
565.6
564.8
561.2
562
559.7
555.6
552.7
552.1
552.1
551.3
552.8
556.3
558.2
558
562.1
566.6
569.6
558.5
560.6
560.9
550.3
554.1
552.6
548
554.9
558.5
553.7
560
567
565.8
562.2
558
558.7
548.1
557.3
558.3
557.7
550.2
554
552
557.4
558.5
559.9
563.2
561.1
563.7
564.4
560.6
552.8
555.5
555.9
552.2
552.8
552.3
553.5
553.4
554.8
562.7
561.8
559.6
565
563
559.9
558.3
560.3
557.7
547.6
547.9
551.9
548.4
553.1
555.5
558.1
556.4
562.4
554.7
556.2
563.5
553.4
542.9
549.4
552.7
552
546.4
550.8
555.7
551.7
557.7
559.3
562.6
562
561
554.6
563.5
553.8
548.7
554.7
548.1
550.3
552.5
553.3
552.6
557.7
559
563
560.3
555.1
559.3
552.3
553.9
555.2
549.3
547.3
550.2
544.8
550.8
558
555.7
555.6
559.7
557.7
558.9
556.4
556.3
555
551.3
548.6
551.8
546
552.4
553.2
557.1
555.6
560.8
559.7
562
557.6
550
554
551.7
545.3
549.4
549.2
547.2
547.6
551.8
557.5
559.5
558.5
558.5
559.5
558.3
558.2
555.3
549.2
544.6
547.2
544.3
551.9
547.6
543.7
548.9
554.3
553
558
558
553.6
552.7
549.3
545
545.5
553.8
543.9
546.5
549.5
541.9
553.3
551.5
556.4
554.6
558
559.4
545.6
549.8
549.4
550.8
544.3
547.9
546.9
549.1
550.5
549.7
553.4
556.6
559.3
558.2
561.6
555.2
550.5
550.5
548.6
541.8
547.9
548.3
539.7
544
554.6
551.7
559.8
553.6
559.3
555.9
551.7
553.6
547
545.2
545.6
544.6
545
552
550.8
550.5
550
551.8
554.8
560.3
555.5
551.5
549.2
542.2
545.8
547.6
544.7
546.9
549.2
549.9
551
548.4
552.4
556.5
558.5
551.7
554.4
554.4
547.7
545.9
549.1
546.9
547.1
541.3
549.9
552.4
550.5
552.6
557.8
549.9
551.4
549.4
547.6
548.5
548.9
547.4
546.4
540.6
545.6
542.9
541.6
544.5
546.3
549.5
557.5
549.9
555.9
549.9
551.2
551.7
547.4
546.8
542
546.6
542.8
548.3
544
550.2
546.2
552.1
555.8
549.8
557.5
552.4
543
543.7
541.5
537.7
540.5
545
545.8
548.6
550.2
554.3
548.9
557.6
553.8
550.8
550
544.3
543
543.7
541.1
547.7
543.7
542.3
544.9
550.7
553.8
554.5
550.5
560.3
546.6
547.6
545.1
550
542
546.7
549.4
547.6
542.5
544.5
549
550.2
551.7
549.9
549.9
549.2
549.6
545.6
545.6
549.2
539.9
546.2
538.6
544.4
554.9
552.5
553
550.9
554.4
547.6
550.9
547.3
541.8
540.2
547
543.4
546.7
551.4
557.2
554.3
552.3
554
550.9
555.1
556.3
555.7
551.5
549
544.5
545.6
549.8
547.7
545.3
559.5
554.9
555.2
560.3
556.8
551.4
553.4
548.5
546.4
546.6
547.2
547.9
548.6
547.8
547.1
552.2
546.4
557.3
552.7
551.1
557.8
555.5
545.8
549.6
546
549.7
546.9
545.3
545.8
545.3
553.4
554.3
553.8
543.6
542.3
556.2
548.5
549.6
552.8
535.6
547.6
540.5
545.2
545.1
538.8
544.5
550.3
551.8
550.8
555.2
557.3
550.8
547.4
548.4
550.9
542.8
537.6
549.4
549.2
545
545.2
554.6
547.4
556.1
555.4
550.6
550.2
549.4
542.2
542.3
548.6
547.1
541.7
542
551.6
546.6
553.1
552.1
554
557.3
551.2
554.5
554
537.4
546.6
542.1
541.1
540.8
537.4
539.1
547
547.4
547.8
546.1
552.8
549.2
550.5
545.8
540.1
541.3
535.9
540.9
541.8
542.4
549
550.4
548.5
549.5
556.5
554.7
547
551
550.5
538.2
546
541
538
542.8
539.8
544.2
551.6
549.5
556.2
549.9
542.8
548.1
546.8
537.9
540.3
538.9
540.2
531.7
540.8
548.1
547.6
551.6
551.6
558.6
551.2
545.3
547.5
548.5
545.4
542
540.6
548
542.3
546.2
546.9
541.9
549.2
552.1
554.7
554.6
554.2
550.1
543.1
546.9
538.4
539.8
543.2
540.2
543.2
546.6
537.7
542.4
543.8
546.6
554.5
555.9
549
543
541.4
547.4
531.6
536.6
539.7
542
545.4
547.4
549.7
548.2
548.2
543
547
549.7
541.5
542.3
547.1
543.6
542.5
546.9
534.6
541.6
543.5
546.5
546
553.6
550.6
552.4
547.3
538.8
537.9
537.4
544.7
540.5
539.7
534.6
538.5
550.4
548.9
552.4
554.2
545.3
551.7
552.8
547.8
544.6
535.1
540.3
538.8
544.3
539.2
546.1
537
545.1
551.1
545.4
550.6
548.5
546.4
547.2
545.4
540.2
542.1
539.8
540.8
538.4
533.9
546.3
549.6
541.8
553.1
549.7
548.8
550
549
542
543.3
536.8
544.9
542.3
537.7
539.9
543.8
545.1
545.4
547.4
550
548.5
549.2
544.3
535.6
534.8
539.5
540.4
538.2
539.7
537.5
543.6
547.7
550
544.8
554.5
552.6
547.5
544.9
536.8
540.5
538.5
533.4
534.4
541.8
542.9
545.9
544
551.8
554.4
545
547
545.1
549
537.7
537.3
536.2
543.1
541.8
540.5
541.6
539.9
548.2
545.7
550.9
550.3
548.5
545.6
545.6
534.6
533.5
539.2
536.5
535.8
541.3
540.8
545.7
548
548.1
546.4
553.9
547.2
544.4
542.1
539.5
537.4
541
541.5
538
546.6
543.4
545.7
545.9
548.7
548.3
548.9
547.2
547.5
542.8
544.4
535.1
540.5
540
539.1
536.4
541.3
541.5
554.6
549.9
549.1
547
545.9
542.8
540.3
536.9
538.7
533.5
540.5
538.6
537.4
526.5
542.3
551.6
552.9
544.2
543.5
545.7
545.1
542.2
539
537
533.6
535.1
536
535.4
539.7
537.9
544
540.2
544.4
543.9
540.9
546.9
541.7
539.5
539.9
538.3
533.3
539.4
534.8
534.9
540.2
542.4
544.1
545.9
545.7
542.7
542.3
538.5
543.6
538.9
536.7
528.6
537
534.5
537.5
543.4
538.4
538.9
545.1
542.4
540.5
542.6
539.6
542.8
537.2
538.9
534
536.9
539
538.2
537.5
540.8
546.8
542
547.5
545.1
539
542.7
533.2
535.1
532.1
532.8
535.5
534.8
536.9
547.2
541.3
542.3
543.8
546
543.1
537.5
539.3
537.4
536
534.6
538.8
530.9
541.8
534.9
538.1
543.8
545.6
545.8
540.8
538
539
533.4
533.7
532.9
533.9
530.6
533.2
540.7
540.8
541.1
544.6
549.6
543.8
541.6
540.4
538.6
536
534.7
532.9
530.6
532.9
539.5
538.2
537.2
540.6
545.3
544.5
540.3
542.2
537.6
532.6
534.7
529.9
535.7
534.4
532.6
539.4
538.3
542.3
539.8
541.9
540.8
537.5
541
538
533.1
534.8
534.5
532.9
535.6
535.8
533
540.6
541.2
540.9
546.4
547.7
542.4
534.9
535.5
534.7
532.1
534
533.5
533.7
537
538.2
537.4
541.2
542.2
545.1
538.5
537.7
536
538.8
536.2
532.6
532.4
532.5
533.7
531.9
538.1
538.5
541.5
539.4
546.6
534.1
538.4
536.5
533.3
533.2
527.4
529.6
531.3
524.6
532.6
538.7
544.9
543.9
548.6
542.8
540
538.7
536.8
540.7
541.8
538.6
535.4
536.3
540.1
538.7
537.5
537
548.8
547
545.9
544.9
544.2
536.4
539.1
538
535.2
537.4
539
538.1
545.1
538.1
539.5
545
549.8
545.6
548.7
539.9
536.2
529.3
534.2
532.4
537.4
535.4
536.3
541.9
536.8
545.2
542.4
541.4
540.9
543.7
537.9
541.1
532.9
534.9
533.3
534.2
533.2
530.7
537.2
533.4
541.5
540.8
544.1
539.8
540.1
535.4
535.7
532.3
531
529.8
532
535.5
539.4
537.5
542.5
540.9
547.8
543.8
539.5
542.8
538.7
538
531.7
538
537.9
532.1
538.9
534.6
545.2
536.2
541
544.6
544.6
544
547.4
537.1
539.6
531.3
537.6
541.6
531.6
541.7
537.2
534.7
540.1
546.6
549.2
545.7
544.1
544.5
543.9
540.1
540.3
529.8
539.9
536
535.7
536.7
537.4
547.5
542.4
548.2
544.7
551.5
544.6
542.7
532.1
539
537.3
535.5
531.1
534.4
534.7
536.7
544
545.5
552.4
545.4
544.2
541.7
544.2
541.6
538.2
535.6
533.8
536.3
535.5
541.5
539.3
544.9
539.8
549.8
547.5
543.4
543.5
541.2
539.8
540.1
536.2
536.4
531.5
534.6
539.5
541.1
539.5
547.3
548.9
546.2
543.7
536.3
540.6
534.7
533.2
533.3
536.9
532.9
527.9
533.7
540
542.3
542.7
544.3
547.9
541
542.1
533.5
539.8
536.6
536.8
534.2
533.9
542.2
537.4
539.5
543.8
546.4
546.3
547.6
546.7
543.5
542.3
538.3
535.7
535.1
532.8
534.6
536.9
534
534
548.7
545.5
542.6
544.6
545.7
544
538.3
535.2
535.9
542.1
535.7
532.3
535.1
539.4
540.3
543.6
547.6
549.8
541.4
543.6
537
537.7
537.2
534.6
538
533.1
533.3
538.9
537.8
543.2
544.5
542.7
544.7
547.2
544.4
539.9
533.6
536
538
535.2
532.4
536.2
530.6
535.7
539.2
546.9
545.5
546
545.1
540.8
543.4
538.9
536.2
537.7
533.1
534.9
533.3
540.9
537.4
541.8
541.3
544.9
545.3
544.2
538.8
539.9
534.5
537.4
530.5
528.8
537.9
531.1
535
533.5
543.7
542.3
546.8
546.7
547.7
536.1
543
534.9
535.4
533.6
536.4
530.4
535.6
533.3
537.6
544.1
543.3
548.5
543.9
551.1
545.1
541.4
541.7
530.6
534.9
531.5
538.4
534.3
537.2
536.4
541.7
544.4
544.7
547.9
547.7
535.7
539.3
533.5
534.1
535.3
532.3
538
536.5
539.5
537
540.7
546
544.3
542.7
542.6
540
535.9
532.3
528.6
538.5
536.9
533.7
535.6
536.1
535.1
538.3
543.3
547.8
544.5
542.3
534.2
530.9
540.3
535.7
532
533.6
534.5
528.5
538
536.5
543.4
545.2
544.7
545.4
543.5
540.5
539.2
539.3
536
536
533.4
533
535.6
539.6
548.7
542.3
546.5
543.1
546.2
545.7
537.5
535.1
532.4
530.8
529.5
530.6
535.8
541.9
540.5
538
539.1
541.3
543.1
544.3
544.1
534.4
540.1
543.6
541.7
533.9
536.4
537.1
538.8
540.5
547.8
548.3
547.1
545.8
546.7
541.1
540.2
536.9
534.8
538.9
537.6
539
536.9
539.2
544.7
546.9
543.1
548.4
541
549.6
534.9
541.1
539.2
537.6
538.7
531.9
530.7
536
536.2
536.9
540.3
541.6
541.6
543.9
540.7
539.7
539.5
534.1
532.1
531.6
534.2
535.4
531.4
538.7
543.6
541.1
546.1
541.3
542.3
544.8
534.5
536.4
536.2
530.9
532.5
532.1
536.2
538
536.3
537.4
537.1
542.7
541.5
542.2
540
542.7
547
542.7
536.1
535.5
537.4
529.8
536.4
542.7
542.5
547.8
543.5
549.4
544.2
544.9
542.3
541.1
529.2
537.6
542.4
536.4
534.6
544
542.8
544.9
546.2
544.8
550.1
544.9
545
540.1
536.8
540.5
538.7
535.5
535.7
540.1
542.6
544.5
548.3
545.1
544.7
544.1
545.9
543.3
540.4
538.7
535.6
536.1
538.1
538.7
537.4
545.9
545.7
543.3
548.3
547.2
541.2
542
541.3
539.2
536.9
541
536.4
539.9
542.8
538
543
546.9
545.9
551.5
544.9
547.4
541.1
539.4
543.8
536.6
537.5
537.2
530.6
533.6
533.7
542.3
541
542.1
545.4
548.4
540
540.8
541.6
536.8
535.9
536.1
533.8
528.7
536.9
532.5
537.2
536.8
541.8
542.1
543.1
535.4
540.3
542.1
536.7
538.5
534.8
533.1
533.9
535.5
537.2
533.4
552.1
546.7
545.3
541.4
542
541
540.2
535.4
533.8
536.3
532.9
534.7
539.1
540.4
537.3
547.9
544.9
551.8
543.8
542.4
541.9
540.5
538.7
534.3
536.8
534
536.6
537.1
538.3
547.2
545.9
546.9
541
549.1
543.3
536.6
540.3
536.3
540.8
539.5
535
534.6
537.2
541.1
538.8
543.5
543.9
547
535.7
540.3
542
540.1
534.7
537.2
530.3
531.5
540.2
537.9
540
542.5
545.1
545.4
545.9
548.3
543.1
542.3
533.1
536.9
539.7
535.1
534.8
534.3
534.8
536.9
544.1
545.1
544.3
546.9
541.9
543.7
543.4
537
537.6
537.6
538.5
532.1
531.1
533.1
532.3
536.4
532
543.4
542.8
546.9
551.6
544.7
539.2
534.1
536.8
535.6
533.7
533.7
529.1
533.1
536.1
543.3
542.3
542.9
542.4
546.5
539.2
538.1
537.4
540.2
536
531.4
533.2
530.3
531.5
538.6
539.5
545.2
543.3
544.6
544
540.2
540.1
536.7
539.2
536.1
533
533.9
534.6
533
534.3
541.1
539.3
542.5
537.9
542.7
539.7
545.4
540.7
537.9
539.3
534.8
533.6
533.1
536
529.1
540.5
543
540.8
540.9
542.5
543.8
536.3
538.5
532.6
537.1
530.8
533.6
531.5
528.3
531
532.3
537.5
544.7
546.5
544.9
544.1
543.6
537.1
536.3
533.2
536.2
532
539.4
534.1
536.4
538.2
543.6
545.5
546.1
548.2
542.9
539.3
539.2
540.2
530.8
535
531
529.9
536.6
534.5
535.6
537.6
538.9
546.9
544.8
539.2
542.3
542
532.6
534.1
531.1
533.6
530.6
532.6
533.4
535.5
535.7
539.2
541.2
538.2
547.5
537.9
544.2
540.5
540.5
539.9
532.1
536
536.1
532.6
535.4
536.1
542.9
537.1
542.8
545.1
541.1
541.2
541.8
531.9
536.4
536.1
537
536.7
532.8
539.5
549
542.3
541.7
538.8
544.1
541.6
537.7
537
536.4
533.2
542.3
533.6
529.7
533.8
538.3
539.8
542.5
545.5
542.5
543.1
546.9
540.6
533.9
534.3
532.2
529
533.7
532.3
530
534.1
533.9
544.1
540.7
547.2
545
543
542.6
540
535.7
533.6
528.9
537.7
528.1
534.3
543
539.7
542
543.1
546.8
547.9
543.8
541.3
541.7
533.8
535.8
538.7
532.4
538.4
537.7
538.1
537.8
542.4
548.8
543.9
550
543.5
542.7
538.7
536.8
534.7
540.5
535
531.3
528.4
535.7
541.2
537
539.4
539.1
548.5
539.6
536.2
535
528.5
538.9
534.4
531.4
534.8
531.1
533.9
539.7
549.2
543
545.6
542.3
542.4
541.2
541.1
533.9
536.4
534.5
535.8
534.5
537.6
538.6
538.4
542.4
542.6
545.6
545.4
542.9
538.4
535.8
538.9
528.8
532.8
529.8
532.8
536.4
539.9
535.2
540.3
537.5
543.4
542.7
545.9
540.5
543
532.1
536.1
534.2
534.4
533.4
536.6
535.8
539.4
536.6
544.3
542.8
541.7
543.9
537.7
538.8
535.8
533
534.9
534.7
535.1
530.8
538.9
540.7
543.9
545.2
545.5
542.7
537.2
538.2
536.7
533.8
537.1
534.9
533.3
533.8
532.5
544.1
543.6
544.6
544.2
542.5
541.7
536.4
535.8
535
530.8
533.7
532.5
534.8
541.8
541.1
545.2
547.4
551.2
543.5
540.8
542.7
541.2
535.9
536.9
533.2
530.4
537.2
524.1
533.8
534.4
532.6
542.3
542
541.4
547.7
539.7
542
540
535.1
532.3
536.9
535.2
534.9
529.1
533
537.9
537.4
542.8
539.2
540.2
540.7
542.1
530.6
534.2
529.7
533.8
533
535
532.4
534.5
537.7
543.7
543.5
543.4
546.3
541
540.7
538.4
535.1
536.4
530.2
532.4
534.6
538.6
539.8
539.9
540.7
541.7
542.7
543.3
543
539.6
535.8
529.2
533.9
531.8
531.1
534.4
535.1
532.3
539.9
539.3
544.2
541.6
535.8
543
539.1
534
541.2
537.8
535.4
541.8
536.5
534.2
533.7
542.1
543.2
547.5
548.4
543.2
545.2
540.5
535
531.8
538.3
533.5
535.8
536.3
531.3
540.3
540.6
539.5
540.4
548.4
546.5
540.2
530.7
538.6
530.3
531.6
531.7
530
532.2
532.5
540.3
541.2
542.5
544
541.8
538.7
536.6
537.1
532.7
532.8
532.4
529.3
528.7
535.6
531.1
528.1
531
542.7
541.7
546.7
545.7
543.9
540
534.4
536.7
529.9
534.7
538.9
538.9
539.3
538.7
544.7
547.1
543.4
544.4
545.8
543.2
540.1
538.9
536.7
540.9
539
537.2
539.3
540
541.3
538.1
537.2
537.7
538.9
542
541.8
548.4
531
541.3
539.1
539.3
537.5
540.4
542.2
543.1
536
548.1
545.5
548.6
536.7
544.6
541.6
532.4
533.2
537
534.9
536
541.4
535.7
547.9
538.8
544.9
542.9
548.3
548.1
543.1
535.2
532.7
542.3
531.7
533.4
537.5
534.9
538.7
539.4
539.4
545.3
548.7
545.7
542.9
539
536.8
537.9
528.6
539.1
531.8
541.5
539.4
540.1
545.3
542.2
551.4
544.1
543.4
536.9
535
535.3
539.6
536.2
536.2
534.4
537.8
538.1
541.1
543.7
540.1
544.2
548.6
545
541.8
536.8
537.1
537.5
533.6
536
537.8
536.5
546.6
539.5
549.1
547.5
547
545.4
543.7
539.3
545.5
539.1
539.1
538.7
534.2
528.6
543.1
546.6
539.1
542.4
544.2
541.9
542.1
542.5
535.8
539.2
535.9
531.4
530.2
533.2
531.1
535.8
540.1
544.5
545.2
542.6
537.6
542.6
539.8
540.5
534.3
538.1
538.1
531.2
538.8
534
535.2
534.7
538.6
547.5
547.3
548.7
539.3
538
535.1
536
534.8
529.8
536.5
533.5
537.5
544
541.1
543.9
543.9
549.1
546.3
545.7
546.3
540.6
537.3
533.8
537.3
536.2
531.7
536.3
537.8
542.5
546.4
543.1
545.6
540.6
539.6
538.1
540.6
539.9
536
536.2
535.3
533
535
536.9
541.6
544.8
540.6
538.3
543.1
540.1
537.2
534.7
533.1
535.7
529.4
533.7
537.7
535.2
536.9
533.9
545.3
546.3
546
545
541.3
537.5
539.5
537.7
542.3
538.5
538
531.3
534.9
542.9
547.1
543.1
548.5
546
542.6
545.3
540.1
536.7
536.3
535.2
531.9
536.1
531.5
536.1
540.1
547.9
547.1
538.3
540.9
540.6
537.1
529.5
537.9
535.9
538.1
534
533.1
535.7
539.6
542.7
538.3
540.7
540.4
542.5
539.3
539.4
542.8
535.2
535.9
530.1
532.2
537.2
536.6
540.4
537.5
537.7
545.7
542.9
547.3
541.5
536.6
539.3
534
534.2
535.8
530.5
530.7
536
538.7
542.7
540.9
547.4
544.6
546.7
546.6
544.7
541.2
535.6
536.7
535.5
534.1
533.6
534.1
537.2
540.3
542.2
548.2
545.6
552
546.2
533.3
542
538.9
535.5
538.1
529.9
534.6
537.1
540.9
543.1
543.8
545.4
542.9
547.6
544.2
545.9
537.9
533.7
538.4
530.2
531.2
530.1
539.2
541.7
538.9
538.1
542.9
538.1
545.3
537.3
532.1
532
535.7
530.1
528.8
534.2
532.9
532.3
537.6
531.5
542.7
543.5
540.7
536.9
534.8
536.8
532.2
530.2
529.2
528.3
532.5
530.3
536.3
541.5
538.4
537.8
546
543.7
542.5
538.1
534.3
533.7
537.6
535.1
536.6
535.3
534.7
535.1
540.5
544.8
541.2
545.8
541.7
539
541.5
535.5
536.3
530.7
533.8
536.2
532.6
533.7
543.2
544
545.3
547
538.6
542.7
542.7
534.2
532.9
536.7
537.1
526.1
531.8
526.8
527.8
532.1
533.7
543.3
535.1
538.5
545.8
536.3
534
531.7
527.1
526.6
528.2
529.9
528.6
532
536.6
535.9
543
542.9
539.8
538.3
540.5
534.1
534.2
532.9
531
531.7
530.9
530.8
533.8
539.8
540.3
542.6
541.2
542.4
534.4
535.2
533.9
527.2
534.7
529.2
533.7
535.1
531.5
539.2
540.1
546.9
539.5
544.4
539.3
539.3
538.9
534.6
532.9
533.9
534
524.8
529.6
535.4
534.4
541
536
546.1
540.1
541.3
540.4
535.9
530.9
533.4
536
530.8
532.8
542.4
528.6
532.9
538
540.1
538.5
544.8
545.7
536.9
532.3
537.1
531.4
534.2
532.3
528.3
533.7
531.1
532.4
532.9
538.2
534.8
541.6
541.3
541.2
531.5
531.6
535.4
535.1
527.7
529.5
532.7
537.2
534
535.6
539.6
542.5
545.1
547.7
533.4
533.7
530.1
532.6
531.6
531.3
530.5
532.5
530.6
532.4
538.5
539.4
537.8
541.4
539.5
540.6
536.3
530.7
533.7
519.5
536.9
533.1
526.8
530.5
524.1
547.7
532.8
538.1
543.6
539.2
537.1
530.3
523.6
524.1
533.7
526.7
534.1
530.4
535
532.8
518
541.2
532.5
539.6
536.9
533.3
531.5
527.4
531.5
526.2
527.9
526.2
528.7
530.3
535.3
541.7
539.4
535.5
535.7
539.9
532
531
526.3
528.8
533.3
529.9
527.9
526.1
531.5
534.5
537.6
534.8
537.7
539
531.8
534.8
525.8
527.9
523.3
527.2
531.2
528
523.9
531.5
539.4
539.3
541.9
539.1
540.1
543.2
535.7
527
531.2
531
530.5
532.3
533.1
535.4
533.6
536.1
542
535.8
537.7
541.2
535.9
536.2
534.6
533.5
533.4
536.6
532.8
531.2
529.4
537.7
539.9
535.7
535.6
537
539.9
529
539.1
533.5
530
531.2
529.4
535.7
528.9
536.8
536.9
539.6
540.6
542.5
544.4
539.3
540.4
534.8
531
529.8
527.3
525.5
528.1
531.2
533.2
533.3
540.4
541.2
542
548.5
536.9
533.1
533.3
527.2
528.4
529
528.5
537.1
533
535.6
537.4
541.2
538.7
544
540.5
540.7
534.9
531.5
535.6
527.7
533.4
521.7
538.2
530.7
540.4
538.9
535.1
538.6
545.8
541
537.3
538.9
537.6
532.1
535.1
531.7
527.4
537.1
539
534.3
544.1
530
540.1
538.9
538.1
537.4
534.1
525.5
526
535.7
534.9
525.3
535.7
534.2
534.4
544.6
549.8
540.9
540.2
536.6
537.9
531.8
528.6
539.6
530.3
531.8
526.5
529.5
531
533.1
534.5
540.5
544.2
535.6
543.3
536.3
534.9
529.5
535.6
533.5
535.6
530.9
529.4
532.4
533.9
539
536
538.8
538.7
536.5
538.9
529.8
533.7
529.7
530.9
525.2
528.5
529.7
536.2
532.9
536.4
541
542.4
538.3
536.9
542.1
532.8
534.1
530.3
523.1
524.5
524.7
529.5
530.9
535.6
537.3
540.6
542
543.6
540.4
539.4
534
531.2
530.5
528.3
529.8
534.4
535.8
535.4
534.9
542.4
537.1
540.5
543.3
544.7
536.4
527.5
533.4
527.8
533.8
527.5
532.2
528.8
528.1
532.6
536.8
537.8
543
547
540.6
533.6
530
535.8
528.9
528.7
537.9
529.4
535
534.9
537.4
542.4
544.8
543.8
534.1
540.8
537.7
535.4
530.4
532.1
532.6
531.4
530.7
527.1
534.6
538.8
541.5
536.9
543.8
537
542.6
541.8
534.7
534.3
536.8
532.4
527.4
529.8
529.7
537.4
537.9
528.1
537.2
541.4
540.3
538.7
532.4
532.8
530.6
526.2
534.1
521.9
527.4
530.6
530.3
530.4
536.7
535.6
538.7
544.7
537
531
529.3
529.2
529.4
528.4
528
526.7
533.4
535.2
536.6
546.2
543.4
542.5
539.3
536.7
539.5
529.4
525.5
522.4
520.6
525.9
536.7
535.3
532.8
531.8
535.9
538.7
541.8
538.6
535.3
535.9
534.8
527.5
533.6
534.4
531.9
529.3
535.6
541
535.1
541.5
536.9
541
533.7
535.7
530.2
530.2
529.3
526.4
524
525.1
532.8
539.7
534.1
538.7
541
548.3
531.7
541.7
537.6
538.7
534.2
526.6
534.6
526.8
531.1
535.6
527.8
538.6
540.8
536.5
540.8
538.3
536.2
535.1
536.4
528.8
532.9
519.6
527.6
524.7
529.4
525.7
528.1
531.3
535.7
536.7
532.9
537.4
533
532.8
529.1
530.3
531.1
526.8
527
521.6
534.4
529.2
534.6
536.5
541.8
543.5
541.4
537.9
535.9
528.3
534.8
530.8
527.3
527.7
539.3
534.9
534.8
539.7
538.7
546.3
534.3
540.5
536.4
533.9
533.1
529.3
537.2
530.3
524.5
532.3
537
533
531.5
538.2
536.6
528.5
534.1
536.5
532.6
529.3
532.7
527.1
525.2
527.8
531.5
525.3
532.2
530.6
541.5
542.9
538.5
536.2
529.4
536.5
530.1
520.8
535.6
524.8
525.7
527.4
530
531.2
526.2
535.5
538.6
533.9
540.2
534.6
531.1
530.6
522.9
523.8
521.3
520.1
529.6
533
535.8
541.5
533.8
538.8
536
536.6
537.8
532.3
531.6
534.2
525.3
527.3
531.5
526.9
523.8
538.1
539.8
533.6
539.4
535.9
534.8
537.4
535.4
523.8
526.3
521.4
524.1
523.8
517.8
531.9
536.5
542.6
541.7
536.2
537.6
537.8
535.1
533.2
529.9
524.9
529.1
525.6
530.3
530.9
525.8
529.4
533.9
538.2
532.9
541.5
532.4
534.8
531.9
534.3
529.4
529.8
528.3
526.3
524.2
529.3
534.5
532.2
532.3
536.5
540.8
540.4
531.4
531.5
530.8
526
531.2
529.9
530.7
526
524.5
529
540.7
538.7
537.7
535.7
536.8
534.4
532.3
532.6
523.9
528.7
531.9
528.1
531
536.4
540.2
535.5
528.6
539.3
542.4
534.1
537.9
536.1
532.1
533.2
532.4
526.2
524.8
527.9
529.1
530.6
530.6
534.7
535.1
534.6
531
533.5
530.5
525.6
531
524.5
534.7
531
529.3
530.8
533
533.4
538.5
539.3
531.3
539.3
536.6
538.3
533.9
528.8
531.6
525.8
523.4
527.8
528.7
536.4
530.8
535
531
537.7
539.5
535.1
536.6
525.6
528.9
529.1
528.8
526.5
524.8
528.2
536
535.1
539
544.4
540
542
538
537.8
531.5
532.5
534.4
525.3
527.3
533.2
527.5
527.6
534.7
531.6
539.6
535.8
540.5
535.9
533.5
537.9
533
534.4
540.6
530
535.7
529.6
534.4
538.1
539.6
537.4
538.5
539.8
535.7
538.5
534.8
538.9
532.1
531.8
529.3
530.3
524.3
528.8
536.7
532.6
537.8
542.5
542.3
539
542.3
538.3
532.6
532
529.3
532.9
531.4
528.3
533.6
536.7
530.9
535.7
545.6
539.8
540.2
542
538.8
534.8
537.2
533.6
533.1
534.1
527.6
532.1
527.6
536.3
539.9
541.3
540.2
548.2
539.6
540.2
533.6
531.6
535.6
531
532.6
538.1
535.7
535.1
538.4
533.9
541
539.8
544.6
535
534.2
539.7
532.6
526.8
530.2
532.6
528.8
531.1
534.3
534.4
540.8
542.8
547.7
535.5
539.1
532.8
532.3
529.5
534
529.8
532.7
533.1
539
524.6
534.1
531.8
537.6
536.8
536.6
542.8
536.4
544.1
529.5
524.4
527.3
531.6
538.3
538.7
536.9
540.2
540.1
543.2
539.9
539.2
544.4
535.7
537.2
532.6
532.8
530
