612.3
615.7
607.2
609.8
608.6
608.6
608.2
608.8
610.4
610.6
617.3
619.8
616.4
617.6
617
618.9
610.9
611.3
605.2
609.6
611.4
600.4
608.2
613.5
606.7
611.3
623.5
614.2
615.6
617.2
611.6
607.7
607.6
605.4
603
604.2
600.9
595.9
607.5
609.2
611.1
612.8
614.1
615.9
610.9
609.5
605
604.2
602.7
603.3
604.9
603.5
605.8
605.1
607.4
613.2
614.4
617.2
612.8
607.5
606.4
598.8
598.2
604.1
602.7
595.7
599.2
604.1
601.7
602.2
610.5
605.4
612.2
607.7
607.7
602.1
597.3
598.6
601.5
595.5
593.6
595.6
599.2
600.8
603.4
603.7
606.4
602.4
607
605.7
602.5
591.6
593.6
594.8
592.9
596.9
590.9
603.2
597
612
601.3
612.4
604.3
598.9
608.8
601.7
601.5
588.4
594.8
593.8
596.7
600.9
605.6
604.8
605.3
601.8
603.5
606.4
596.5
599.5
598.6
588.5
595.8
594.6
591.6
593.9
593.4
596.8
598.2
600.9
602.1
606.3
600.1
596.7
598.9
590.9
589.6
586.5
587.3
588.8
589.4
591.3
592.9
596.2
598.9
598.3
599.9
600.2
596.5
593.7
586.2
592.2
589.7
590.8
589.9
590.7
598.2
606
595.4
604.5
603.4
602
599.8
600.2
596.2
591
587.5
589.8
587.9
583.6
589.1
592.6
596.5
599.2
597.4
599.9
598.5
596.1
600.9
591.3
586.9
587
588.5
595.8
594
585.7
600.3
597.1
599.7
602.3
596.7
599.1
591.5
587.3
585.5
585.2
583.5
582.2
584.1
584.2
585.6
589.7
596.3
592.5
598
591.5
593.6
593.1
592.6
593.1
590.5
584.6
575.1
591.1
586.1
593.7
592.6
586.7
590.2
593.4
594.3
596.4
592.4
587.1
585.1
581.3
578.5
585.9
589.9
585.6
583.8
591.6
590.7
591.3
594
591.7
593.3
591
590.6
583.2
582.6
589
581.9
579
587.8
582.1
594.7
595.4
585.9
594.2
592.1
590.5
591
592.7
584.6
587.9
590
587.7
579.9
588.2
584
590.3
588.6
594.3
591.1
598.8
594.4
595.8
587.6
590.4
587.5
586.8
589.1
584.2
589.6
590.1
589.5
589.9
594.2
593.3
599.8
590.6
597.2
594.1
581.9
587.4
584
587.3
586.4
586.2
587.8
594.7
593.3
593.3
590
594.8
591.2
591.8
592.7
585.4
586.5
587
585.6
595.3
586.8
587.5
585
594.3
591.4
593.4
594.7
597.7
588.7
587.2
587.2
582
583.4
582.6
581.7
580.7
584.8
589.4
597.9
589.1
590.9
591
585.6
587.5
584.4
581.7
581.9
578.1
588.8
582.3
591
594.6
596.7
588.8
591.7
591.2
594.2
586.5
580.3
588.8
579.9
587.9
591.7
588.5
587.6
585.5
590.4
593.7
592.7
591.1
589.9
599.9
589.1
585.9
584.9
589.4
582.4
579.9
585.6
585.4
588.3
593.4
596.4
598.6
598.3
591.1
590.7
590.9
589.8
590.8
588
590.7
589.2
586.1
588.4
590.1
590.7
598.2
594.2
596.5
594.2
595
594.5
588.2
589.8
585.3
587.8
588
587.4
589.4
588.8
595.1
597.4
599.2
596.4
596.9
593.6
587.2
587.4
586.7
584.7
584.8
583.9
588.1
585.6
590.2
582.6
593.4
593.8
594.7
592
589
587.1
582.9
584.8
579.5
579.1
586.6
582.2
585.1
583.7
594.3
595.4
594.6
593.9
591.5
586.9
593.2
588.1
583.7
585.7
580.1
580.6
582.5
586.1
587.3
588.1
587.7
588.1
585.6
587.4
581.9
582.5
587.5
579.3
579.1
578.2
577.1
582.6
580.6
588.8
588.8
588.6
589.9
592.4
588.9
586.7
582
580
581.2
581.3
582.3
578
581.7
583.2
581.7
588.7
585.8
591
587.9
593.1
592.2
583.2
569.6
572.2
576.9
576.1
576.9
579.5
579.7
584
582.2
588.8
586.4
583.6
589.9
587
577.1
581.6
577.6
572.3
573.1
577
583.8
581.4
577.4
589.3
586.1
587.2
581.5
583.9
578.6
576.4
572.1
577.2
573.9
576
574
571.3
576.9
580.8
576.2
583.1
582.3
584.8
581.1
570
572.4
572.1
570.3
571.6
569.8
570.8
568.5
573
568.8
580.3
577.3
578.7
578.2
580.7
572.4
572.4
567.9
566.5
571.2
569.1
567.2
570.5
574
572.4
578.3
577.6
580.1
578.1
578
563
569.1
572.4
572.3
566.3
563.5
570.5
569.6
572.6
572.9
572.6
576.6
576.8
577.2
572.5
568.9
566.1
566.6
565.6
568.7
563.8
562.6
565.6
568.8
560.8
563
567.9
581.9
571.1
572.8
572.2
569.2
564
562.4
558.8
563.4
565.1
567.7
561.4
569.2
566
569.2
570.1
569.2
566.4
560.9
563.6
558.1
557.6
567.8
561.4
564.8
574.9
569.9
565.3
564.5
569.7
565
569.7
566.2
564.4
558.3
558.8
556.2
555.9
563.9
556.3
560.4
567.6
564.7
567.4
564.9
568.5
552.7
567.9
558.5
559.7
557.8
555.8
555.3
552.3
551.9
555
559.5
564.2
567.1
566.3
567.2
564.1
562.7
560.6
557
553
557.5
558.8
559.6
555.4
559.8
559.2
561.9
559.4
569.5
564.5
562
566.6
560.7
563.8
561.5
558.5
556.9
560.6
555.2
556.6
562.5
570.4
569.1
563.6
569
562.3
561.3
560.6
555.8
558.4
561
558.2
561.2
556.7
563.3
557
569.9
567.6
568.3
565.2
563.4
561.9
562.4
556.5
557.9
562
557.5
557.8
560.4
553.4
557.5
559.1
564.8
563.7
563.2
558.5
558
558.9
560.1
560.3
561.8
548.5
553.1
548.7
559.4
557.8
559.5
564.1
561
564.2
563.4
560
558.2
557.9
550.6
556.4
549.5
552.8
551.8
550
557.5
557.2
561.3
560.5
562.3
560.1
561
552.8
549.6
554.1
551.5
553.5
549
551.5
552.8
553.2
556.4
561.9
563.9
562.8
562.1
561
553.6
556.2
548.2
556.5
554.3
546.4
550.9
551.8
556.9
558.7
559.2
559.9
559.2
564.4
558.7
550
555.1
561.3
551.5
550.9
552.5
553.5
554
554.1
562.6
555.7
558.3
562.2
558.2
560.6
560
551.3
556.1
553.6
550.5
551.8
553.6
557.4
554.9
556.7
557.8
562.9
559
562.8
555.6
553.9
553.3
549.3
548.2
547.5
546.9
553.5
556.8
551.8
557.4
557.2
557.3
561.6
556.9
557.5
550.8
549.5
549.2
546.4
544.4
546.3
544.2
545.8
550.6
555.9
559.2
556.4
557.2
557.6
553.2
551.5
543
545.6
545.3
545.2
544.2
541.4
548.5
549.5
552.3
558.6
554.5
556.4
554.1
551
544.7
545.2
545.5
546.4
542.6
543.8
546.4
542.6
543.4
548.8
554.6
551.3
554.2
553.6
550.8
552.3
549.7
539.6
540
539.4
548.7
544.8
547.8
546.4
546.7
544.9
555.2
551.4
548.7
541.1
549.2
547.7
543.9
549
539.6
542.8
539.8
549.7
545.4
549
555.9
552
550.8
550.1
549.3
551.2
542.9
546.5
543.5
546.7
542.6
544.2
549.2
552.1
551.3
552
556.4
556.2
550.5
545.2
548
538.7
545
543.4
543.4
541.5
542.8
549.2
554.5
556.8
551.5
557.6
555.6
558
544.9
549
542.1
541.1
546.2
546.1
542.2
539.1
539.6
546.6
540.8
550.6
552
549
550.5
541.9
549.2
541
541.9
543.9
546.9
536.8
542.4
537.1
545
547.1
550
548.9
549.5
553.1
550.5
550.5
545.3
538.6
539.4
537.8
540.6
539.6
548.2
540.8
550
549.3
551.4
555.8
549.5
543.1
547.4
545.7
538.1
543.2
541.2
541.7
541.9
541.6
545
546.1
545.4
549.5
549.9
551.3
548.1
544.1
540
538.3
536.9
543.1
541.1
535.6
544.8
548.5
542.5
548.1
553.9
549.9
550.8
547.3
549
547.4
543.5
539.1
542.4
541.7
542.9
544.2
548.8
545.2
550.7
553.7
553.6
551.5
545.7
543.3
545.7
541.6
543.4
542.1
537.9
542.1
546.2
544.7
538.6
550
549.6
552.8
550
543.4
545.4
545.9
544.2
540.4
541.6
539.4
538.9
540.2
539.4
546.7
546.9
549.7
546.2
550.3
545.7
544.2
543.9
541.6
541.1
550
547.4
537.8
540.8
541.6
547.4
550.5
547.6
550.7
553.6
549.1
546.2
542.1
540.1
542.9
538.9
542.9
544.3
538.6
544.7
548.8
552
549.7
554.6
541.4
547.4
546.9
540.9
541.4
534
543.7
539.6
537.6
546.3
545.2
550.5
550.5
546
546.5
553
546.2
543.8
549.1
542.9
538.9
533.1
541.2
543.1
536.8
548.8
548.7
547.5
544.2
546.4
545.9
545
539.5
541.4
538.3
541.6
541.4
542.9
538
538.5
537.7
546.4
547.1
543.3
549.9
551.3
549.4
540.5
542.1
541
538.3
543.1
532.3
540.7
530.5
537
537.5
543
539.7
546.2
546.7
532.4
533.4
535.4
537.9
533.4
534.9
534.2
535.2
540.7
542.7
543
545.9
546.4
546.1
543
540.7
536.7
545.4
535.4
528
537.9
534.2
535.4
537.5
540.2
545.1
543.2
547.4
547.6
546.4
540.4
542.2
537.7
541.6
534.6
531.7
534.5
533
537.5
538.2
545.5
543.5
543.7
544.6
541.4
537
544.2
536.4
539.3
536.4
535.1
534.2
533.9
542.4
539.7
540.7
546.9
538.7
537.5
542.6
541.1
534.9
538.5
541.9
528.2
536.3
540.7
528
536.5
529.2
536.1
534.7
543.1
537
535.4
537.5
534.1
540.7
529.8
527
535.7
534.9
529.8
541.6
542.3
531.3
542
543.1
544.2
537.2
537.9
537.7
533.7
536.7
531.8
533.2
529.7
528
530.7
534.7
534.1
541.9
543.5
543.1
538.4
537
535.8
534.1
524.8
528.5
526
526.8
518.3
532.7
535.5
535.6
537
538.6
536.8
538
535.6
531
529
531.7
529.5
528.5
528.9
526
525.6
534.8
537
539.6
538.5
542
535.8
533.3
536.7
533.7
530.3
531.9
528.6
527.4
529.3
528.2
530.1
536.4
532.7
539.2
538
535.6
539
539.2
533.1
527.2
527.4
529.3
524.2
530.5
534.5
531.5
528.5
536
539.1
535.7
541.5
542
539
549.2
531.7
526.8
526.8
534.4
526
525.6
532.3
540.6
544.9
537.5
544.7
540.2
542.4
541.5
540.5
542.2
530.9
531.5
534.9
538.3
535.2
530.5
534.9
538.8
540.2
541.6
544.9
540.5
535.2
539.8
537.8
537
537.3
537.2
532.1
535.3
538.9
541.5
547.9
545
545.3
542.4
547.2
533.8
540.8
536.8
538.1
534.6
537.6
534.2
529.3
537.8
539.7
540.7
545.6
547.1
540.6
544.7
543.9
538.9
527.4
537.2
533.9
533.6
537.1
540.5
542.7
543
541.4
545.4
546.7
547.2
539.5
541
540.6
540.2
538.5
537.8
537
538.8
538.6
536.4
541.1
538.2
547
545.9
552.4
551.5
547.3
540.4
542.8
539
537.5
534.2
537
536.5
539.6
542.7
539.4
538.9
541
545.3
541.2
546
543.2
541.8
534.3
533.5
536.4
537.7
534.2
535
541.9
539.1
546
543.3
542.5
542.9
548.2
545.8
538.7
536.2
538.4
535.8
537.2
538.7
538.2
537.9
543.1
544
543.3
551.1
551.7
548.8
541
540.7
538.2
537.2
540.8
535.4
532.9
541.2
551.7
548.2
546.3
548.4
546.8
545.6
539.5
539.5
536.4
536.2
543.7
538.1
539.4
540.1
538
541.7
545.2
546.1
546.5
548
543.4
543.8
537.7
539.3
537.1
541
540.4
539.8
540.1
544.8
539.5
548.5
545.2
548.1
548.2
543.7
543.7
538.4
541.8
539.4
540.9
538.9
536.8
537.4
540.6
544.9
546.2
545
545
542.2
548.7
545.4
544.5
538.9
539.5
534.3
537.3
537.3
538.1
542.8
547.2
548
545.3
549.1
547.8
551.6
544.7
545.7
536.7
536.4
537.1
537.2
538.9
537.5
537.9
539.3
549.6
550.9
549.9
551.4
543.9
544.8
542.7
538.2
546.1
540.2
535
534.4
541.1
545
545.2
550.3
550.7
547.3
550.1
545.3
541.5
547.8
541
543.2
538.9
538.4
537
536.3
544
545.2
548.9
549.6
549.5
543.8
549.5
547
541.4
540.4
537.9
543.2
541.4
539.7
540
544.2
539.9
548
553.9
548
549.1
544.7
541.7
541.8
541.9
538.9
540.4
537.9
543.1
540.7
542.4
545.8
551.4
551.6
548
550.9
547.8
547.2
536.5
541.2
538.2
542.6
530.7
541.4
551.5
544.1
547
549.1
548.9
553
556.8
546.1
545.8
541.3
539.4
544.6
543
538.5
537.6
542.5
544
544.5
549.5
549.2
550.9
552.7
546.8
544.6
547.1
534
542.7
538.4
538.2
538.4
537.5
541.2
544.8
544.8
550.5
549.6
552.2
545.1
548.3
544.1
539.4
535.3
537.1
532.9
536.3
542.4
545.4
546.7
546.4
547.2
550.9
543.8
548.7
544
547.8
541.9
539.7
542.1
541.2
535.7
538.6
539.4
541.7
542
544
546.5
550.3
552.6
547
544.8
543.1
540.2
536.7
537.1
538.8
536.4
539.2
544.4
544.5
552.4
548.6
550.4
548.8
540.7
545.3
539.7
540.7
536.2
537.2
535.4
540.2
539.7
542.2
544
547.3
549.8
545.8
545.1
542.9
539.7
539.5
541
533.9
538.3
537.1
537.2
535.8
542.6
548.4
548.6
550
545
548.1
550.9
536.7
544
529.5
539.3
541.2
535
538.2
539
536.7
542
547.9
549.9
544.5
541.6
546
542
539.2
539.6
536.2
534
536.7
536.4
541.1
538.2
541.1
541.2
544.2
545.1
545.3
540.7
547.5
540.4
541.3
532.2
537.2
531.4
536.9
537.9
538.6
537.8
538.9
545.5
546.4
544.9
542.8
541.9
540.5
530.7
534.6
535.7
531.1
527.2
530.8
534
543
541.8
542.5
544
544.3
537.8
535.5
536.1
533.9
534.5
531.9
534.9
534.1
536.7
535.1
540
544
540.8
547.4
544.4
538.4
533.7
534.5
541.5
540.6
529.9
536.6
538.2
542.3
544.5
541.2
545.5
546.9
545.9
536.1
539.2
534.7
539.9
537.9
540.2
535.6
539.3
536.9
538.7
542.2
541.3
543
542
547.9
541.3
537.5
538.7
542.4
532.7
534.2
532.7
540.7
533.7
543.8
539.7
544
543.5
544.7
546.2
545.3
541.7
541
536.8
535.4
535.8
538.2
535.9
535.4
537.9
543.3
542.6
542.7
548.1
546.2
547.6
535.4
538.4
530.3
538.4
538.4
536.9
538.6
533.6
537.4
542.3
542.2
544.8
552.4
548.6
544.8
540.5
544.9
536.2
533.6
533.3
539.2
535.2
535.9
543.2
540.7
545.5
546.6
547.2
545.1
541.8
543.8
543.2
535.2
534.4
537.7
537.5
537
538.4
536.2
541.2
545.7
544.8
544.6
545
535.6
543.1
542.5
542.5
539.1
536.5
529.3
528.9
532.6
534.5
539.4
544.9
541.9
548.7
547.5
542.4
540.3
542
534.9
534.1
535.4
536.8
535.5
529.4
541
531.7
543.1
535.1
541.3
539.7
543
535.7
532.7
532
526.4
530.9
526
530.6
530.7
532.6
534.4
539.5
541.7
540.2
540.4
542
537.5
535.6
531
527.5
532.9
531.7
535.7
524.8
531.1
541.3
534
539.2
539.9
538.7
531.3
533.2
529.3
525.5
522.2
534.1
532.3
530.3
529.6
530.7
532.9
534.3
536.5
537.6
539.6
533.7
534
537.7
534.3
531.7
535.4
524.7
526.9
525.3
534
543.8
539.2
533.2
544.8
538.6
542.6
536
538.2
531.3
531.7
529.4
530.4
537.4
519.3
532.4
534.3
533.2
541.4
544.5
539
539
542.1
533.6
528.6
526.2
525.9
530.9
531.7
531.5
532.2
536.4
527.9
530.2
534.6
541.9
537.7
529.4
532.6
526.7
524
527.4
527.6
526.2
522.4
530.4
539.9
534.4
533.2
536.6
536.9
540.2
533.8
529.3
529.1
524.3
535.4
533.1
523.2
528.4
533
529.7
533.3
533
542.6
534.9
532.1
532.4
531.5
529.7
532.7
528.2
532.3
534.2
525.2
532.5
527.6
535.9
529.8
539.1
533.7
540.4
532.4
535.2
527.8
530.8
532.1
527
530.8
535.8
534.6
536.4
532.4
536.8
533.5
534.2
536.6
533.8
531.7
525.5
526.6
528.8
525.5
530
531.6
533.5
540.5
532.1
529.6
532.7
542.2
539.5
532.8
528.5
520.9
527.6
524.1
528.7
530.3
526.1
531.2
530.9
532.1
538.5
541.3
534.7
534.1
537.2
532.3
521
521.8
525
525
528.1
527.4
532.9
531.7
539.2
543.4
530
535.5
529.9
528.4
530.1
530.9
525.5
527.2
528.7
527.6
531.4
528.3
530.2
531.3
535.4
533.4
535
530.5
526.4
526.4
525.5
526.9
526.8
522.2
525.5
518.6
535.1
528.4
529.4
527.9
532.2
525.2
526.7
522.6
521.6
527.6
516.8
524.5
522.5
520.4
527.6
524.2
532.9
534.6
538.8
532.5
530.1
529.7
528.4
529.2
526.6
525.2
522.7
526.9
525.6
528.2
527
528.4
535.5
536.2
533.4
535.9
532.9
526.5
527.8
523.6
524.2
520.1
518.1
522.5
526.7
527.5
527.8
530.5
539.2
522.3
532
526.4
529.7
524.9
524.5
517.3
519.7
527.7
522.9
517
518.8
533.2
526.7
530.9
529.4
526.7
527.6
524.6
524.8
525.2
518.6
514.4
522.7
522.7
524.6
527.4
525.4
530.2
529.7
533.2
524.7
526.1
524.4
521.5
521.8
520.2
521.5
520.8
514.5
523.7
527.5
531.8
530
523.8
527.4
527.5
525.2
523.2
521.3
519.4
514.6
513.1
518.4
520
516.6
521.6
523.7
532.8
529.2
531.4
529.3
526.9
518.3
519.3
521
518.1
514.4
520.3
518.4
518.4
523
522.8
523.3
526.6
523.8
529.1
530.4
520.3
519.9
514.2
519.5
512.5
525.1
520.6
514.8
525.4
523.2
527.8
527
524.5
525.6
521.1
522.7
512.4
519.3
512.4
516
519.7
518.5
520.5
529.9
519.8
522.1
523.9
525
526
520.6
520.3
517.8
512.6
521
517.6
514.6
512.1
521
523.6
521.5
525.5
524.3
527.5
523.7
521.9
521
518.8
520.8
513.5
513.2
512
514.1
512.6
522
521.6
524.4
524.8
520
524.2
516.5
520.2
515.4
514.8
509.5
515.7
514.6
512.3
516.7
519.7
520.1
520.3
518.6
519.6
522.3
517.1
517.3
512
513.6
511
510.2
511.9
515.3
517.7
521.7
521.8
522.8
520.1
522.8
516.5
517.2
514.7
513.1
513.9
518.8
510.9
512.7
505.8
516.6
520
520.7
524
531.6
522.6
517.2
516.1
518.2
508.6
510.8
511.9
512.8
512.7
514.1
514.9
514.4
522.3
525.7
523
520.1
521.3
514.6
512.7
517.8
514
513.1
504.2
512.4
521.3
518
523.6
518.6
521.4
518.6
517.1
515.1
512.7
514.2
509.6
507.6
507.2
511.7
511.2
511.7
517.6
530.4
517.3
521.2
520.7
515.3
514.4
513.6
509
507.1
511.1
514.1
508.3
513.6
515.7
517.9
521.2
516.1
514.9
515.8
511.2
511.3
507.3
506
505.6
511.7
513.4
511.9
512.6
514.2
517.1
519.5
528.2
512.9
513.9
507
511.8
512.4
504.9
514.1
510.4
506.5
508.2
512.9
513.2
519.3
520.8
523
519.3
513.6
509.3
509.9
506.8
515.9
503.5
505.1
505.8
507.4
512.9
516.3
520.5
517.2
520.6
519.2
516.9
508.6
508.5
513.7
508.9
504.4
502.5
509.7
507
516
517.6
516.8
518.5
521.2
518.3
515.1
516.2
513.4
512.3
510.8
502
507.6
511
512
516.1
519.3
521.2
517.1
518.8
509.5
511.8
511.4
507.2
514.2
511.7
508.4
510.5
509.4
515.1
514.5
524.4
508.9
517.4
523.3
516.1
510.3
512.2
508.6
507.7
509.9
515.2
508.2
507.9
514.3
518.1
522.4
518.6
515.2
516.9
514.4
509.7
512.2
512.3
509
509.8
503.4
508.3
509
514.1
513.7
520.3
519
517.9
517.7
512.4
509
509.5
512.6
508.6
507
511
507.8
513.9
514.2
517.1
515.3
522.3
516.5
512.2
517.1
511.8
512
505.9
501.5
506.6
502.8
503.6
505.9
509.5
515.7
517.2
515.9
514.5
517.3
510.8
510.5
511.9
504.5
509
505.4
507.1
506.6
514.1
514.8
517.6
520.2
510.9
516.1
515.1
510.9
506
505.5
506.6
505.2
505.1
506.9
507
512.9
512
516
515.5
513.1
515
509.6
511.5
510.5
508.6
507.1
507.6
505.7
504.7
512.4
509.8
511.5
513.2
499.5
513.7
509
510.7
514.7
501.1
508.3
502.8
502.7
508.3
500.9
508.8
507.8
518.4
517.9
514.4
512.2
514.6
512.6
506.1
511.7
508.3
509.8
503.9
505.8
507.1
508
510
513.6
516.1
513.9
511.9
513.3
508.9
500
503.5
510.4
511.2
504.5
503.9
512.5
511.4
515.4
518.1
513.4
521.8
509.5
511.2
506.4
509.2
507.8
503.4
499.1
507.2
504.5
502
508.3
514.4
514.3
515.4
510.8
514.7
510.8
507
510.9
510
514.4
502.2
507.8
510.2
510.9
516.5
511.4
522.9
520
518.3
515.1
517.1
521.5
508.4
511.9
515.6
507.3
503.2
507
508.5
512.4
512.8
518.9
512.4
521.2
517.4
519
512.8
503.3
502.4
502.6
505.4
502.3
505.9
505.4
510
505.9
509
512.4
516.9
514.9
515.8
505.7
504
504.9
505.9
499.6
503.6
510.2
504.6
507.4
506.3
513.4
516.4
513.1
510.8
510.9
513.4
507.5
507
503.1
506.1
500.8
500.9
504
504.9
507.7
509
516.6
511
516.9
509.9
509.1
508.1
503
502.3
503.2
503.5
507
502.3
506.4
516.5
519.5
521
514.4
514.3
516.5
511.2
509.2
510
503.1
505.3
503.1
510.6
511.8
507.2
512.4
509.1
508.8
516.5
518.8
517.6
513.5
501.5
506.2
504.6
501.1
509.7
500
505.7
503.5
514
511.1
523.2
513.3
516.3
510.1
504.5
506.7
505.6
504.9
498.9
503.2
500.9
504.2
505.7
506.8
510.3
516.1
509.4
506.3
515
507.9
506.6
500.2
505.8
502.4
503
503.5
501.6
508.1
507.6
512.1
513.8
510
510.4
509.6
508.5
504.2
504.8
507.1
500.4
511.9
509.7
502.5
500.8
505.7
508.3
519.1
512
509.4
509.2
507.6
510
504.7
505.7
511.5
504.6
507.8
505.1
510.4
512.9
513.1
517.3
510.5
517
515.8
507.7
505.9
501.9
505.4
508.1
496.2
507.7
508.2
509.2
513.5
504.9
516.1
519.2
509.6
508
507.6
505.4
501.4
503.1
505.8
499
504.4
506.2
512.8
507.1
512.1
520.3
512.5
512
504.9
511.3
501.9
507.2
505.3
504.6
499.4
507.2
505.3
508.6
518.6
520.7
509.3
514.5
504.2
512.1
505.6
511.7
502
507.1
498.8
507.3
507.3
513.9
505
515.6
511.7
511.8
515.9
511
505.8
511.2
503.3
507.7
507.7
507.6
509.7
497.8
508.3
503.9
513.1
515.5
514.3
513.9
510
511.9
507.6
509.4
506.3
503.2
510.6
505.4
507.5
508.7
505.9
512.1
514.1
517.7
518.1
513.1
509.2
508.7
505.7
506.2
503.4
505.4
507.2
505.1
501
501.2
508.9
509.5
524.3
515
503.2
501.3
507.5
509.7
503.7
496.9
498.1
507.3
499.9
505.1
509.4
506.9
520.9
513.7
507.3
517.7
504.4
508
504
502.6
494.5
499.1
501.3
510.7
508.4
510.8
506.5
511
510.4
514.6
504.2
513
504.4
498.3
500.2
496
495.4
495.1
498.3
511.2
513.5
504.7
506.7
513.1
520.3
512.8
508
503.2
509.6
504.5
503.9
503.7
500.9
503.5
502.4
502.1
502.4
512.9
518.9
517
515.6
514.5
510.7
502.3
506.6
503.8
501
499.1
500.6
505.1
508.7
509.4
510.4
520.3
512.8
504.6
507.1
507.4
505.2
507.8
494.8
502.6
501.6
500.5
506.1
502.9
509.2
511.9
515.4
515.6
513.1
517.3
502.5
508.3
507.4
496.9
502
500.2
504.6
506.4
506.3
504.4
514.8
510.7
509.5
511.6
507.3
504.8
509.5
504.2
503.9
504.9
504.6
506.9
509
505.7
510.8
510.8
506.8
516.7
513
509.2
504.7
502.7
501.9
505.1
502.7
496.6
503.2
510
507
503
509.9
519
507.2
512.4
506.1
504.6
502.9
500.3
497.1
506.6
505.9
500.7
516.5
510.7
505.8
511.2
508.8
514.4
507.8
506.7
505.9
504.1
505
503.9
501.7
505.6
502.4
502.9
509.4
509
514.5
510.2
518.3
506.3
503.4
506.1
499.9
498.9
502.5
494.1
498.3
507.2
498.4
511.4
501
505.4
506.4
503.6
507.7
508.7
507.5
497.2
504.9
504.8
501.1
503.7
504.3
506.3
509.7
511
512.3
509.2
511.2
512.6
506.6
504.5
498.5
502.3
502.7
499.8
500.1
501
507.2
510.4
513.7
515.4
512.6
509.2
508.3
507.7
495
500.4
496.6
503.2
501.3
499.3
500
503.2
512.4
508.8
512.2
510.9
508.5
515.1
509.4
509.1
496.3
504.6
502.9
500.7
505.8
499.3
505.9
507.6
513.1
505.8
515.6
512.4
505.5
501.8
505.8
504.9
502.7
502.2
499.5
504.3
497.6
496.2
503
511.2
511.4
506.8
514.6
507.8
512.2
508.8
504
503.2
504
501.6
498.7
503.3
495.7
507.7
504.2
507.9
513
508.5
510.9
510.8
498.1
510.2
501.8
503.2
500
503.4
499.2
505.6
500.2
503
509.1
516.8
513.8
507.9
509.2
507.1
501.5
501.5
504.4
497.9
502.4
501.3
501
500.7
508.1
507.4
515
510.6
508.2
512.2
511.5
511
499.5
501.6
502
502.7
500.4
505.2
503.2
503.5
507.6
507.7
514.4
512.8
514.4
508
505
504.9
501.1
499.2
496.7
499.2
500.4
506.9
509.2
500
508
505.6
511.5
508.3
506.6
502.3
500.8
503.5
502
500
500.4
498.1
502.8
500.1
503.6
505.5
510.4
506.9
504.3
502.9
498.4
507.1
501.7
497.7
502
497.7
500.4
505.8
503.7
510.7
506.5
506.2
505.9
502.4
506.3
504.9
499.1
498.1
497.1
498.9
495.5
498.5
499
507.3
507.1
507.7
509.7
508.1
513.2
508.5
506.8
499.9
505
500.9
497.7
499.9
485.1
498.9
506.2
509.9
511
503.5
507.5
509
505.2
506.5
502.2
497.4
496
497
497.1
495.6
501.1
503.9
509.7
512.4
509
509.2
509.8
504.9
504.8
503.9
497
496.9
499.8
496.8
495.4
502
503.8
505.8
511.2
506
505.8
510.6
503.9
504.4
505.6
498.2
500.1
494.3
501
499.6
508.9
506.5
508.3
508.5
508
509
500.6
505.8
505.4
497.9
497.1
505.8
501
494.3
499.4
499.7
505.1
507.1
512.4
506.2
502.5
505.3
502.2
502.1
499
494.5
499.8
497.4
498.6
498.3
502.9
493.6
504.1
503.5
504.7
506.8
504
498.3
499.6
501.2
499.8
500.8
496
496.8
498
501
502.1
503.7
504
508.4
505.6
507.8
503.9
505
496.3
500.5
498.9
501
497.4
497.1
501.7
497.9
506.1
506.7
516
507.7
506.6
504
504.4
497.8
500.5
501.2
496.7
500.6
498.8
497.8
499.8
500.6
507.5
505.7
503.9
514.2
506.1
503.1
501.3
501.9
499.1
500
497.4
498.1
500.1
506.6
504.4
507.3
506.8
512.2
503.6
507.3
507.5
503.7
500.6
498
499.2
497.8
501.9
503.5
505.6
505.9
512.3
508.2
509
503.3
504.9
506.8
495.3
496.3
497.4
497.4
497.7
496.8
498.9
506
502.5
503.9
507.9
511.6
506.1
505.9
497.1
494.5
498.6
501
499.5
500.5
495.8
493.6
500.3
500.8
514.6
506.2
504.1
504.6
495.5
495.5
499.3
493.4
498.2
496.6
495.7
492.9
499.5
499.7
500.1
500.7
503.2
499.8
506.8
502.2
499.7
501
500.2
493.4
496.8
491
495.2
501.7
500.1
505.4
507.3
506.1
505.4
503.6
504.3
502.8
498.4
495.8
495.6
497.2
495.5
495
497.9
501.6
504.2
507.4
507.3
507
509.1
502.7
499.1
498.1
499.5
495.9
497.6
497.7
484.9
500.3
501
503
508.3
507.4
506.7
507.2
503.8
502.4
494.6
498.1
501.3
496.7
496.8
497.4
497.7
505.8
508.3
502.4
506.3
504.9
506.9
505.9
498.5
498.8
500.1
496.4
495.2
493.1
501.4
502
500.5
496.7
502.5
513.6
507.9
505.8
503.9
496.1
496.8
494.1
495.8
490.7
495
500.3
502.2
505.5
507.3
507.6
507.8
507.9
504.3
501
500.4
499.5
496.5
500.5
496.2
501.2
502.8
503.3
503.4
504.1
511.9
506
508.2
506.5
503
502.5
498.7
499.9
494.9
499.4
496.1
495.5
505.3
504.1
503.7
511.4
511.4
509.1
507.9
505.3
501.7
501.5
504.5
500.8
500.3
496.9
500.1
504.9
503
505.3
504.2
505.6
509.1
502.3
500.5
499.9
502.4
501.6
495.5
496.9
501.2
501.7
502.9
504.7
506.9
514.1
515.1
506.3
508.3
508
504.7
504.8
499.3
498.3
495
500.7
502.5
502.3
502.1
509.5
512.4
498.2
505.2
507.3
502.4
502.6
494.1
501.8
495.5
495.9
500.6
498.6
504
503.2
507.5
508.3
506.4
513.5
504.4
494.8
502.1
505.6
499.4
495.3
498.8
502.7
499.7
502.2
506.3
508.6
504.9
509.4
507.2
505.8
502.7
500.7
495.2
496.1
498.1
494.8
493.9
502.7
503.5
506.3
511.4
506.4
503.4
505.3
499.4
507.6
502.4
495.4
503.1
500.3
498
501.5
499.4
503.2
506.3
505.2
509
504.2
505.6
506.5
506.4
507
500.6
504.9
500
499.8
500.6
500.5
503.8
501.5
511.6
509.5
511.4
511.4
499.6
501.7
501
499.9
498.9
496.2
496.6
499.4
500.7
496.5
504.3
504.8
508.5
507.5
507.1
502.9
500.3
502
500.4
504.5
499.7
499.1
498.2
502.6
507.1
507.3
509.7
514.3
505.4
505.1
508.6
493.9
499.8
501.6
494.5
497.4
497.9
504.1
500.4
508
507.3
512.2
513.3
510.5
509.2
504.2
504.2
502.9
499.1
494.1
493.6
495.3
497.7
505.3
505
509.3
507.4
503.7
505.2
495.2
508.2
491.8
496.1
492.9
499.5
494.4
498
500.2
499.3
509.5
510.5
504.5
502.8
511.9
504.7
504.3
498.7
504.1
499.9
492.5
502
498.7
503.9
497.1
514.7
501.5
510.5
510.8
507.1
509
503.4
502
498.1
499.1
501
500.8
497
501.5
505.8
503.4
510.5
504.2
508.3
514.8
500.4
503.6
500.4
497.9
499.1
502.2
502.7
502.9
501.8
505.9
506.9
505.4
507.3
507.8
507.5
505.3
506.6
502.2
505.2
499.7
501.5
500
488.4
504.9
504.8
500.4
510.8
512.1
513.1
512.3
511.8
506.4
504.2
503.9
494.4
503.1
504.1
506.8
503.4
506.7
507.7
501.5
507.2
510.5
503
501.7
499.5
495.5
498.1
496.5
498.8
495.8
499.7
498.2
502.3
504.1
507.1
508.3
510.3
507.5
505.5
500.8
498.7
494.7
503.7
497.4
497.8
499.1
497.5
501.8
507
498.4
507.3
507.8
511.5
504.2
503.9
496.3
498.3
496.1
494.8
498.2
494.3
499.4
500.1
500.3
514.3
514.4
512.3
515.2
509.2
506.5
502.5
497.6
500.2
501.7
505.3
505.1
501.8
505.8
512
509.7
512.6
515.8
512.5
509.9
509
506.1
499.3
503.6
504.9
507.5
500.1
506.4
508.8
509.4
513.8
514.9
511.7
514
514.1
503.7
501.8
510.7
502.3
503.5
500.7
507.4
500.1
503.2
508.2
513.3
511.4
514
510.7
509.5
506.3
510.9
500.5
499.2
498.5
497.3
499.6
501.4
502.5
513.3
507.6
508.3
506.6
508.3
506.6
506
502.8
496.6
500.5
500
498.6
499
503.9
503
499.1
510.4
505
511.6
514.7
507.1
507.2
496.1
502.9
501
504
503.6
501.1
496.3
504.8
502
506.8
505.7
509.3
515.1
508.1
503.2
501.3
505.2
500.2
505.2
500.6
502.6
505
504.1
508.8
509.6
511
504.9
507.3
502
502.3
505.3
496.5
502.4
500.9
496.4
503.2
504
507.7
511
513.4
512
506.6
514
505.2
504.2
501.8
498.9
505
499.4
491.2
499.1
509
503.9
507.4
507.1
510.5
513.9
507.1
504.6
506.8
495.5
499.8
499.9
495.5
498.3
502.8
503.4
504
507.1
504.7
520.6
510
515.8
504.4
507.6
507.9
506.9
497.2
500.6
500
493
501
505.2
509.1
509.5
507
515.4
514.7
510.2
507.6
510.3
500
505.8
504.9
505.3
502.2
503.9
506.8
508.9
506.8
517.2
511.3
514.4
511.9
506.6
503.4
507.1
501.1
500
501.8
507.3
501.1
504.9
503.8
510.8
511.1
510.2
514.2
507.5
506.9
508.8
500.3
505.3
506.5
501.1
503.7
503.3
501.8
507.2
512.6
508.7
509.2
513.3
514
508.3
503.3
506.4
500.6
504.9
503.9
498.2
507.9
505.6
507.8
511.3
514.9
512.6
513.8
507
511.9
504.3
502.2
506
495.1
504.6
500.8
504.2
507.6
507.5
509.5
512.4
510.4
514.4
502.7
506.4
503.9
503.2
502.3
491.5
501.7
504.4
497.9
501.6
503.9
510.2
509.7
511.7
515.4
508.8
498.1
499.5
500.6
502.4
503.3
501.5
499.9
500.4
504.1
505.9
507.6
507.6
511.1
507.6
507.7
505.1
500
490.1
508.7
497.6
496.2
506.4
506.4
505
505.4
503.6
509
517
501.4
506.1
509.1
503.7
499.4
502.6
497.6
499.9
504
501.1
503.4
506.5
509.3
512.3
511
511.7
510
505.9
503.5
499.4
503.7
499.8
496.5
502
506.3
506.7
507.3
512.9
512.5
509.8
510.4
507.8
506.4
500.1
502.5
500.3
498.7
500
503.7
502.4
510
507.5
511.2
506.3
512.3
511.2
515.4
507.4
501.5
499.6
497.5
500.8
500.1
503.2
505.7
507.5
505.7
510.4
516.2
508.3
507.2
508.9
505.4
499.5
499.1
496.9
501.9
495.3
502.1
500.9
503.9
509.6
505.8
513.4
508.8
508.9
514.6
509.3
504.2
499.9
505.4
503
503.6
504.9
507.1
508.9
504.9
508.7
513.7
516.1
503.5
511.2
507.1
505.6
503.5
505.7
502.7
509.2
501.5
501.5
508.8
508.3
513.5
518.7
514.8
514.2
515.3
510.4
513.3
506.1
507.3
503.5
501.5
501.8
499.7
501.5
508.9
510
511.6
520.8
513.4
511.1
511.3
507.6
517.1
503.2
506.5
499.5
498.5
501
501.1
504.9
510.5
507.1
510.2
505.8
510.3
507.4
506
500.9
505.8
500.8
499.3
506.4
505.4
499.8
506.5
507.3
514.9
511.4
515.7
511
508.5
506.5
505.5
503.5
504.4
499.3
497.7
498.6
507.4
509.5
512.5
512.9
513.2
514.8
512.4
510.5
510.3
508.5
500.4
506.4
500.9
499.8
505.2
505.1
514.9
508.7
510.3
511.4
510.6
515.8
512
513.4
507.5
503.2
507.6
500.8
501.1
505.3
508.6
511.9
511.9
510.7
521.2
513.1
512.6
503.1
504.2
502.2
502.7
504.4
507.1
510.4
503.6
505.3
509.2
512.6
509.9
513.1
512.4
513.3
507.5
503.7
506.8
504.9
508.3
506.4
511.5
509
506.1
509
515.1
512.5
510.2
511.5
511.7
504.7
505.2
497.5
505.5
498.8
501.3
504.2
500.3
513.4
512.4
515.5
513.1
513.9
509.4
510.2
507.3
502.5
510.2
503.9
503.9
492.8
504.6
512.5
513.2
511.5
512
515.7
513.4
513.6
514.6
512.9
508
504.9
504.4
505.5
503
501.5
512.2
510.6
511.6
517.1
519
509.5
514.6
510.1
507.3
499.6
504.1
504.2
502.9
503.9
505.9
507.1
508.8
513.8
519.5
514.3
510.1
506.4
506.2
507.5
507.8
499.2
512
497.3
507.8
508.6
512.6
512.3
515.5
508.5
507.4
506.1
508.3
504.5
502.7
493.6
500.4
500.3
507.1
501.2
502
501
506.3
503.3
522.4
513.7
512
511.4
512.9
509.7
501.2
501.5
506.8
502
498.9
503.4
508.3
510
518.7
511.5
525.1
509.1
513.6
511.6
497.6
500.5
505.4
495.1
504.6
503.8
506.7
506.8
510
515.2
513.6
512.4
516.6
502.1
501.4
501
503.5
498.4
506
493.8
494.5
506.1
504.6
502.3
510.2
511.6
512.5
511
506.6
505.3
500.5
501.4
499.3
496.9
496
501.8
503
505.1
506.1
512.7
508.7
517.6
510.6
512.4
508.4
508.6
506.1
501.2
505
501.1
505.4
510.3
509.3
508.3
514.1
505.4
509.7
505.4
504.6
499.4
504.5
504.6
496.5
502.2
499.1
499.8
505.9
515.3
509.6
506.5
508.2
510.8
504.9
514.6
501.9
508.5
505.6
498.2
496.3
500.8
498.5
502.4
508.5
508.7
502
508.3
514.4
508.7
507.1
500.3
500.3
499.3
499
498.5
500.6
503.2
500.7
507.2
504.4
511.2
518.2
508.7
507.3
504.6
503.9
503
512
501.8
503.9
499.3
501.4
503.1
506.2
506.7
508.8
508.7
504.9
502.7
513.4
514.4
511.6
504.7
503.6
501
508.3
502.3
491.5
497.5
507.5
514.9
514.3
509.9
510.8
514.1
514
508.1
506.6
501.3
502.9
501.4
500.2
503.6
496.9
506.1
510.4
507.8
508.2
508.5
515.2
509.7
509.6
504.4
502.5
502.1
504.3
505.5
503.2
499.1
508.2
503
512.5
511.7
512.6
505.9
506.4
510.2
505
503.2
501.9
503.4
504.4
503.4
503.4
517.1
505.6
510
514.3
512
492.2
511.2
505.8
505.9
503.2
503.5
505.9
497.9
501.5
504.7
505.7
508.8
513.4
512.4
507.8
511.1
512.1
505.2
505.6
499.3
501.6
513.3
504.6
501.5
505.8
509.5
511.8
509.1
511.4
516.1
515.3
513.2
509.6
506.3
506.6
504.3
504.1
499.6
501
497.5
504.1
508.7
508.3
513.8
516.3
507.9
512.3
504.7
500.8
504.4
501.9
501.7
503.9
499.1
500.2
502.2
509
509.5
507.5
516.4
510.5
511.6
513.4
514.5
505.9
504.9
497.6
502.2
496.5
503.3
502.9
510.4
507.3
511.4
515.1
513
508.1
512
507.8
508.2
502.5
507.8
499.3
500.6
501.7
508.7
506.3
513.4
513.4
518.2
516.3
509.8
507.9
511.2
503.2
501
496
505.9
503.3
499.6
507.8
505.1
511.4
512.1
510.9
516.8
512.4
511.4
506.8
510.1
505.6
501.3
508.3
504.9
506.8
507.9
510.9
516.5
506.6
516.3
512.2
509.6
512.1
507
511.3
501.1
505.7
504.6
508.7
499.8
511.4
512.4
512.1
512.1
510.4
514.5
513.1
512.1
509.5
507.8
505
502
512.1
502.1
505.5
507.1
507.6
508.8
516.7
515.1
516.6
513.4
518.8
512.5
508.3
501
503.7
505.6
498.7
504.5
508.5
509.5
510.9
514.2
514.2
512.1
510.2
512.9
507.7
508.7
505.1
509.5
502.1
505.7
510.7
504.1
515.6
513.8
511.6
514.4
510.9
505.4
516
503.6
503.3
507.1
504.9
505.6
503.1
506.8
510.1
508.5
512.5
520
515.8
512.5
514.3
512.4
508.1
508.4
508.2
502.1
497.8
506.3
507.3
505.2
515.2
515.5
517.8
517
518.2
521.5
512.8
511.2
507.9
504.5
501.5
505.1
507.5
504.9
508.8
510.7
518.5
516.8
519.6
517
512.2
514
512.3
509
509.2
509.2
505.8
503.9
505.6
504.8
513
512.4
519
518.9
510.7
500.7
511.1
510.6
507.8
508.2
508.5
499.1
505.6
504.8
512.2
514.1
516.6
517.6
517.4
518.8
515.3
510
509.3
509.7
504.7
506.6
507.1
502.7
512.8
510.3
508.3
519
516.3
512.3
510.7
511.1
515.1
513.2
510.8
503.2
505.8
508.8
503.5
506.1
511.9
506.8
512.5
514.1
520.5
514.7
516
517
512.9
510.8
512.6
508.5
505.9
505.9
509.3
508
513.8
509.4
514.3
516.8
516.1
515.6
514.6
508.9
507.6
507.3
499.1
508.4
514
510
512.4
512.4
525.1
517.2
515.6
515.7
515.5
516.7
509.1
509.7
507
511.3
507.8
511.7
508.6
510.7
512.9
512.5
521.8
519.5
513.6
519.5
517.4
511.3
512.7
506.9
508.7
510.4
512
514.1
