835.9
829.5
827.9
827.4
821.8
820.1
821.7
817.7
821.6
821.8
823
824
825.7
825.6
827.9
825.2
822.2
825.2
819.6
814.3
819.7
816.1
818.4
815.5
812.7
828.9
817.5
817.3
817.3
823.1
825.8
822.5
816.5
816.1
808.4
805.2
807.9
812.1
814.9
812.4
819.4
812.3
821
820.7
821.3
819.5
823.6
808.1
818.8
819.5
812
806.9
810.3
809.2
808.5
802.8
817
821.1
822.3
820.8
821.7
824.2
821.4
812.4
817.6
806.5
807.3
812.8
806
805.3
806
806.8
806.7
812.3
810.5
814.9
799.5
810.9
808.6
805.3
801.4
800.8
799.2
798.5
801.8
803
804.8
808.6
811.8
807.9
806.4
808
807.4
797.5
798
795.6
790.7
793.6
792.7
795.2
801.2
799.4
801.6
803.7
805.3
808.1
802.6
794.9
801.1
790.3
790.1
790.6
789.1
789.6
790.3
793.1
796.1
793.8
801.4
801.8
798
799.3
790.3
794.6
799.4
792.4
787
787.3
787.2
782.6
785.5
791.8
789.4
796.7
792.6
795.4
793.3
793.4
788
789.3
781.6
784
783.8
780.1
782.3
778.5
784.1
787.5
786.3
788.2
793.3
789.5
789.1
789
781.9
781.7
772.9
777.6
776.7
780.5
774.2
775.5
781.5
782.8
789.8
786.8
789.6
790
782.9
782
771
784.7
776
775
774.7
783.1
775.9
775.3
779
785.6
784.3
780.2
784.4
780.8
777.8
775.1
775.4
776.7
769.5
770.3
774.3
778.5
778.6
786.1
782
782.9
783.2
781.9
779.2
773.5
771.4
769.6
760.4
770.2
769
771.5
771.5
773.3
781.2
783.6
777.7
785.5
780.7
769.7
766.4
770
767.6
767.7
764.1
765.3
771.1
775.5
775.9
778.9
775.3
775.8
775.1
772.8
769.6
763.7
767
765.8
769.1
774.5
770
773.4
770
772.9
778.5
782
777.2
773.8
771.9
774.5
767.1
768
770.5
765.8
764.8
768.9
771.2
776.4
772.6
776.3
774.9
780.1
780.3
769.4
770.5
762.1
764
766.8
762.8
764.8
771
763.4
771.1
769.8
772.6
778.7
762
770.6
773.8
765.8
762.8
764.7
764.5
764.2
754
761.1
765.4
764.7
768.3
767
770.2
765.8
763.5
764.5
762.6
759.8
758.1
759.2
760.3
759.9
758.3
766.9
766.3
771
769.4
770.9
773.1
766.3
763.9
757.6
757.8
755.9
758.7
753.8
756.1
761.2
759.4
762
761.9
765.7
767.9
759.8
759.7
759.2
758.6
758.4
754.3
750.1
753.4
751.7
757
758.1
756.4
764.3
766.2
765
759.7
757.2
759
752.9
752.5
751.1
751.2
753.7
752.3
752.8
764.6
760.8
761.9
757.7
758.5
758.2
752.2
748.6
749.9
743.1
746.6
747
746.5
750.1
746.4
755.9
756.8
757.2
761.3
756
754.1
752.9
749.9
750.5
747.3
745.7
746.9
743.8
749.5
753.3
751.6
758.9
755.1
754.5
752.8
752.2
755.6
742.3
744
746.9
739.8
744.2
752.3
749.7
756.9
749.3
755.3
753.8
754.6
751.3
749
745.2
747.1
744.9
747.7
750.5
747.5
736.5
746
756.2
751.1
745.6
747.5
744.5
744.6
743.1
741.7
743.4
732.5
731.7
723.1
739.1
741.6
743.6
747.3
747.4
756.3
752.1
754.2
749.3
738.7
742
737.4
740.7
738.5
737.2
739.4
741.2
744.2
747.1
752.3
748
751.2
746.9
745
746.1
741.9
743.9
737.1
738.6
732.9
734.2
737.4
745.6
746.7
745.2
747
746.4
742.8
744.5
744.8
740.4
740.5
743.2
738
739.3
738.4
739.3
736.1
748.1
747.2
750.6
743.5
745.9
737.1
738.7
734.4
734.8
728.2
735.1
734
732.3
726.9
736.8
735.6
740.8
736.2
739.5
743.7
734.7
733.9
733.3
728.9
729.1
731.1
728.5
730.6
732.2
738.2
738.4
742.9
740.7
739.2
733.4
733.8
734.7
726.8
727.7
726.4
726.8
729.4
723.3
725.4
730.7
730.4
732.3
737.8
735.6
738.9
732.2
727.4
730.2
727.7
720.3
724.4
722.2
727.7
726.7
730.8
728.8
734.2
731.2
730.8
728.3
726.3
731.3
720.3
721.4
720
719.3
721.3
721.8
720
728.1
723.2
734.1
730.6
727.5
726.8
728.3
725.4
719.5
719.3
721.1
713
723.5
720.9
719.6
721.9
726.9
725.8
727.4
727.3
729.4
731.6
721.1
718.3
717.9
715.6
714.5
717.1
716.2
714.7
723.9
724
723.5
724.2
728.4
726.7
719.6
715.9
714.4
722.6
715.1
711
710.5
714.8
724.2
723.4
724.6
723.4
726.2
722.6
722.2
719.1
711.2
714.3
711.9
711.4
711.8
711
719.7
714.6
716.7
722.5
720.4
723.6
720.6
712.4
712.5
713.1
708.4
708.6
707.7
705.3
712.3
713.6
709
719.3
725.6
719.4
728.1
723.7
722.3
715.9
711.6
714.9
715.4
717.8
723
713.8
716.1
708.7
719.9
719
724
725
723.7
713
707.9
708.4
709.6
703.8
711.1
704.8
709.3
714.8
702.3
709.3
715.7
717.8
715.9
714.9
714.2
709
709.4
711.2
708.9
714
708.6
709.9
708.5
715.8
711.2
717.6
721
716.9
715.9
717.8
716.6
714.4
714
709.9
707.4
708.6
705.2
708.1
715.9
712.2
712.7
717.2
719.4
712.2
715.8
707.1
709.4
702.6
703.3
702.1
707.6
707.9
703.1
713.3
713
702.9
714.4
718
707.7
704.2
707.5
704.1
703.6
705.7
697.2
703
704.4
707.3
700.5
709.4
711.6
713.5
707.7
713.4
707.6
701.9
696.1
699.7
693.6
694.3
693.3
701.1
699.8
695
707.1
708.9
709.2
704.1
701.8
706.4
699
696.9
694.7
694.7
692.6
694
695.7
700.8
701.8
697
702.8
705.1
702.8
706.4
704.4
695.3
697.9
691.3
693.8
692.1
700.6
689.9
693.5
697.8
697.2
694.5
698.7
705.4
693.8
694.5
694.6
698.7
684.6
691.6
692.7
689.9
692.7
695.9
700.9
699.2
700.4
696.3
703.9
695.5
692.1
699.9
687.1
688.2
688.1
691
689
688.6
693.3
692.6
700.6
697
695.8
697.7
695.8
690.5
684.5
685.9
685
682.2
684.3
681.8
687.7
683.8
689.7
695.3
697.3
698
697.1
693
693.2
685.3
686.8
684.8
681.9
684
687.7
679.9
681.5
686.3
693.3
692.8
693.9
694
689.5
689.8
682.8
684.4
679.9
680.3
683.4
680.5
686
689
684.4
685.9
692.8
692.7
692.1
692.8
688.5
681.9
684.2
677.6
674.7
680.1
678.6
685.2
681.4
685.6
690.2
693.7
685.4
689.3
687.1
681.9
682.5
678.7
683.7
674.3
677.1
676.4
680.6
682.4
681.6
683.2
692.4
684.6
686.3
683.4
678.9
679.2
680.3
677.3
676.7
675.1
676
677
685
680
685.5
685.8
688.6
691.4
685.4
678.2
683.3
676.7
674.9
674.4
676
669.6
673.5
678.4
677.3
682.9
684.6
685.1
680.6
680.9
680.8
677
671.8
674.1
668.1
672.3
669.8
668.8
678.5
680.6
683.8
686.1
678.8
683.7
682.1
676.5
670.6
670.8
666.9
673.1
666.7
666.8
672.7
680.8
679.3
683.6
684.6
676.1
677.4
680.7
675.5
673
673.5
666.9
665.2
666.7
669.7
671.1
673.3
680.4
681.1
684.9
677.9
676.8
675.6
667.3
668.2
661.8
666.6
673.9
668.4
665.9
670.3
669.3
683.3
685.1
681.6
684.7
681.3
680.4
675.7
676.1
670
677.9
670.6
670.2
672.4
674.1
676.9
668.1
672.7
684.7
684.4
679.7
677.8
673.5
667.7
670.4
672.4
668.8
667.1
669.5
673.5
671.4
677.9
677.5
677.2
679.4
678.7
673.6
665.9
670.4
668.1
665.8
668.1
666.3
670.2
673.3
673.1
680.9
678
678.1
681.1
671.1
666.8
671.7
667.6
667.9
661.2
666.9
667.8
666.3
665.1
672.8
675.2
675.5
677.8
667.8
669.5
668.9
669
660
667.5
654.1
658.6
662.8
665.1
667.1
671.2
675.6
679.7
672.9
676.1
663.8
669.2
663.6
665.8
662.6
660.5
660.3
659.7
660.6
669.8
668.3
669.9
668.7
669
670.7
668.6
662.7
664.8
659.6
656
659.1
658.9
655.4
659.8
663
663.1
666.3
669.5
665.1
669.8
664.8
663.8
660.2
660.6
654.3
653.8
656.6
660.6
653
663
664.4
664.1
670.1
659.5
665.6
665.6
658.5
659.9
655.1
655.7
657.5
658.2
654
656.4
664.4
660
663.3
662.9
668
663.5
662.7
661.5
659.3
658
650.7
655
656.4
659.1
660.1
663.3
659.7
659.6
664.2
657.4
665.2
655.2
661.5
651.4
657
652.9
650.4
653.1
661.7
652
651.4
655.8
659.7
662.9
661.1
660.1
657.3
651.7
655.8
651.6
649.5
646.3
646.9
646
643.9
655.8
656.5
657.6
660.5
659.3
659.1
652.8
649.4
645.3
645.2
637.4
644.8
647.2
640.2
644.3
649.5
648.7
646.8
656.3
647.1
642.7
638.4
637.7
645
640.9
636.3
633.6
636.7
643.3
641.6
642.4
653.9
653.6
650.3
646.9
643.5
643.1
637.5
634
635.1
634.4
633.3
630.8
632
638
640.9
643.3
643
645.1
644.9
637.1
633.1
633.4
635.8
635.5
628.5
630.7
633
631.1
633.7
634.6
640.1
641.2
642.3
640.1
638.5
633.1
631.6
636.3
631.7
630
628.8
634.3
629
630
634.8
630
634.9
637.4
638.9
632.9
631.3
629.1
625
627.9
627
625.7
628.2
631.7
625.2
623.2
632.3
635.1
638
638
627.5
630.8
622.4
620.5
622
619.1
618.8
622.4
622.5
616.2
619.3
633
631.6
629.6
634.2
625.9
620.1
623.9
617.8
622.2
618.7
618.2
610.2
615.2
612.3
622.8
615.7
623
627.4
619.9
617.1
624.5
619.6
613.6
613.4
609.9
606.8
605.6
612.8
615.4
615.7
614.3
623.2
618.2
618.5
620.5
613.7
611.3
613.4
613.4
606.4
602.1
607.4
607.1
609.3
611.7
620.7
615
615.3
615.5
613.3
610.9
605.4
604.3
602
607.8
607.3
605.9
609.8
608.6
610.9
609.7
610.6
609
609
608.8
604.3
603
602.7
598.6
600.3
597
601.2
600.4
602.8
607
606.5
611.1
608.6
606.6
602.2
605.7
599.4
589.2
594.2
595.2
594.9
593.9
596.4
600.1
603.5
601.3
601.4
606.1
599.4
603.7
597.5
598.8
598.6
596.8
579.8
600.5
586.6
590.4
603.8
601.5
595.4
604.7
598
597.5
598
591
594.2
591
582.1
587.2
591.8
593.7
596.4
594.9
589.1
599.5
608.6
598.6
594.2
593.2
594.4
592.7
596
591.2
589.6
582.3
590.3
589.7
593.3
593
599.4
600.4
601.3
592.8
592.2
594.1
581.3
579.8
590
587.5
589.5
584.5
592.7
595.2
588.3
591.9
589.3
596.7
585.7
597.1
589.7
585.3
577
578.9
587.8
584.9
579.6
582.6
585.4
585.1
580.8
589.1
590.3
588
586.3
586.4
580.7
579.7
570.7
577.8
577.6
578.6
582.2
585.2
585.5
584.7
587.2
584.1
588.5
588.7
583.3
583.2
575.2
575.9
572.7
574.6
573.2
575.3
583.3
580.3
579.1
582.8
576.6
584.6
584.1
572.5
575.9
572.8
570.5
568.8
566.9
569.2
574.8
574.5
579.9
581.5
576.9
575.5
575.4
564.7
574.5
571.3
565.8
564.3
564.2
566.1
561
570.2
579.1
574.9
578.3
575.8
576
577.2
575.6
577
571.5
568.3
575.2
568
572
573
571
577.9
571.8
577.9
580
576.5
581.2
573
570
568.8
572.2
569.5
566.8
569.6
565.3
566.5
574.1
575.8
574
569.2
570.8
573
571.2
562.8
567
560.2
564.7
560.5
561.5
564.8
568.6
574.8
575
567.9
577
579
574.4
569
570.9
565.6
563.5
564
567.6
561.3
565
568.9
565
569.9
574.4
572
572.4
571.9
565.4
561.9
564.4
561.6
562.5
560.3
559.8
565.7
561.1
569.4
570.1
567.2
575.3
566.5
563.4
561.6
559.3
559.3
558.7
560.6
559.8
560.3
563.6
563.2
564.7
568.3
567.2
567.3
566.1
565.3
557
563.1
559.5
553.8
560.4
559.3
563.9
562.9
566.9
563.2
565.9
560.4
562.7
570.7
559.2
549.6
558.2
554.7
550.6
553.4
547.4
554
554.2
563.7
560
563.9
562.3
561.8
559.2
560.1
553.8
558.4
552.5
552.8
549.2
555.1
552.2
559
563.5
562.2
563.5
561.3
561.7
555.6
557
547.3
553.8
551.2
551.2
556.2
554.5
554.3
563.2
556.1
564.8
561.2
567.3
561.5
558.5
561.9
549.6
551.4
553.5
550.9
547.8
547.4
551
549.8
556.4
563
557.7
562.4
564.3
557.5
554.6
550.4
548.9
545.3
548.5
550.1
547.1
549.8
550.7
556.3
558.8
558.5
557.5
556.5
553.6
550.1
554.7
548.7
543.3
548.4
531.7
544.6
544.8
556.4
549.6
554
556.5
553
557.5
550.4
553.8
550.2
551.4
546.8
543.2
543.4
545.2
547.2
551
560.4
554.7
553.6
553.7
553.8
554.9
547.3
546.3
546
547.9
547.4
542.9
542.2
542.5
555.4
548.1
550.7
553.8
553.3
561.5
551.2
556.7
553.2
551.4
540.9
548.5
548.9
551.7
542.7
545.2
553.6
556.7
555.9
555.4
549.5
546.2
547.5
544.6
538.3
551
546
545.8
542.9
546.1
546.1
550.1
552
554.8
545
547.6
544.5
548.1
548.7
541.7
547.2
543.2
535.6
542
547.1
547.8
550.2
553
549.7
550.2
550.3
542.7
546.9
534.4
544
541.6
542.6
540.5
545.8
548.2
547.3
554.9
543.7
548.4
552.2
541.1
541.9
538.4
535.9
542.4
542.2
539.3
532.2
541.4
544.7
542.2
554.8
558
551.2
556.7
550.4
550
547.2
541.4
544.5
544.6
542.4
541
548
552.8
551.5
551.2
551.5
548.2
545.7
550.1
542.2
543.6
541.8
541.4
540.9
541
537.6
545.7
547.2
550.2
549.1
549.8
544
551
545.8
539.4
542.9
542.6
538.5
539.6
537
537.7
547
548.2
552.5
553.3
550.2
547.1
543.1
550
547.6
540
539.7
538.8
543.2
540
543.6
550.5
545.3
549
548.6
549.2
547.9
549.7
541.2
541.4
540.5
540
538.6
536.5
536.9
542.9
545.5
548.6
552.9
549.4
549.4
544.5
543.5
543.3
539.1
540.9
536.6
535.3
535.5
535.2
541.5
542.3
542
547.1
549.9
548.1
546.1
545.3
541.2
535.8
539.5
535.1
541.3
535.2
544
532
538.4
542.4
544
543.7
545.8
543.7
545.1
540.7
549.7
534
539.6
541.1
532
537.1
539.1
538.7
538.6
543
553.6
546.7
548.4
548.1
547.1
546.6
537.7
537.6
537.7
540.2
540.3
532.1
543.1
547.4
550.2
542.9
552.5
548.9
551.5
546.4
534.9
541.7
532.4
528.1
538.6
538.6
542.9
534.1
542.9
545.9
546.2
554.1
547.3
547
541.7
545
537.6
543.2
539.3
539.1
541.8
539.1
543.7
544.7
549.2
549.2
543.4
550.2
547
543.5
543.9
541.9
542.5
542.5
544.3
534.6
539.3
533.9
546.3
539.5
548.7
549.2
549.2
547.7
544.4
540.4
535.9
542.9
535.7
540.9
537.6
538.8
537.2
544.9
546.9
548.8
548.4
542.3
541.2
540.2
543.7
539.1
540.5
541.1
535
539.1
537.7
541.1
536
536.6
547.8
546.1
543.2
545.5
544
538.6
542.8
533.1
530.8
534.7
536
531.7
530.2
537.4
533.8
544.1
546.2
543.9
541.4
541.2
532.9
532
531.9
533.2
529.8
533.3
535.5
536.2
540.7
544
541.7
539.7
540.1
538.1
537.5
532.6
530.6
531.7
535.4
533.5
535
531.6
533
537.2
538.2
545.9
537.9
539.4
537.2
534.7
533.3
534.1
529.7
529.3
525
540.1
531.1
532.3
540.5
542.2
546.9
546.3
540.3
541.1
535.8
537.5
531.5
536.5
534.2
536.8
535.9
538.3
540.3
545.2
541.5
545.4
545
544.6
540.4
537.5
533.1
537.8
538.8
539.7
530.1
532
538.3
542.8
546.6
544.1
539.7
545.4
544.7
541.3
539.1
535
530.6
534
533.1
533.9
522.4
528.7
537.8
540.4
540.9
540.9
545.4
539.7
539.4
536.7
536.3
535
528.1
533.3
532.4
535.5
536.6
544
543.2
543.4
545.1
545.1
543.3
543.6
539.9
534.5
533.3
532.8
534
531.5
528.8
535.8
541.2
540.7
543.9
543.4
538.1
543
538
532.6
533.3
535
536.8
530.7
532.2
535.9
536.6
543.9
543.5
546.3
539.2
535.6
539.6
537.1
540.4
533.2
531.3
533.6
530.7
531.1
533.7
533.9
540.6
545.5
543.7
543
538.8
536.8
541.9
537.1
533.5
531.6
529
529.1
530.1
527.7
535.8
536.7
541.1
539
539.5
545.4
537.8
539.6
533.8
531.8
529.4
532.6
532.8
527.4
534.2
536
537.9
538.4
540.4
542.7
537.6
540.1
530.5
536.1
531.5
526.7
537.3
527.2
530.4
535.3
541.5
540.4
535
544.9
540.2
536.6
536.6
535.3
532.7
528.1
534
532.3
530.7
529.4
532.2
538.7
539.7
542.8
544.4
538.3
543.8
535.3
532.3
528.7
532.7
530.5
533
528.5
532.1
535.4
534.3
537.4
536.5
536.5
535.5
539.4
538.7
528.6
530
531.6
527.9
530.3
528.2
529.6
528.7
533.6
539
534.6
536.3
539.9
537.2
543.1
531.8
526.5
527.7
526.7
525.7
528.2
524.2
536.1
530.8
537.2
540.7
534.3
535.2
534.6
534
531.5
527.5
525.6
529.1
530
526
529.3
529.2
532.7
536.4
533.2
540.1
536.2
529.8
531.1
528.7
528.8
528.9
529.6
531.5
526.1
526.4
530
538.7
543.7
536.8
533.3
539.2
536
531.1
525.1
531.8
532.4
528.8
525.9
526.7
530.9
534.8
538.1
537.7
540.2
540.2
538.1
532.1
532.8
530
528.8
523.5
531.4
529.2
528.9
531.2
536.6
532
539.5
537.6
538.2
538.5
532.2
535.4
531.2
528
531.2
522.7
526.1
530.2
534.5
532
532
537
538.5
535.2
534.8
530.2
533
531.8
525.8
527.4
527
529.1
531.5
528.7
529.4
533
536.4
537.3
537.6
535.5
531.2
531.5
531
523.8
524.6
529.4
522.7
528.4
529.2
528.8
538.1
537.9
535.9
538.1
538.6
538.4
532.5
531.5
529.9
530.5
523.2
528
526.4
525.9
525.7
528.5
530.5
531.8
536.2
536.5
537.8
534
529.4
531.2
525.4
526.9
524.9
522.3
524.3
530.2
532.1
530.1
533.8
535.5
535.5
533.3
527.7
533.8
525
525.9
519.5
523.4
523.8
524.1
523
529.7
528.3
529.7
533.2
537
533.3
533.9
525.1
533.3
501.7
524.1
526.2
521.1
527.2
530.8
531.3
533.1
539.8
534
541.5
530.7
527.8
526.9
528.6
527.6
523
524.6
523.2
524.5
530.3
523.9
532.7
535.1
535.8
535.9
531
528.7
529
529.5
526.3
520.8
524.1
527.2
529.7
524.4
527.9
534.3
538.1
534.4
534.9
530.9
530.7
528.6
527.7
522.4
526.3
520.5
524.2
521.3
527.6
528.8
530.2
532.2
532.4
535.1
528.7
527.9
526.4
524.8
521.1
528.3
524.4
521.8
524
528.5
522.9
532.4
532.4
535.5
533.8
528.2
525.1
522.9
528.4
520
522.5
524.2
518.4
520.9
526.8
528.9
527.1
529.7
536.5
532.7
533.7
527.1
527.8
519.9
521.2
520.4
528.2
526.4
531.3
532.3
532.4
532.3
533.6
536
530.4
529.7
528.3
530.1
528.8
523.6
523.8
523.6
525.2
531.2
531
528.7
532.4
534.6
533.8
525.9
525.3
529.5
523.8
521
524.5
527.7
520.4
523.4
527.2
528.7
534.2
534.3
536.3
536.7
531.1
532.6
529.3
523.4
515.7
523
525
525.7
527.4
531.2
526.7
538.3
528.2
528.9
534.1
530.5
527.9
530.6
517.3
518.7
520.4
515.4
518.7
522.2
527.2
529.5
526.3
536.9
534.7
531
532.1
527.4
523.6
521.3
525.7
524.4
522.7
519.9
520.1
523.6
525.1
530.9
530.8
531.7
531.3
528.8
526.4
525.5
513.8
515.9
521.4
518.9
522.2
521.9
524.4
529.2
531.8
532.6
535.3
530.5
525.9
525.9
523.5
522.9
519.2
521.9
518.7
526.3
523.2
528.5
523.1
530.2
533.3
526.2
528.7
525.7
527.8
525.1
524.2
522.7
519.3
523.9
520.8
525.3
527.4
525.5
530.9
534.8
533.6
526.4
527.8
528.9
526.5
526.8
520.9
523.9
519.9
522.2
526.7
525.4
529.5
524.7
530.2
531.5
529.4
529.3
526.6
518
521.4
522.5
518.5
507.5
520.3
526.8
523.2
522.6
529.5
527.9
528.8
530.5
525
523.4
521
521.4
518.9
522
524.3
519
517.8
519
526.4
530.1
529.4
527.6
531.3
527.7
526.1
518.8
523.4
521.1
519.4
518.6
519.2
520.1
522.3
530.1
534.9
530.5
528.5
529.8
526.3
522.9
521.5
528
523.9
521.5
520.6
522.9
528.2
530.1
524
531.9
534.1
533.9
526.4
530.9
523.9
526.3
528.1
519.5
521.6
523.1
521.8
526.2
520.2
534.7
534.2
539.2
538
532
531
532.5
528.1
526.7
523.3
521.7
520.6
529.8
527.1
532.2
532
531.1
535.1
531.9
531
528.3
523.5
524.8
526.9
525.3
520.7
518
525.6
528.4
528
533
527.1
532.2
529.5
527.3
527.1
528.1
522.7
521.6
522.9
522.8
525.4
527.1
526.6
524.3
533.6
529.3
536.3
531.8
529
527.1
527.1
523.4
523.9
524
526
520.9
525
527.5
527.1
530.6
528.5
533.3
531.8
523.5
526.3
523.1
522.6
521.6
523
521.3
525.3
528.6
527.2
530.7
532.7
531.6
528.2
530.5
521.2
523.1
523
522.3
518.1
522.6
519.5
525.8
525.4
530.6
529.8
531.5
529.7
538.9
529.1
529
526.9
522
521.6
518.9
523.9
520.7
523.5
526.8
527.6
532.8
533.9
529.4
532.6
527
526.7
524.1
525.7
522.5
521.8
511.2
518.9
526.4
527.8
529.1
532.6
531.5
531
533.9
536.5
529.7
528.8
522.1
522.3
526.4
521.4
520.7
523
527.3
530.1
528.6
537.2
530.4
531.9
528.2
530.9
523.8
525.2
524.6
523.8
520
521.1
519.7
526.4
531.2
527.2
532.4
529.1
530.5
522.6
527.4
525.5
530.9
524.6
524.7
525.9
527
520.2
529
532.6
537.2
535.3
533.2
532.3
532.7
530.2
527.7
527.6
521.4
526.1
522.1
525
532.8
529.6
533.7
525.4
535.7
528
528.9
526.4
531
521.1
523.5
524.4
516.1
521.7
516.5
519
519.8
523.6
525.8
531.7
528.1
525.5
530.4
521.4
527.8
520.3
528.5
521.8
515.7
520.5
518.1
522.3
527
533.2
530.5
528.8
529.2
526
531.2
525
524.9
521.3
529.7
514.2
521.1
529.2
522.7
528.5
530.7
528.1
527.8
530.4
530.7
531.5
522.4
525.7
522.2
525.8
523.4
518.8
526.5
530.4
530.2
538.3
526.7
535.5
533.3
532.6
529
532.2
524.7
524.3
522.8
524.6
522.5
518.8
528.5
528.7
535.2
530.3
529.4
533.2
532.6
526.1
521.4
528.7
516.8
515.9
524.9
527
525.4
530.5
528.6
532.8
529.5
527.6
535.4
526.2
525.9
525.4
524.1
520.7
522.3
517.8
524.1
528.5
526.7
528.7
529.9
531.5
533.1
526.9
528.8
523.4
523.5
519.1
524.6
524.1
519.3
523.6
521.9
526.9
527.8
530.9
524.1
530.7
528.9
528.6
521.4
516.2
521.3
516.1
525.7
520
518.6
521.9
524.9
530.5
530
531.7
528.1
527.3
526
531.9
519.9
515.7
517.8
518.4
523.5
523.3
522.7
526.2
530.1
532.2
527.6
528.6
527.4
527.3
529
525.7
519.5
520.7
524.9
526.1
523.2
529.3
528
534.9
531.7
540.2
534.5
534.3
531.9
529.9
522.7
524.4
524.9
522.3
522.8
525.4
526.8
525.2
530.6
527.9
534.4
527.4
532.1
529
522.8
520.7
524.9
527.2
521.6
520.5
527.3
521.8
524.6
532.3
533.6
532.3
527.6
533.1
523.9
528.9
521.6
517
527.5
519.6
517.6
528.7
518.9
525.7
528.2
532.6
535.7
535.5
528.7
530.2
526.8
525.5
524.7
521.6
520.1
524.9
523.8
523.7
531.9
532.1
532.7
532.3
530.4
529.3
533.1
530.2
523.7
521.1
523.4
524.2
520.9
523.6
526
531.6
534.9
532.6
532.8
531.5
531.7
527.7
529.1
526.6
524.6
527.5
524.7
520.6
523.9
528.7
527.8
534.6
528.3
531.4
530.6
528.3
526.2
524.7
527.2
524
523.3
525.6
526
525.6
524.3
526.4
531.8
532.5
538.7
530.5
529.9
524.5
520.4
522.6
518.6
521.6
522.2
524
528.2
528.4
530.2
526.6
529.3
538.2
530.7
528.7
522.9
521.4
525.4
520.1
522.1
522.2
521.1
524.9
521.1
524.7
524.5
537
531.5
527.2
529.9
526.4
519.3
526.2
518
521.7
524.6
526.7
524.6
529.6
528.4
530.3
532.2
526.2
527.2
528.1
525.2
518.2
520.9
517.9
525.2
522.2
521.6
527.5
528.7
533.1
533.1
529.7
528.1
528.9
525.6
527.8
520.2
524.1
521.4
519.7
526.3
523.1
524.7
526.9
528.8
528.4
532.1
529
530.4
527.3
522
519.9
520.3
517
524.3
520.8
518.1
525.2
527
530.8
530.8
530.7
531.3
531.3
526.7
521.4
522.5
521.8
524.3
515
520
522.7
521.6
532.8
529.7
529.1
527.2
531.7
528.6
525.2
522
525.1
523.8
525.7
517.9
522.7
527.1
529.2
533.2
531.5
526.8
529.1
529.9
528.7
526.5
526.5
525.4
516.7
521.1
518.2
518.4
520.6
523.3
521.9
527.3
527.3
528.4
529.8
536.2
524.4
520.9
522.8
518.6
520.6
519.2
522.2
519.6
516.6
528.6
528.9
532.4
531.2
527.5
526.1
528.7
525.6
520.9
514.7
516.6
523.3
525.4
525.1
522.1
523.2
530.5
530.7
525.8
533.6
527.2
522.1
524
521.9
521.6
519
516.9
519.3
521.6
522.7
524.6
528.7
520.3
529.2
532
526
528.9
520.9
520.1
524.5
521.1
517.9
521.2
521.9
521.4
531.6
528.4
530.8
534.7
528.9
533.4
526.4
526.2
524.5
520.8
523.1
519.6
517.1
518.5
521.9
523.2
528.6
522.4
531.2
528.8
529.4
522.7
523.7
520.2
517.4
519.9
516.8
519.2
520.1
528.4
524.7
528.7
527.3
529.7
530.5
528.1
526.9
522.9
521.1
528.4
516.3
527.5
525.9
524.9
527.8
533.7
525.2
534.9
527.2
529.9
525.7
520.6
523.9
515.6
519.7
515
513.7
524.1
524.4
523.8
532.1
532.1
532.5
529.7
535.7
531.3
533.4
526.3
527.4
523.2
524.3
523.8
523.4
525.6
525
527.7
533.7
535.4
533.6
530.6
531.6
534.9
525.6
523.5
524
522
521
526.5
519.3
524
528.6
529.5
531.3
536.5
534.9
531.1
522.7
520.4
516.2
518.7
518.2
517.2
521.6
520.9
521.4
528.3
521.6
531.4
526.8
529.8
526.3
526.3
523.4
522.8
525.3
516.5
518.4
516.3
518.9
524.7
525.2
523.7
524.7
526.6
524.6
530.9
530
524.5
518.1
519.9
519.4
521.7
519.1
522.2
524.2
521.9
524.9
528
532.9
529.5
526.7
521.7
525
520.9
516.9
512.9
516.1
516.5
511.5
527.3
524.9
521.8
526
526
519.9
523.5
524.3
520.4
520
518.4
514.7
516.2
515.6
521
520.6
535.4
524.2
529.8
525.7
529.7
526.3
522.9
519.8
517.1
521.4
522.2
517.1
517.6
514.2
520.7
527.7
531.6
526.6
528.8
524.8
524.5
518.6
519.6
518.9
513.7
519.3
519.5
521.1
517.9
526.1
526.5
523.7
526.8
530.3
528.4
528.4
526.7
522.1
521.2
513.9
519.5
522
527.2
526.5
524.5
530.8
527.1
534.4
539
531.9
523.9
527.8
523.6
521.8
524.3
523.3
520.4
517.8
519.3
527
522.5
524.4
526.6
536.9
526.9
526.2
520
521.5
518.7
521.5
519.4
518.1
517.8
520.9
523
526.5
529.2
532.5
530.6
531
532.4
516
518.8
516.9
517.2
518
522.9
524.3
527
528.3
531.1
534.6
534.5
534.2
538.1
530.7
528.6
525.9
522.5
519.2
523.2
520.2
523.1
523.8
528.6
527.3
525.2
533
528.7
529.3
530.4
530.4
528.4
520.2
521.6
521.4
524.5
523.4
525.8
524.6
524.3
533
530.6
525.7
523
529.8
523.2
524
523.8
519.8
522.9
513.3
514.9
520.3
520.2
524.7
526.5
535.3
530.3
527.1
534.2
529.6
529.5
518.7
523.2
515.3
521.4
527.9
523.7
527.2
530.1
529.3
536.2
531.5
537.2
528.9
531.7
527.8
525.8
523.5
520.2
523.9
525
518.4
526.1
523.9
529.4
535.2
529
532.2
531.8
528.8
525.4
515.4
515.4
516
514.7
512.3
518.2
524.5
529.4
526.7
531
534.7
529.9
535.3
527.9
528.4
524.9
527.5
518.2
524.8
522.3
523.7
523.2
528.6
533.5
524.6
529.5
534.3
529.1
533.7
524.9
520.2
524.2
523.9
522.5
521.6
523.2
527.4
525.2
534.1
538.4
532.3
533.7
535
531.6
531.1
525.4
524
523.1
519.7
520.7
525.9
526.6
524.3
531.3
535.4
537.9
529.9
530.3
522.4
526.6
521.8
522.9
526.4
519.5
524.9
523.5
524.7
523.4
532.3
532.5
533
530.6
528.2
525.6
527.2
524.1
521.9
522
518.6
523.2
521.4
516.6
523.4
524.6
530.7
532.4
532.3
527.5
530.3
524.6
527.4
519.5
528
521.4
522.8
518.7
531.8
531
530.7
530
526.8
530.2
526.8
525.4
522.2
521.1
525.5
516.5
520.9
521.1
524.2
522.1
528
523.4
530.5
531.9
530.3
525.4
526.5
526.2
522.6
521.4
525.2
523.4
518.1
524.7
529
530.2
531.7
527.4
528.5
529.6
531.9
531.4
526
519.2
525.8
522.4
519.7
519.7
522.8
524.2
525.9
531.6
531.9
530.7
530.8
530.3
525.2
525.5
520.8
521.7
522.7
521.7
521.9
520.7
523.7
530
532.4
528.1
530.6
536.4
532
529.8
525
524.3
526.6
521.4
519.1
521.6
527.6
528
526.8
527.8
533.4
534.3
533
532.7
523.1
523.8
529.6
521.4
524.4
522.2
514.4
524.9
520.9
528.2
527.5
528.9
537.9
531.1
530.5
531.5
526.7
524.6
525.4
521.4
520.7
523.8
523.3
526.4
530.1
529.5
532.6
529
532.8
532.2
524.4
524.4
521.8
521.7
523.4
521.8
520.7
522.2
526.9
525
530.2
529.1
530.5
531.8
531.4
526.7
528.2
519.4
522.1
521.7
523.4
521.4
523.7
527
524.8
525.8
527.9
531.6
523
530
528.9
533.4
528.7
521.8
527.7
523.6
522.6
515.4
517.4
525.4
529.8
528.3
530.6
532.9
530.3
526.3
529.7
523.9
525.1
518.3
523
522.2
522.5
518.6
524
527.8
526.4
525.3
533.2
531.3
523.8
528
521.8
522.5
526.5
522.6
520.4
521.6
525.6
523.8
525.8
528.1
535.8
531.9
527.7
534.5
531.4
526.9
523.3
518.1
522.8
521.4
514.1
525.6
526.6
521.5
534.6
529.4
531
529.3
533.6
534.9
528
527.4
520.5
527.3
519.9
522.6
523.1
521.7
529.4
528.1
529.5
531.4
535.8
534.2
529.6
529.2
524.1
526
518.9
526.1
521.8
522.2
519.3
527.1
535.4
528.9
533
534.7
531.8
531.1
519.6
525
528.9
521.4
523.4
521.3
520.2
524.5
522.3
528.1
527.3
531
532.6
534.9
525
524.7
521.6
527.8
524.4
517.5
517.9
524.6
525
527.6
533.3
528.6
539.1
536.2
531.2
526.9
532.3
528.9
522.3
518.3
518
523.8
528.5
526.4
523.3
530.7
532.3
542.8
533
529.2
527.5
524.8
528
524.7
523.4
527.9
520.2
524.1
524.6
535.5
530.4
528.3
532.6
531
535.4
533.4
531.1
525.4
526.6
528.8
534.9
526.6
524.6
522.6
525.1
528.6
533.7
533.6
537.3
527.9
533.7
527.9
527.7
523.7
521.7
523.4
521.1
522.9
523.5
527.6
529
526.9
537.7
536.3
535.1
537.1
521.8
522.9
522.1
527.4
527.7
523.2
522.7
521.5
527.6
530.7
527.6
526.7
525.7
535.2
532
531
524.4
526.9
525.7
520.3
524.1
525
520.5
524.8
534.1
528.1
536.7
531.8
528.7
529.4
525.3
525.9
520.1
521.8
520.8
517.4
521.7
519.8
522.6
530.4
528.6
525.4
530.7
524.1
521.5
524.7
520.9
522.6
520.2
518.6
519.2
523.4
521.5
525.8
527.7
534.5
526.9
529.6
534.2
526.2
526.6
526.9
523.4
519.3
519.1
518.5
522.1
524.8
528.3
525.5
532.8
528.9
528.6
526.2
526.5
523.4
518.2
514.5
522.9
518.9
517.2
521.8
520.4
523.5
522.9
526.1
526.1
532
526.3
521.5
518.6
519.4
517.4
514.4
517.3
521.5
518.1
525.9
522.2
529.1
524.4
529.7
529.4
530.5
526.1
522.5
524.7
520.9
522.3
519.8
523.6
521.8
529.1
524.9
528.4
530.4
528.2
530.8
528.2
524.7
526.2
521.8
522.1
519.1
518.3
525.5
526.1
530.5
525.6
530.4
529.6
528.2
527.3
528.9
524.2
521.5
519.9
516.6
517.7
524.1
525.8
519.8
527.8
526.9
530.6
527.1
532.5
530
524.7
524.5
521.8
519.3
512.3
520.8
525.4
527.1
529.8
522.3
525.8
533.2
530.3
533
523
530.2
527.9
525
521.1
522.1
521.1
518.5
528.9
524.6
531.8
529.6
534
538.7
530.9
527
531.9
519.5
529.7
521.3
522.2
522.2
520.9
523.5
523.4
514.6
522.7
523.3
537.4
524
526.6
528.2
518.4
517.3
524.2
515.3
520
521.5
516.8
527.9
526.1
527.2
528.9
527.1
525.1
527.4
527.5
521.6
521.7
518.6
518.4
516.3
518.1
518.4
525.1
527.3
525.4
531.1
530.5
531
526.5
523.4
522.7
515.8
519.5
520.1
514.5
518.5
511.5
521.6
524.8
526.4
527.9
530.8
529.6
523.9
525.8
520.8
519.4
511.8
519.5
517.8
517.5
517.7
522.6
522
523.6
527.1
521.8
530.9
522.8
524.3
521.1
519.1
523
516.4
521.8
518
516.7
521.8
523.6
522.5
523.5
527.8
524.6
527.6
523
519.8
521.8
515.9
512.9
516
522.6
516.7
521.6
526.4
524.1
531.2
526.9
529
520.5
527.1
523
516.8
515.7
514.6
513.7
519.1
519.2
523.2
525.3
529.3
529.6
529.7
527.4
522.2
524.5
523.6
517.3
518
513
514.5
518.2
520.3
516.5
519.8
527.4
524.1
536.4
526.2
526.5
526.8
516.7
518.3
520
519.4
519.7
518.8
528.4
523.3
531.2
533.3
519.9
523.2
523.6
527.6
528.2
515.6
518
514
518.4
513.7
514.8
521
523.5
528.4
527.5
528.9
530.6
533.5
528.4
526.2
518.3
517.4
521.5
512
518.2
510.4
518.2
524.3
525.3
523.1
528.7
533.8
528.5
524.9
526.2
528.4
518.9
518.2
519.3
519.3
516.6
517.8
519.2
525.3
531.4
528
527.9
531.7
525.6
522.4
520.6
518.9
518.1
519.1
514.2
518.8
522.6
525.6
525.8
525.5
524.5
528.2
528.2
521.5
523.5
521.5
519
517.6
517.8
520.3
507.7
523.2
525.9
531.8
531.2
530.7
529.6
530.4
530.9
518.9
519.5
516.5
513.9
516.1
518.7
521.4
529.9
528.6
526.8
528.6
522
526.1
521.2
527.3
522.7
520.1
521.8
519.1
519.2
517.8
522.3
520.9
530
529.4
530.7
530.4
527.1
529.3
521.8
522.2
516
523.6
521.3
516.6
518.2
521
517.8
516.7
530.1
528.3
527
532.9
534.7
524.3
524.4
521.9
522.7
519.7
515.7
520.1
524.4
524.5
524
529.6
532.6
530.3
527.4
527.7
528.6
525.1
521.6
519.5
517
518.5
520.5
522.2
517.7
525.6
529.5
529
536.6
535.3
530.7
529.5
524.3
520.5
521.1
521.2
516.8
522.4
520.5
524.8
519.9
527.6
513
519.7
532.5
526.1
528.2
525.6
520.3
524.9
519.4
519.8
525.2
522.8
527.2
514.9
531.9
529.7
526.8
527.8
529.9
525.3
524.3
523
517.5
520.6
517.4
523.5
521.6
524.6
527.5
528.7
529.8
530.4
533
523.6
520.2
526.5
519
519.3
515.6
514.9
515.4
522.8
524.5
525.4
524.5
529
527.4
533.2
527.6
528.6
521.3
519.3
520.1
525.4
519.4
520.7
523.3
522.7
524.3
523.5
528.4
529.6
527
527.9
530.2
528
515.4
519.5
528.3
519.4
524.3
518.4
520.8
527.4
530.1
527.7
530
529.7
525
522.1
522.7
515.9
519.7
513.3
517.1
515.7
521.9
515.4
528.4
535.8
532.3
535.3
523.2
523.6
518.9
517
512.6
519.6
505.6
514.6
519.5
518.5
518.6
528.3
523.1
524.7
529.9
534.6
524.8
523.3
514.3
523.1
514
515.3
521.3
523.6
520.8
522.3
518.7
524.3
527.9
528.3
535.4
526
523
521.3
517.5
518.6
526.5
514.5
517.6
524.2
522.3
522.7
533.2
531.8
530.5
530.7
529.8
521.4
521.3
521.8
518.3
518.7
518.8
525.9
523.4
521.3
523.8
517.4
523.7
527
533.8
532.3
527.1
520.6
516
525
513.7
514.8
516.4
514.7
520
526
527.1
521.1
527.5
525.7
526.8
525.7
522.9
514.5
519.9
518.5
521.1
513.8
518
519.8
530.7
518.5
520.8
528.8
526.8
525.4
522.7
521.6
518
515.5
512.3
514.1
520.1
521.7
518.6
519.7
527.2
521.7
529.2
530.8
527.5
528.9
522.6
518.5
517.1
514
524.6
514.9
512.8
518
525.7
527.8
522.9
528.7
527.5
528
522.9
525
517.2
519.4
518.7
515.8
523.8
518.4
523.2
521.2
523.2
524.3
527.9
528.7
525.6
525.3
523.7
520.2
519.4
518.4
514.4
515.7
520.1
524.1
516.8
527.7
526.3
533.9
526.3
527.7
526.6
525.1
521.1
515.9
516.8
515.8
514.8
517.6
522.9
521.6
521.2
526.5
529.2
521
530.6
529.3
523
521.4
524.2
517.2
513.9
513.6
519.9
525.4
518.7
523.2
527.1
523.9
526.9
528.9
524.2
523.2
516.7
514.1
521.5
519.4
523.5
518.3
522.7
521.5
528.7
529.5
527.6
533.9
527
521.2
520.7
522.3
521.2
521.5
519.5
519.2
521
523.2
522.2
525.4
536
529.1
530.3
526.7
530.3
526.8
526
517.9
519.6
518.4
521.4
518.8
522.6
529.4
523.8
532.2
529.3
526.5
530.1
522.8
521
520.3
522
525.7
522.7
518.2
517
521.3
525.1
529.1
529.8
529
530.3
528.1
530.3
531.6
528
522.8
519.7
523.8
522.5
523.7
525.2
527
526.2
529.5
530
528.1
535.8
524.1
527.8
524.5
524.7
522.8
513.8
523.7
517.3
521.9
520.6
517.2
527.5
539.3
534.5
532.5
532.5
532.3
525.8
528.2
523.9
521.9
523.7
515.9
521.1
524.6
524.4
526.4
526.9
528.1
534.9
524.6
523.7
527.9
517.5
516.1
520.5
517.6
515.5
522.4
532.1
518.2
526.8
532
531.1
533.4
524.8
526.8
520.1
519
520.7
520
520.6
520.2
520.5
516.8
525.5
527.3
526.5
526.6
530.2
527.6
529
525
522.2
525.2
519
519.7
516.7
523.3
525.6
528.4
526.6
528.9
533.2
533
532.6
526.6
527.2
523.9
519.8
515.9
523.9
524.3
527.3
518
523.4
530.5
527.6
533.5
526
524.2
523.8
522
519.8
522.2
521.4
521.4
521.6
520.7
522.1
528.1
524.1
532.5
528.2
532.1
532.7
527.6
525.2
522.8
517
520.2
517.2
517.8
522.4
523.9
525.2
526.4
535.5
531.1
528.4
527.6
520.5
521.1
520
522.6
520.1
523.3
520.4
526.3
522.1
526.1
529.2
527.5
530.4
529.8
528
524.4
524.1
520.6
523.6
521.6
518.9
527.3
514
525.6
530.8
530.6
527.2
535.1
535.7
542.5
528.6
525
522.1
520.2
525.7
518.9
527.8
524.7
524
532
526.1
533.6
533.5
530.4
530.8
536.4
528.3
526
521.5
526.4
527.4
521.5
524.8
523.6
527.3
532.8
