964.1
971.7
968.8
970.4
974.3
975.3
968.3
962.7
963.6
964.3
957.2
959.4
958.2
956.2
958.6
962.1
968.2
969.4
966.4
965.3
969.3
968.3
960.3
955.2
953.1
948.9
952
946.1
957.9
956.4
956.2
959.5
957.9
970.5
970.3
952
952.4
954.9
954.7
952.1
954.5
951.5
955.1
951.4
956.6
955.4
960.9
962.9
956.7
960.2
960.3
957.1
952.9
952.5
949.4
954.3
952.2
947.3
949.4
953.5
949.5
955.8
957.1
958.2
959.5
965.9
958.7
955.2
948.7
947.2
950.5
946.4
951.6
944.8
948.3
945.3
952.5
957.4
956.4
957.4
951.4
949.6
945.3
945.9
945.3
948.5
939
935.1
939.5
940.5
950.9
950.2
946.6
952.1
951.2
950.2
945.8
941.8
945.4
935.2
935.5
940.7
937.6
935.3
936.3
942.5
939.4
943.2
950.1
948.4
946.1
941.6
942.3
938.2
941.5
934.3
932.2
936.6
931.2
929.9
932.4
935.1
934.9
939.7
945.7
945.7
943
938.4
933.9
934.8
932.4
928.1
930.5
930.5
929.9
931.6
936.5
940.6
937.8
941.3
941.2
940.8
938.4
934.1
932.6
927.9
929.4
937.3
927.3
928.5
927.2
942
932.1
941.9
936
945
937.2
939.9
943.7
943.1
943.3
934.1
929.1
932
935.3
929.8
929.9
935.3
936.2
942.9
936.2
940.3
938.5
934
932.5
935.1
926.6
929.7
921.5
927
927
937.5
934.4
932.9
939
934
939.7
930
936.9
934.2
923.4
925.9
921.3
923.8
919.9
923.8
924.1
925
938.1
937.3
939
936.5
930.6
934.7
930.3
925.3
921.9
931.7
928
922.3
922.1
922.6
925.1
927.7
927.2
932.4
935.1
932.4
927.4
925.2
920.2
912
918.1
914
917.5
925.2
919.3
917.7
921.4
927.2
926.1
925.7
928.9
927.9
926.1
924
920.2
923.2
908.6
909.1
920.3
909.8
907.4
913.1
916.9
919
917.3
921.9
919.5
917.4
916.9
906.5
912.8
911.5
911.3
901.4
902.1
915.3
912.6
913.3
916.2
918.5
915.6
915.3
910.5
910.4
911.3
906.9
907.3
914.4
909.5
904.2
901
911.2
912
914.4
916.1
917.6
916
909.7
918.2
906.4
899.9
907.5
903.3
912.5
915.1
913
916.9
917
921.1
921.4
923.1
922.5
916.9
910.4
912.6
907.7
908.4
908.2
910.5
906.8
913.1
921.2
913.8
915.4
919.1
923.9
919.5
914.8
907.9
914.2
907.1
904.6
909.9
902.5
902.8
904.4
908
913.5
917.4
916.9
912.2
922.6
916.3
909.1
911.8
907.5
907.3
902.9
905.1
909.1
906.1
909.6
916.2
917.3
912.5
913.6
911.6
909.7
909.8
903.5
901.5
905.1
909.8
906.3
894.2
905.9
908.1
910.4
911.8
909.1
917.1
914.8
912.6
909.4
904.4
907.7
904.4
900.3
901.2
900.8
905.1
903.5
909.7
906
915
914.2
910.6
904.3
913.1
900
901.3
899.7
897.1
902.7
899
901.2
905.1
914.3
906
907.7
914.9
907.5
912.5
904.8
904
897
897.7
893.6
895.6
892.5
898.6
897.7
898.1
902.4
901.4
908.4
901.5
906.4
907.1
900.5
898.5
891.5
896.9
893.6
887.4
893.6
897.4
897.5
900.7
906.8
904.6
900
902.5
898.6
899.4
891.4
888.6
886.5
891.3
889.8
890.6
893.8
894.2
888.8
901.6
899.4
900.1
897.8
898.5
898.8
889.5
894.5
892.8
886.3
880.8
879.3
889.3
897.8
901.9
900.5
898.2
901.8
897.4
896.5
888.7
890.5
881.6
884.4
887.9
886.9
886.8
893.6
898.4
906
903.1
904.9
909.1
905
896.8
893
888.7
894.8
890
897.6
894
899.6
896.5
900
896.1
904.4
904.2
896.7
897
894.6
895.7
889.6
886.6
890.2
890.6
890.9
878.2
895.2
898
898.3
897.6
895.5
898
895.6
889.1
889.8
891.4
885.8
890.6
887.1
890.5
890.4
894.6
899.1
899.1
898.8
901
895
895.2
885.5
880.7
882.6
883.5
886.9
884.4
884.4
887.5
891.3
892.1
894.5
899.7
889.7
892.3
892.2
886.2
890.7
888.2
886.1
880.7
879.6
885.9
889
885.7
890.9
892.7
895.2
893
889.6
889.6
890.3
881
884.6
883
884
881.4
884.7
877.5
887.3
885.8
890.6
888.9
897.7
894.8
883.2
882.5
883.3
879.5
881.5
869.6
880.3
879.3
879.1
881.9
888.3
894.4
891
889.6
888.8
883.7
882.8
881.1
878.8
883.6
877.3
883.6
881.4
884.3
886.6
885.8
884.1
893.6
893.7
894
885.4
882
877.4
873.8
880.2
873.8
877.2
875.4
882.1
880.9
880.2
882.1
885.4
883.6
888.7
879.2
881.3
875.7
878.3
875.2
882.5
888.4
885
882
886.8
882.1
883.2
887.7
878.7
882
878.7
878.7
875.4
869.3
873.3
875.3
870
869.9
874
873.9
877.1
880.6
884
885.9
876.1
876.6
871.8
868.2
870.3
870.1
867.7
864
864.9
864.7
866.6
877.2
874.2
875.3
877.4
872.8
870.4
862.9
866.2
869.1
872.1
864.8
868.2
872.7
875
879.5
884.8
881.1
881.7
879.5
876.3
877.3
873.4
871.7
874.8
869.6
873.8
872.6
867
871.6
870.3
873
873.2
878.3
874.8
865.7
873.8
866.6
868
863.8
867.7
865.8
861.1
865.9
864.9
869.1
869.1
874
872.2
874.7
869.1
867.5
867.2
860.9
867.2
855.8
860.9
861.7
861.9
866.4
861.3
865.8
871.8
869.9
871
867.9
860
865.6
862.5
857.3
867.3
855.1
867
859.5
861.2
863.1
866.9
872.3
868
868.7
872.3
861.6
866.1
863.2
862.2
864.9
867.4
856.8
854.9
865.2
864
866.2
866.8
873.3
861.8
865.5
869.3
865.1
853.7
858.9
855.4
853.2
852.6
862.8
854.9
858.6
860.8
857.2
859.6
862.5
863.7
859.2
860.5
853.8
852.3
855.4
853.8
849.4
856.1
862.7
862
863.7
863.8
865.3
863.6
860.9
863.2
844
852
857.8
851
846.2
846.8
849.5
852.3
858.8
860.1
868.3
857.7
859.5
860
856.7
852.9
854.4
850.4
845.9
850.4
849.7
850.9
848
855.3
858.1
856.7
859.6
859.3
853
848.9
847.9
854.8
844.8
847.5
843.1
839.4
849.6
846.7
852
852.5
852.2
857.3
849.3
856.2
843.5
843.3
851
843.1
842.4
843.5
844.4
842.9
845.5
850.1
854.6
854.8
856.3
852.9
853.7
851.7
850.1
841.4
847.5
841.3
840.9
846.2
844.3
852.2
853.8
856.7
851.7
860
853
858.8
848.4
844.6
843.5
842.1
840.3
842.1
841.9
835.4
848.9
849
846.3
857.1
851.7
844.7
848.3
846.1
841.7
837.7
841.7
839.2
841.3
840.9
847.4
845.2
845
852
856.4
852.2
847.6
848.2
839.9
844.1
838.1
833.7
836.2
837.5
836.8
843.1
845.6
843.7
847
845.8
847.4
846.7
843.6
842.8
836.3
838.2
832.6
830
839.2
837.4
841.6
842.4
843.1
841.7
846
839.9
836.8
838.8
840.4
839.7
836.9
833.1
830.5
828.4
837.3
836.3
839.4
838
840.7
849.1
837.4
837.2
834.5
833.2
829.5
830
830.7
827.5
831.1
832.2
832.8
830.7
835.3
833.4
834.2
831.3
839.1
828.3
825.2
828.7
822.8
825.3
826.1
830.2
828.7
829.8
832.6
831.5
833.1
838.1
828.7
835.7
821.2
828.3
822.1
829.6
819.7
821.6
819.8
822.7
827.2
829
831.1
831.2
833.6
830.2
830.5
821.9
820.2
820.6
830.4
814.7
822.4
814.8
822.7
839.4
831.2
832.3
827.1
824.3
827.6
827.1
824.9
820.4
810.1
811.1
812
815.4
812.2
817.8
821.2
819.2
816
819.9
820.8
820.4
821.2
817.4
816.7
815.7
807.9
810.7
811.3
809.9
812.2
815.8
818.6
817.8
816.9
819.9
816.7
813.7
811.2
809.9
810.8
807.7
808.6
802.3
802.4
807
816.7
808.6
807
820.3
820.1
813.2
809.6
809.1
806.5
802.4
799.6
802.1
799.2
802.3
806.3
804.9
808.5
809.6
816.3
814.7
811.8
805.3
807.2
794.2
802.8
799.8
798.1
802.3
802.7
801.3
804.9
802.4
809.8
804.2
810.5
807.5
801.8
803.9
795.5
800.1
793.6
800.5
791.6
798.3
794.3
796.1
802
808.4
802.8
802.5
799.5
799.1
790.9
798
788.9
788.9
794.2
794.1
791.1
799.3
799.8
805.2
803.7
806.7
804.9
804.7
808.1
801.1
797.3
788.8
796.1
795.7
787.2
798.1
795.2
796.9
804.9
798.8
800.9
796.5
798.3
797.3
791.3
793.8
791.1
790.7
788
790.7
790.1
793
797.1
796.4
797.7
796.2
798.7
795.5
788.6
789.7
781.4
783.5
790.1
789.9
787
791.3
791.9
794
795.7
790.4
799.9
790.6
791.2
788.2
785.3
782.4
780.5
778.8
783.8
782.3
787.4
787.9
788.1
790.6
791.9
789.6
788.3
787.7
786.3
781.9
776.2
781.5
776.7
778.5
777.6
781.9
780.2
778.5
783.9
786.3
790.1
778.5
779.5
766.5
772.9
775.3
771.5
771.9
768.8
773.6
776.9
783
783.6
778.5
782.7
781
780.8
781
770.5
772.7
772
770.7
769.8
768.4
772.3
778.3
773.7
779
781.5
779
776.4
772.5
770.5
767.3
768.4
763.6
759.9
765
763.8
763.6
763.2
769.2
771.7
773.9
774.6
771.7
765.6
763.4
766.8
760.8
762.6
763.1
762.9
764.6
760.5
768.9
764.5
770.1
778.4
772
765.5
767.6
763.1
764.1
757.3
759.4
758.2
756
756
755.4
760.2
758.7
765.5
761.8
773.2
764.8
764.4
756
760.9
754.4
748.5
754.2
755.6
757.1
761.2
763.4
762.1
772
772.8
768.9
763.2
761.5
762.3
756.5
753.9
761.9
753.2
755.6
762.5
759.2
754.3
751
763.3
760.9
755.1
757.6
760.5
752.6
752.8
745.6
746.4
750.2
736.3
737.5
750.9
750
751.5
755.5
746.7
757.5
752.5
745.9
745.7
742.1
755.6
735.4
744
747.7
743.9
746.1
743
747.8
750.2
757.5
758.6
744.9
747.1
746.3
749.6
744
736.3
739.5
735.7
740.6
741.4
745.7
747.7
744.5
749.8
752.2
747.7
748
739.5
738.8
737
740.7
739.2
733.6
732
735.7
736.1
741.5
743.2
751.2
745.7
746.2
740.3
742
734
738.3
736
733.9
738.3
731.2
732.5
740.9
742.2
739.2
739.3
748.1
738.3
737.2
733.7
731
735.8
734.2
729.7
727.5
728.6
733.7
734.5
742.9
740
742.6
746
740.9
737.2
733.6
730.5
729.4
729.7
727.2
721.1
727.4
727.6
731.9
732
738.4
740.2
738.9
739.4
731.6
728.6
725.1
724.4
723
726.4
723.8
722.6
725.5
729.6
726.5
731.8
728.1
727.4
733.6
725.9
724.7
723.7
724.9
726.3
720.7
721.6
724.8
724.7
733.9
724
725.9
727.4
728
721.1
722.3
721.9
722.4
716.7
720.5
720.4
714.7
715.7
723
725.5
724.1
730.1
726.9
727
724.2
716.5
718.1
721.9
718
722.7
725.8
720.6
728.1
720.2
725.8
727.9
728.3
731.5
721
720.1
719.1
723.8
714.2
719.1
716.2
717.4
728.3
718
720.8
721.6
721
722.1
728.8
725.6
722.2
720.4
715.5
712.9
710.1
716.4
707.2
714
717.1
720.4
719.7
724.9
723.5
729.5
729.4
718.9
717.8
712.4
714.5
712.9
713.8
713.8
713.1
712.9
718.3
718.3
723.8
720.7
721.3
718.9
719.6
712.9
711.8
711.1
709.7
701.4
709.6
703.6
707.8
716.7
709
719.1
718.7
718.7
706.2
711.5
709.6
708.2
712.1
704.7
708.6
710.7
710.8
709.1
717.7
714.1
718.3
712.4
717
710.2
709.7
710.8
704.2
699.3
709
704.6
696.3
703.3
706.2
703.2
711.9
708.6
715.5
709.8
707.7
700.6
706.3
699.1
701.2
700.5
698.6
689.3
699
704.5
703.2
704.3
714.1
708.8
708.6
707.1
703
702.8
697.4
698.6
696.9
698.3
700.2
700
689.8
698.7
702.8
704.5
704.5
709.8
705.3
705
711.5
697.5
698.1
697.9
699.6
695.3
691.7
700.2
702.1
697.1
707.3
705.5
707.6
705
700.4
700.5
694.2
691.6
693.8
686.6
693.4
690.4
696.4
699.1
701.7
702.8
703.2
702
703.8
701.9
694.7
689.4
689.6
688.8
694.2
690.3
691.9
695.1
695.9
696.5
699.5
697.9
706.9
694.2
699.2
690.8
691.2
693
689.7
687.6
677.9
690.4
689.8
695.5
689.8
700.2
694.3
700.2
695.9
684.3
689.7
689.8
687.6
684.7
683.4
687
686.3
691.4
691.7
692.8
694.1
700.2
693.8
691.3
684.5
688.3
685.5
683.7
685.9
687.2
682.7
686.1
689.5
672.1
684.6
689.5
690.1
694.8
690
689.1
688.8
685.6
680.7
685.1
681.7
681.5
681.8
686.1
688.4
696.9
692.4
690.1
691.1
686.4
682.7
681.7
683.3
677.1
677.1
678.6
678.6
680.1
679.5
680.5
685.9
687.7
684.5
686.7
689.8
689.3
677.5
679.8
675.4
676.7
679.9
674.1
673.5
681.5
686.9
681.5
680.9
684.9
682.6
673.9
678.8
679
670.7
671.6
670.9
671.2
672.1
673.9
677.1
682.1
685.9
681.4
681.9
674.6
682.4
675.5
667
678.9
672.1
669.9
667.3
669
675
669.7
678
678.7
683.1
679.1
678.1
675.7
669
674.5
667
668.7
667.6
667.3
663.8
672.9
667.1
674.8
674.2
677.3
679.3
670.3
675.2
672.2
668
669.2
669.4
666.4
669.4
664.6
668
675.9
669.3
677.7
676.2
678.6
673.2
672.5
671.5
664.2
663.6
660.5
662.6
664.5
664.2
663.6
671.6
670.3
668.4
671.6
664.6
673.1
668.8
667.5
662.5
667.7
660.2
662.1
664.4
666.9
665.8
668.6
669.4
668
673
673.7
669.3
665.6
664.1
660.9
662.3
656.6
658.3
660.4
661.3
662.5
671
669.8
668.9
671
668.7
662.8
663.1
665.1
659.4
661.1
656.1
651.5
656.9
658.5
660.9
663.4
667
669.5
666.1
661.6
658.5
658.7
654.2
657.9
652.2
652.7
661.8
659.9
655
658.9
667.4
660.6
665.4
664.5
669.5
662.8
664.5
658.1
653
659.3
654.2
653.4
654.6
651.2
657.3
661.9
659.3
666.7
663.1
669.6
660.1
652.8
655
652.5
647.4
651.7
654
649.4
653.8
652.1
656.1
659.3
664
664.6
661.5
657.1
657.6
654.8
655.6
653.2
653.4
648.5
653
653.3
651.3
650.7
660.5
661.5
658.7
660.9
652.1
658.9
644.5
645.7
647
648.7
641.9
647.5
647.8
656.3
654.4
650.3
663.2
665.2
661.9
660.3
652.2
653.9
650.7
654.6
654.3
658.9
649.8
660.9
656.6
661.1
665
661.3
663.4
663.7
656.7
650.9
660.4
642.1
652.1
651.3
648.7
654.2
649.9
658.9
659.7
651
657.9
653.8
660.4
655
654.2
653.2
640.7
659.5
647.2
644.1
648.2
649.3
645.9
655.1
657.8
651
653.2
649.2
656.1
652
649.6
645.7
639.3
641.8
648.9
642.2
651.7
655.6
645.9
646.6
649.8
654.8
652.1
650.9
645.6
650.2
650
642.5
646
647.6
641.8
639.1
640
644.8
661
649.4
659
656.9
651.7
648.9
645.5
644.8
643.5
633.5
637.9
643.5
651.7
650.4
653.5
657.4
646.3
651.3
652.9
656.2
643.5
647.7
645.8
639.7
642.1
640.1
636.4
646.8
646.1
649.7
654.3
657.7
657.2
651.5
645.7
651.9
646.3
648.8
646
641.1
646.4
649.5
646.5
645.2
651.8
658.8
650.8
658.2
653.3
646.3
646.6
650
645.2
643.6
639.9
643.9
645.7
639.6
641.8
644.9
652.1
648.8
652.1
658.6
654.7
649.7
646.5
637.2
643.8
645.9
638.6
643.3
643.9
647.7
649.9
652.9
654.2
647.4
641.3
646
642.7
640.8
632.9
638.3
629
632.1
633.3
640.1
634.3
642.6
648.4
644.9
640.7
644
641.9
631.4
635.3
632
637.3
631
635.4
636.8
637
636.4
635.3
643.9
639.6
646.1
641.9
636.8
639.4
636
634.3
629.6
629.4
628.3
632.4
627.2
635.9
638.2
636.8
635.8
640.3
639.1
636.7
638.1
638.2
633.3
633
627.3
627.6
634
625.9
627.6
635.8
635.8
637.4
638.6
635.3
644.2
636.9
641.1
636.8
627
628
628
628
625.3
629.1
630.6
630.4
641.5
636.9
639.5
640.6
641.3
634.3
640.7
631.5
631.7
630.9
635.9
632.1
625.7
631.8
631.7
634.3
637
641.4
633.2
635.8
639.9
635
631.4
629.5
631
621.2
631.6
630.8
629.3
631.5
641
634.1
640.5
641.5
633.3
633.8
627.8
628.8
625.9
627
623.6
627.3
624.3
627.1
630.5
632.2
633.8
639.7
631
634.7
628.6
634.3
625.4
627.3
614.2
614
622
625.4
624.4
631.5
629.3
627.3
634.9
633.3
627.9
629.2
628.4
623.5
620.3
620.8
623.5
623.9
619.7
623.8
620.5
627.8
626
630.9
632.3
631.8
630.5
626.5
627.7
619.7
618.8
621.8
612.8
620.8
616.8
627.7
626.6
627.8
632
629.1
627.8
626.9
619.5
618.5
615.6
618.4
617
619.6
613.1
618.4
618.3
627.1
625.7
625.8
625.8
625.8
622.3
615.6
620.8
612.7
618
617.2
614
611.7
618
620.2
627.7
629.2
624.7
626.1
625.4
613.3
607.9
613.7
611.7
612.7
618.4
614.2
620.1
617.1
618.9
621.6
621.8
624.1
624.5
621.7
619.2
616.7
617.8
608
603.8
611
610.7
615.4
622.6
618.1
619.7
616.6
616.1
618
617.3
618.7
609.6
608.8
606.8
604.5
612
613.5
611.4
611.8
612.6
616.2
620.1
619.5
613.9
614.5
615.4
611.2
607.7
608.2
607.4
610.9
610.1
603.3
617
617.9
618.3
615.3
620.2
616.9
613.8
609.3
609
610.1
608.5
606.8
603.5
609.7
610.3
601.7
611.4
614.6
615.9
613.3
608.3
608
610.3
607.9
608.5
606.1
608.3
606.8
599.7
605.3
606.4
603.1
604
623.5
615.7
612.4
609.9
601.7
609.6
604.7
602.7
602.4
602.4
603.2
605.3
607.7
609.6
607.2
613.7
609.2
613.3
609.8
606.2
602.9
602.2
596
601.5
599.2
596.7
607.1
606.7
606.4
609.4
606.3
613.2
610.2
609.4
604.1
598.3
601.5
599.2
592
596.3
598.6
601.8
597.6
605.5
608.4
609.1
605.5
605
605.3
604.4
599.8
599
597.9
596.4
600
598.7
603.3
598.5
606.3
608.1
605.1
607.9
604.9
604.2
604.4
597.6
599.6
589.8
591.5
601.9
596.8
599.5
599.4
597.4
605.3
605.7
599.8
602.7
599.5
599.2
599.2
596.6
591.2
592.7
589
596.5
599.8
599.3
596
605.8
603
601.6
597.7
598.3
590.7
590.4
591.3
592.5
597
591.9
590.9
598
594.3
600
597.5
598.9
603.4
601.2
595.9
593.9
595.8
593.7
597.7
594.5
590.7
585.5
592.9
598.1
599.5
600.4
603.3
604.1
598.8
593.4
588.7
588.7
588.5
590.2
588.7
590.5
594.4
595.5
592.9
603.5
601.9
593.1
598.3
593.2
593.8
590.9
587.5
589.6
592.8
588.6
587.5
589.5
592
595.4
591.7
599.8
597.9
589
589.8
591.3
595.2
589.7
586.3
580.8
584.4
585.8
595.1
592.7
587.9
594
599
597.6
592
594.8
585.3
595.5
589.1
583.8
583.9
583.4
582.1
589.1
584.4
589
595.7
597.1
595.7
596.3
594.5
588.8
585.6
587.6
582.8
584.3
586
582.5
590.2
588.1
593
590.4
586.6
590.9
588.5
589
581
588.2
586
582.6
586.9
580
583.8
587.3
590.3
583.9
588.4
591.6
593.1
591.7
583.1
583.8
588.4
584.1
582
580
582.1
582.1
581.8
592
588.1
591.1
586.4
587.9
586.6
581.7
583.9
587.9
576.2
579.3
578.1
585.3
581.5
581.4
586.8
587.6
588.9
589.3
584.5
582.9
584.1
582.2
577.6
576.2
578.4
578.3
575.3
579.8
583.4
577.6
589.1
584.3
592.8
583.6
583.5
582
576.1
580
575.4
574.3
574.8
577.9
579.6
581.6
583.2
584.5
587.4
584.3
588.7
581.6
576
580.1
572.7
577
578
577.1
573.7
580.9
581.1
586
579.2
580.4
584.3
586.3
580.4
577.2
576
582.4
581.7
579.3
578.6
578.6
581.3
579.3
580.8
586.8
592.8
589.9
590.1
585.5
580.2
579
573.1
572.9
577
573.6
568.2
580.2
585.2
581.6
574.8
589.4
583.2
583.8
589.1
575.6
576.5
578.3
577.2
576.8
574.2
579.8
574
584.6
584.1
587.3
585.9
580.9
582.4
573.8
578.1
577.1
560.9
574.3
577.4
576.6
575.5
578.1
574.4
575.6
579.8
582.6
580.7
577.4
575.4
576.4
572.8
571.4
573.8
573.5
575.5
576.5
577
577.2
583
587.9
587.2
582.9
586.2
582.5
579.2
578.1
576.4
576.3
574.5
575.6
575.3
577
578.4
579.7
582.8
584.7
585.3
582.5
581.3
577.6
569.5
576.6
570.4
569.9
565
574.6
578.1
577.6
572.7
579.1
573.8
576.3
579.8
572.5
574.4
574.8
569.8
564.9
564.4
563.9
564.6
579.1
582.5
580.1
579.7
581.3
578
580.7
579.6
575.2
576.5
571.1
571.8
568.9
568
575
577.2
574.9
577.4
580.5
581
578.1
584.5
574.1
574.9
569.7
570.6
568.5
567.1
575.1
574.8
568.3
563.8
576
578.7
581.7
574.6
574
575.4
565.8
570.1
568.6
569.7
572.8
571.6
565.9
570.3
570.5
572.5
571.8
570.9
568.3
567.2
567.1
558.8
563.5
559.2
561
562.4
558.7
568.5
569.7
577.4
554.3
569.5
575.2
570.6
568.5
569.8
568.7
566.4
566.7
567.2
567.8
565
565.7
566.2
577.1
572.6
574.9
576.6
580.3
568.8
574.5
565.4
564.5
566
565.4
563.4
564
567.6
570.3
576.1
574.8
571.8
576.3
575.1
571.7
572
568
564.4
562.4
564.8
567.4
563.9
566.1
567.1
576.3
575.5
571.9
572.5
575.6
573.6
571.9
569.7
572.3
562.3
565.2
566.2
564.4
566.7
564.9
572
575.4
574.3
571.8
581.2
564.6
564.7
565.9
564.5
568.6
562.3
566.9
563.9
563.8
565.6
569.5
571
573.5
572.3
571.6
567.7
566.6
565.1
564.7
561.5
564.4
554.4
565.9
562.9
564.9
568.3
572
569.8
570.5
573.8
567
563.1
566.8
558
560
559
559.8
561.5
559.8
558.6
568.5
569.5
572.7
568.3
568.8
567.7
565.3
559.9
564.5
563.5
556.4
561.5
564
560.8
567.1
567.7
570.9
569.2
567.7
562.5
564.7
564
562.4
560.3
557.5
554.6
557.3
562.9
564.5
567.7
564.7
568.9
570.4
568.3
560.6
558.4
560
555.8
557.4
559.4
560.7
552.1
560.3
562.8
562.5
570.9
567.9
564.5
568.1
568.4
564.3
563.7
560.7
557.6
554.3
562
556.8
558.9
563.5
564.1
564.6
565.3
566.3
568.3
563.3
558.2
561.8
564.3
555.6
561.4
558
557.8
554.7
560.2
568.6
564.3
565.1
561.4
562.6
555.8
555.1
557.7
559.8
559
556.4
557.6
556
561.1
562.2
562.2
557.3
564.1
561.2
562.6
560.2
559.8
554.1
553.2
553.4
553.4
552.9
554.1
555.9
558.9
560.8
566.2
565.9
558.9
564.3
561.8
557.1
560.6
550.5
557.7
556.9
554.7
551
552.1
553.2
562.3
565
564
566.6
568
559
550.7
552.5
552.5
549.6
549.5
553.6
557.9
552
557.5
561.8
559.2
563.1
569.3
563.7
560
557.4
557
549.9
551.1
552.5
551.6
559.1
552.9
554.2
555.8
565.3
563.5
560.8
560.6
559.6
556.8
558.6
555.8
551.3
555.3
552.9
548.2
555.2
555.9
558.3
558.2
555.7
560.7
561.4
557.8
558.8
556.2
547.8
550.7
551.2
548.6
548.8
548.9
553.8
560.9
556.3
554.8
560.5
560.4
554.3
555.8
554.3
550.9
554.6
547.9
546.5
547.6
548.7
550.8
554.4
560.2
557.1
562.4
560.5
553.5
552.3
552.1
552.5
554.3
547.5
548.9
551
557.1
551.8
554
556.7
562.4
558.9
557.4
552.6
557
554
554.1
549.9
553.1
551.5
558.1
550.5
550.6
548.3
556.2
557
557.1
558.1
558.5
559.8
556.1
552.2
552.3
549.5
550.8
545.8
546.3
557.6
546.7
553.1
553.5
556.8
553.6
553.3
554.3
554
553
546.2
552.8
551
546.8
547.1
545.6
550.8
552.9
551.7
555.3
551.2
545.4
557.7
549.1
549.6
548.4
547.8
547.3
549.1
545.3
543.2
547.1
547.8
550.5
550.4
554.5
552.7
551.5
548.8
550.8
550.6
544.7
544.9
544.5
542.4
539.9
543.7
542.8
549.6
555.6
557
555.3
565.2
553.5
545.7
544.1
549.9
550
544.2
543.2
543.2
544.8
549.2
549.1
555.3
552.6
556.9
553.5
554.2
552
552
547.8
544.5
541.8
542.3
548.6
539.8
543.1
549.5
551.2
557.6
552.8
551
544
544.1
543.4
542.9
540.4
545.2
542.3
548.3
539.1
543.4
550.4
551.1
552.1
553
548.6
550
551.2
550.5
541.6
541.5
544.3
538.1
545.1
548.3
545.5
551
550
553
553.6
548.2
551.7
554.2
543.5
546.3
546.2
540.8
541
543.3
544
542.3
545.5
554.7
542.5
551.6
549.2
549
545
543.4
544.3
540.5
540
542
543.6
538.2
545
545.5
552.7
551.7
549.7
548.4
549.4
547.8
545.6
533
537.8
543.3
542.2
543.5
539.3
543
546.2
547.5
546.8
550.9
550.3
545.6
545.6
540.4
540.7
538.8
539
543.5
535.4
539.3
539.2
547
546.4
554.7
549.6
552
544.6
543.8
545.2
539.3
540.7
538.5
536.4
541.6
539.2
541.4
545.6
547.6
543.6
549.8
541.7
546
540.7
539.1
534.8
534.1
536.1
535.9
537.3
536.6
547.3
543.3
544.7
546.7
549.3
544.5
545.9
542
544.4
540.7
536.3
535.1
540.8
541.4
542.7
546.4
537.7
551.2
551.5
552.7
548.5
543.9
545.4
545.5
547.2
539.2
536.6
544.2
543.3
541.2
545
549.8
544
550.3
549.7
551.7
545.4
542
544.9
542.2
537.7
536.5
527.6
538.6
539.2
541.5
542.2
539.8
554
550.7
551.5
552.8
543.4
544.1
542.5
536.3
536.3
539.2
538.7
537.8
539.2
540.1
537.8
543.6
543
542.4
544.6
544.2
539.8
536.4
528.3
528.6
536.3
530.6
538.6
529.9
546.4
546.3
540.5
542.5
552.6
544.7
540.3
549.8
533.1
545.8
540.6
541
535.3
536.9
540.7
543
540.3
545.5
552.2
548.2
547.4
544.5
540.6
545.6
543.3
537.7
536.4
534.9
535.4
538.8
536.3
545.2
547
546.4
544.1
541.6
540.1
544.6
534
530.9
534.1
538.8
539.3
530.3
538.7
537.4
536.3
537.9
536.6
541.7
540.9
536.9
536
535
538.8
530.6
530.1
528.4
531.6
536
530.3
538.4
538.2
538.8
541.7
536.1
537.2
540.8
534.5
536.2
533.5
533.9
531.9
531.9
536.2
542.8
543.7
547.1
550.3
550
547.4
535.4
541.7
541.1
538.5
532.5
536
536.8
534.1
532.9
542.1
542.7
544.3
546.8
542.4
550.3
538.8
541.2
541.2
534.3
538
535.4
532.6
537
534.5
538
539.5
534
537.8
540.6
539.5
555.1
533.8
541.2
539.2
531.4
533.5
535.2
532.5
539.3
534
533.5
545.2
541.6
543.7
536.1
536.4
541.1
529.9
540.8
540.8
527.5
535.5
529.3
529
538
540.7
536.3
539
545.2
543
539.2
548.9
540.9
538.6
533.8
537.8
529.6
533.3
530.7
540.4
535.1
536.8
531.6
539.5
543.6
541.2
543.3
540.9
536.9
536.7
529.5
535.5
537.4
531.6
532.6
538.5
534.6
541.4
545
536.3
542.7
543.9
536.5
527.4
533.1
534.5
534.9
532.8
531.9
532.5
533.5
534.5
539
539.4
539.2
538.5
540.8
531.3
537.4
527.1
532.3
531.3
535.5
531.8
535.9
533.4
535
538.9
537.8
539.1
542
537.2
537.8
536.7
537.1
531.4
529.9
533.2
535.1
531.2
533.1
533.5
533.1
539
538.7
541.7
540.5
538.6
534.3
530.9
535.1
528.8
531.8
530.8
528.1
530.8
533.3
538.9
538.6
538.5
534.2
543.9
538.8
534.7
534.7
529.2
531.1
531
532.3
528.7
531.3
536
535
534.8
536.1
540.1
540
540.5
535.9
530.2
528.4
530.2
527.9
526.7
525.6
528
535.1
538.4
534.3
537.1
537.2
540.7
537.8
531
536.8
527.7
526
531.3
530.7
528.3
524.9
535.1
532
531
537.2
532
533.2
536.1
530.1
530.1
528.5
529.1
525.8
531.7
525.4
529.4
530.6
528.9
530.1
537.3
539.5
535.7
532.5
537.9
534.7
528.4
526
532.6
527.9
531.7
520.6
529.4
531.3
534.6
536.8
537.6
531.8
534.1
532.6
534.2
533.5
524.2
528.3
525.4
529.8
529.1
525.4
533.8
534.1
538.3
536.4
536.2
536.8
531.2
534.5
528.3
528.2
526.4
529.7
524.8
526.4
527.3
532.8
531.7
532.7
532.4
540
534.3
538
530.8
526
526.8
522.8
527
527.6
527.1
528.8
530.3
532.9
532.7
534.9
538.3
538.7
533.7
536.4
529.9
528.4
528.8
523.3
520.4
520.6
527.2
531.3
532.6
535.1
529.8
538.7
533.5
536.5
523
526.4
530.5
520.2
528.5
519.4
520.8
524.1
524.5
531.3
529.4
531
536.7
536.6
536
533.8
532.5
525.7
526.1
524.8
523.3
526.8
519.4
526.1
531.6
528.5
529.6
537.4
535.2
530.5
533
527
528.4
521.3
526.4
519.9
517.9
523.2
524.9
526.6
528.8
534.3
536.9
534.7
533.5
527.6
528.4
529.1
522
521.2
521.6
524.7
523.1
531.4
525.5
529.4
533
529.4
535.7
533.2
529.6
524.9
525.4
520.8
521.5
521.5
520.2
526.4
523.5
530.6
528.7
530
535
533.4
534
528.2
525.5
519
525.4
519.9
519.7
519.3
525.7
527.4
531.7
533.1
529.4
531.6
531.7
527.9
526.1
523.9
520
520.9
527.8
524.2
521.7
526.8
522.7
529.4
529.6
528.2
534.7
531.2
522.6
526.4
528.1
521.3
520.3
520.3
519.3
518.3
523.7
524.9
517.4
530.8
527.9
529.6
529.9
528.2
526.6
526.9
522.2
522.2
522
524.1
530
521.1
519.4
525.6
531.2
535.8
534.9
529.7
529
526.8
525
522
524.2
521.8
513.1
519.6
521.4
518.9
533.2
532.9
529.8
533.6
526.1
530.6
528.6
525.4
524.3
518.8
519
521.4
521.1
516.3
523.7
526.9
528.3
532.6
530
531.7
527
524.7
515.8
527.1
521.7
518.1
521.9
518.4
525.2
522.5
530.4
526.6
530.6
528.6
526.8
529.1
525
521.5
516.7
516.2
515.8
520.2
523.4
520.6
524
520.6
531.7
536.9
532.3
529.3
526.7
528.9
521.9
518.1
516.4
517.2
514.3
520.3
520.3
520.6
529.9
526.6
533.1
533.2
530.2
519.7
521.3
520.8
526
517.6
516.8
518.9
517.2
524.4
521.2
527
531.1
525.2
525.6
525.9
527.1
519.8
518.6
521.2
513.8
521.3
517.2
521.6
523.9
526.4
524.5
532
531.4
527.2
526.4
523.2
518.6
522.7
521.3
516
520.3
514
518.6
521.2
521.1
528.9
524.6
524.3
528
531.7
523.8
526.3
523.4
523.1
515.6
522.9
520.3
522
532.2
531.9
529.8
533.2
528.9
534.3
533.8
528
526.8
519
521.6
524.2
521.7
518.3
526
518
531.8
533.1
537.3
533.2
531.6
526.8
527.9
521.2
525.1
518
518.3
522.2
515.4
520.2
526.6
522.7
527.3
529.2
531.4
533.6
522.9
529.5
521
523.9
522.6
517.2
520.6
517.8
524.7
522.9
524
521.9
520.3
528
529.9
529.9
528.9
523.8
518.8
519.5
515.3
515.7
521.4
522.7
524.1
524.6
532.5
527.8
527.6
533.2
529.6
523.1
522.4
518.4
525.4
518.2
511
518.2
515.4
521.4
521.5
527
526.9
532.2
524.3
525.3
525.4
519.7
519.3
519.2
518.8
519.6
521.2
520.7
525.1
525.2
526.4
535.3
529.4
528
528.4
519.2
520.2
522.9
517.1
522.1
517.8
523.3
515.6
529
528
531.8
532.3
528.9
535.1
521.9
524.5
521.7
524.7
514
514.1
514.7
519.9
522.9
524.5
526.5
526.1
525.6
530.1
531.5
529.7
519.4
518.5
521.6
516.4
518.5
518.9
523.7
523.6
524.2
534.1
521.6
524.3
518.6
522.4
521
513.6
525.3
515.4
514.1
518.8
527.8
523.2
527.3
526.3
533.4
527.3
525.1
524.2
518.2
516.2
516.8
509.2
513.2
505.6
508.9
513.3
523.6
515.1
516.1
517.4
524.5
529
533.4
524.6
527.7
518.9
520.8
520.4
517
513.5
518.3
523.9
522.3
524.4
521.7
520.2
522.6
521
515.2
518.6
518.2
515.5
512.5
512.6
509.7
517.6
513
522.5
516.2
525.5
524.3
523
529.6
517.9
522.1
506.6
511.6
523.6
512.7
512.3
515.8
507.6
517.8
515.4
521.7
521.4
522.4
521.3
517.8
518
516.8
512.2
509.8
509.2
508.7
516.5
517.3
522
522.3
523
528.8
526.9
528.3
524.8
520.2
518.3
507
510.8
508.5
510.6
512.7
516.3
525
517.8
521.2
521.5
524.1
520
521.1
520.5
516.4
508.8
515.5
513.8
512.4
516.2
515.1
515
516.7
518.6
522.1
523.4
519.6
520.6
516.2
518.1
515
511.4
509.9
510
510.4
511.9
518.6
517.5
516.7
519.4
523.1
523
525.9
517.3
516.9
510.2
517.1
507.1
510.7
514.4
518.8
516.1
521.8
521.4
520.8
519.8
517.9
527.5
517.4
514
514.3
504.9
507.8
510.9
510
515.9
516.4
512.5
515.7
520.5
518.6
519.6
514
517
514.6
511.4
511.6
514.1
511.8
515.6
512.2
520.2
520.7
516.9
522.9
523.8
518.8
520.6
518.5
519
516.6
508.2
519.3
513.6
507.9
521.1
518.9
519.8
518.6
522.2
524
522.2
519.3
519.3
514.3
515.6
511.6
511.1
514.4
513.9
509.1
513.3
514.5
515.9
518.3
517.1
522.2
520.8
518.6
511.8
510.6
510.6
510
508.7
505.4
509.4
511.9
514.8
516.7
522.7
516.6
522.6
517.9
514.7
514.7
505.2
507.5
507.8
504.3
506.5
512.9
515.2
509.5
516.2
520.8
524.2
518.3
512.8
517
510
518
519.3
515.1
510
505.2
519.3
515.2
517.2
522.4
517.6
516.9
518
519.4
512.2
510.7
513.2
510.3
514.7
507.6
506.6
512.8
513.7
517.7
524.7
522.9
521.3
526.2
513.7
513.7
509.2
512.6
511.6
511.9
510
512.6
511.5
522
513.5
520.9
521.1
519.8
512.3
520
515.9
514.2
512.4
509.5
514
517
509.2
516.7
525.4
520.6
521.8
523.8
514.4
520.8
517.7
518.7
517.1
511.1
507
506.8
507.4
507.7
514.3
513.3
514.1
520.1
523.6
521.5
517.9
512
514.7
517.1
516.8
505.4
504.2
505.9
510
510.8
512.6
517.7
517.2
522.2
520.6
521.8
519.5
516.6
506
512.5
511.1
512.3
513.7
511.3
505.4
514.5
513
516.1
514.7
514.6
519
515.9
514.7
513.8
513.9
514.2
510.6
510
508.9
513.3
517.2
516.2
515.3
519.1
522
515.9
519.4
513.9
518.3
512.7
512.3
511.6
508.4
510.1
513.8
514.9
521.2
516.4
515.9
521.2
512.4
520.6
505.9
506.1
506.2
513.1
514.8
510.9
506.9
512
519.9
523.7
519.4
523.5
518.4
517.6
516.5
517.8
510.6
508.5
505.9
498.3
508.1
510.9
510.6
508.5
518.8
518.8
520.4
520.8
513.8
516.6
520.4
512.7
502.8
503.7
510.2
509.4
508.3
510.2
507.5
514.5
520.5
514
519.8
521.5
514.7
513.9
512.7
511
506.3
507.3
504.5
513.2
511.5
515.9
515.8
521
518.1
516.4
519.6
517.1
510.6
513.7
509.7
503
507.1
508.4
509.6
515.6
513.3
517.4
520.5
519.8
519.9
515.6
511.9
508.9
506.7
510
508.2
513.1
507.3
514
510.4
517.2
513.1
512.4
524.2
519.3
515.8
511.6
508.4
502.2
519.7
508.2
506.2
507.3
510.4
511
515.5
515.5
515
518.1
521.7
517.9
512.2
512.4
514.2
508.6
509
512.6
511.4
509.8
514.2
517.6
520
518.8
520.5
519.7
516.1
516
517.4
509.4
517.8
509.7
507.3
510.3
508.4
507.4
516.9
518.9
518.3
514.2
517.8
517
516.8
507.5
514
508.2
511.4
514
511.4
505.6
508.5
514.5
518.7
525.7
519.5
521
517.7
516.6
512.4
508.3
511.9
513.5
506.1
510.4
508.2
513
513.1
518.9
524.9
515.1
524.2
516.5
513
516.9
514.5
508.8
509.6
509.1
509.1
514.9
518.9
515.6
524.3
518.9
524.6
512.2
515.9
513.7
514
512.3
509.7
507
503.3
509.4
506.4
512.4
519
521
521.8
517.8
516.4
515.4
509.2
514.9
513.5
513
513.7
513.1
509.3
512.1
509.9
517.9
514.2
514.2
529.9
516.6
516.7
512.5
515.5
509
513.6
507.7
505.2
509.5
515.5
515.9
521.3
524.3
519.5
515.9
514.6
522.4
516.1
514.7
513
512.1
511.5
515.2
513.4
513.7
517.2
513.9
519.8
522.4
514.3
523.9
528
525.1
536.8
542
550
553.7
556.6
564
567.6
568.1
575.3
577.6
574
572.8
579
586.5
576
580.5
572.4
575.9
571.5
576.7
580.9
585.5
580.2
584
579.5
589
586
593.9
601.2
584.8
592
600.3
602.2
597.1
595.8
595
590.2
583.7
586.1
585.5
580.2
576.8
579.9
572.6
575.6
577.3
575.8
578
573.7
574
574.2
568.1
574.3
574.9
581.6
580.8
579
576.5
577.2
574.4
574.8
574.5
575.6
567.1
569.2
569.6
569.9
572.3
573.9
575.7
578.6
579.5
582.5
579.3
575.7
574.7
572.9
572.4
571.3
573.4
572.2
566
567.8
566.8
572.2
572.2
571.5
576
569.9
568.3
569
563.3
567.6
564.4
568.8
563.2
565.5
563.6
566.6
566.2
578.6
564
566.6
571.8
572.7
569.1
562.3
564.8
563.2
557.5
560.8
563.5
561
566.1
568.8
569.7
574.4
570
569.6
570.4
556.7
563.2
563.1
566
562.2
566.7
561.8
573
578.5
588.3
600.5
606
610.3
610.9
606.9
611.5
611.5
611.1
610.8
614.5
617.8
612.9
623.5
625.6
631.3
634.3
636.8
637.4
633.3
633.4
630.7
626.6
628.8
619
626.1
626.3
634.9
624.9
627.6
622.7
628.5
636.1
646
645.3
645.5
636.9
638.3
638.7
640.1
636.6
639.5
634.5
647.1
648
651.8
653.8
660.9
662.1
663.3
654
645.9
645.7
635.7
636.3
632
639.1
637.4
640.4
640.1
643
643.3
645.5
643.9
645.9
634.1
636.6
633.8
629.8
631.9
631.5
630.8
631.1
628.4
635.6
637.9
638
642
641.8
628.6
640.2
641.9
620.2
625.2
624.2
620.8
624.1
623.4
622.4
628.6
633.4
628.4
631.6
636.6
639.6
626.2
624.4
626
622.6
620.2
618.3
623.6
622.3
613.2
631.4
628.7
628.4
629.3
626.9
629.1
618.2
631.7
616.9
616.1
623.5
617
612.5
619.8
620.9
622.8
627.1
629.9
620.2
631.1
623.3
625.2
622.9
620.5
612.3
613.6
613.1
610.3
620.2
626.2
625.4
625.9
618.9
627.3
624.8
618.8
620.5
618.8
619.4
618.8
609.3
615.1
615.1
619
617.6
626.5
622.9
625.6
625.6
624
622.3
617.8
615.9
610.1
619.4
614.8
612.4
613.5
617
616.8
609.5
618.9
625.6
623.3
617.5
618.2
612
611.3
610.9
608
609.3
605.4
613.1
615
605.8
623.1
619.8
618
621.5
617.4
614.6
613.8
609.5
607.3
613.8
605.1
601.8
606.4
600.9
610.1
614
618
611.2
618
613.9
617.8
610.1
608.8
606.4
602.5
609.3
604.5
605.6
607.7
