1054.3
1050.1
1056
1046.1
1051.6
1036.7
1046.1
1055.4
1053.5
1053.8
1059.7
1057.5
1057.1
1048.1
1055.4
1060.9
1055.7
1053.2
1047.3
1049.2
1046
1045.6
1052.4
1053.6
1057.2
1055.3
1058.5
1055.3
1049.1
1044.5
1044
1042.3
1038
1046.8
1034.8
1050.7
1045.6
1043.7
1044.4
1051
1051.1
1055.6
1045
1050.4
1044.1
1034.7
1037.2
1038.1
1035.9
1036.4
1031.1
1036.3
1034.9
1040
1038.8
1042.7
1046.5
1042.2
1040.8
1035.3
1034.6
1029.4
1027.6
1029.3
1024.5
1030.4
1031.6
1031
1031.6
1032.6
1037.5
1035.2
1035.4
1035.4
1026.9
1023.6
1015.8
1023.3
1023.5
1017.4
1024.2
1019.9
1021.5
1028.9
1031.3
1024.6
1027.8
1025.9
1019.7
1023.2
1016
1017.5
1015.2
1018.2
1017
1012.8
1019.7
1026.1
1026.8
1029.8
1024
1018.3
1029.2
1030
1026.4
1024.5
1019.9
1018
1027.9
1013.5
1018.5
1020.2
1019
1021.7
1019.2
1021.3
1022.2
1017.4
1017.6
1015.2
1012.6
1007.4
1004.2
1001.6
1010
1003.8
1006.5
1009.6
1006.6
1015.5
1014
1014.8
1012.2
1012.6
1007.7
1009.7
1004.3
997.3
997.7
1003.8
999
1000.6
1002.6
999.5
1001.4
1006.4
1011.4
1007.8
1004.3
1001.6
997.7
992.2
995.4
991.5
989.3
992.7
990.5
992.4
1000.2
1001.4
998.3
1002
1003.9
997.6
993.4
996.5
993.7
989.7
987
989.3
988
980.5
984.5
985.1
989.5
994.5
997.1
994
996.1
987
975.7
977.5
977.7
976.2
981
974.8
974.4
975.4
978.7
982
986.2
988.2
988
981.4
980
980.2
980.7
975.8
971.7
972.9
967.9
972
969
967.7
975.6
972.6
979.3
983.8
979.4
978.6
971.5
960.6
967.7
970.2
965.2
970.6
967.1
972.3
976.9
971.7
980.9
975.5
977.1
975.3
964.1
966.1
959.2
959.1
958.3
964.3
964
960.3
959
965
968.3
969.5
970.2
971.5
966.7
970.2
968.7
965.4
972
956.3
965.7
965.7
958.6
964.8
962.9
969.3
963.8
965
965.4
961.4
963.5
960.6
960.4
959.1
961.3
955.1
952.2
959.5
960.4
960.8
958
960.2
963.3
958.1
964.6
964.4
961.9
956.1
950.4
947
951.3
956
948
954
954.4
960.6
952.1
957.9
959
960.9
957.1
954.8
945.4
948.1
945
945.7
943.7
945.7
945.3
945
944.3
953
949.9
954.4
953.9
945.3
944.7
948.7
940.5
940.5
939.3
940.9
930.1
935.8
929.8
945.9
952.1
947
943.3
944.9
924.4
933
936.3
936.6
933.9
925.1
933.1
928.8
930.6
931.5
938.6
942.1
943.4
934.2
941.5
940.1
934.9
934.7
934
928.5
923.9
921.6
925.8
923.8
930.8
932.5
931.2
935.8
935.6
937.6
934.3
933.4
928.1
927.1
920.6
920.2
919.5
919.5
920.8
919.2
914.8
923.4
927.6
924.5
930
927.1
923.5
919.9
917.1
917.2
913.3
913.1
918.4
915.7
905.6
913.1
920
913.8
916.5
921.7
923
915.7
908.8
916.7
908.5
915.1
910.6
913.7
906.1
909.5
912.9
910.5
915.1
914.5
917.4
911.3
919
913.3
908.8
909.2
900.8
909.9
908.5
902.3
898.4
906.2
907.2
905.4
914
914.2
915.3
911.3
914.4
901.3
901.3
899.3
901.5
900.1
901.7
895
904
911.6
902.8
906.9
912.2
908.2
902.9
905.1
896.7
895.8
901.1
899.5
903.1
901.4
908.6
900.2
900.2
904.8
905.5
901.9
911.2
901.5
910.4
904
909.2
891.4
888.8
898.6
897.6
896
903.4
900.8
901.5
899.7
906.2
908.7
900.4
905.4
902.6
899.5
894.2
894.4
892.5
890.2
890.9
903.7
897
892.6
899.8
895.7
909.8
902.3
902.6
900
895
893.3
884.5
884.3
887.2
882.8
885.1
889.2
895.4
888.7
895
891.8
897.8
898.7
894.9
886.2
881.8
881.4
878.9
881
880.3
882.3
884.7
889.6
884.8
890.2
894.9
886.1
886.8
882.9
873.8
873.7
873.5
876.5
881.3
880.3
876.8
878.5
884
884.3
885.2
885.1
879.9
890.2
880
882.5
877.6
873.1
872.9
874.3
873.3
873.6
869.3
878.1
879
881
881.6
881.3
877.8
877.7
873.8
867
868.4
864.4
866.4
868.2
869.6
866.6
876.3
877
876
873
873.1
863.2
869.9
861.6
862.8
868.6
862.5
858.3
864.1
867.7
862.3
869.6
869.8
871
872.9
872.5
870.7
864.6
856.8
858.7
855
858.3
857.9
860.7
863.1
868.3
859.4
867.6
867.6
875.8
858.4
861.5
858.8
856.2
850.8
849.4
850.5
851.4
848.3
858.3
859.2
859.5
856.6
866.7
863.6
859.7
855.7
856.3
851.7
851
847.8
853.4
850.1
854.1
853.8
852.9
855.3
862
862.2
854.3
853.6
846.3
853.3
848.7
848.7
848.2
849.9
852.3
856.3
858.3
853.8
855.3
853.8
860.5
851
848.2
857.6
849.2
844.9
845.8
844.1
849.1
849.5
851.6
848.4
851.7
853.3
850.7
852.3
852.4
852.7
842.5
854.7
851.3
843.9
847.5
840.8
852.3
850.9
852.9
860.7
856.1
854.9
864.1
860.6
856.7
854.1
849.2
844.3
843.5
842.8
848.9
846.1
845.4
852
858.8
854
847.7
848
850.1
844
845.7
841.6
831
839.7
839.2
839.7
837.5
846.1
847.6
845.2
846.2
849.2
850.5
845.6
842.2
840
839.1
836.6
833.7
832.4
833.8
838.3
839.8
833.8
848.2
847.1
842.9
845.7
838.4
842.4
830.9
836.6
839
840.6
838.5
841.4
840
842
843.3
845
846.1
849.2
845.5
839.3
839.9
843.6
837.5
837.2
830.8
835.7
836.2
833.1
837.3
840.9
844.2
844.6
844.7
849.2
838.3
833.9
835.4
831.4
833.7
831
833.6
829
834.2
834.8
841.1
844.1
842
840.4
839.8
836
833.2
833.9
830.3
829.6
831.7
830.2
827.3
831.7
831.1
833.7
840.8
839.8
840.6
834.4
838.6
832.7
833.2
824.5
826.6
828.6
826.4
825
825.4
832.9
833.4
832.7
832.9
837.6
833.2
828.2
829.1
829
826.8
820.8
822.2
820.6
823.9
832.9
829.6
833.2
831.9
834.5
834.4
831.4
830.4
829.8
823.7
824.4
816.2
822
819.3
822.7
820.4
822.6
823
825.7
832.7
825
830.7
818.9
816.6
817.1
819
805.6
813.2
814.3
811.6
817.5
820.8
816.6
822.1
822.7
821.6
824.2
819.1
817.9
808.3
812.7
813.1
812.4
808.3
808.5
807.8
810.2
821.1
821.3
821.3
816.5
816.8
814.8
814.9
806.8
801.9
807.5
804.3
800.7
804.3
805.2
805.8
808.1
813.6
816.2
813.8
813.8
811.7
809
810.7
805.5
808.4
802.9
798.6
804
801.6
805.9
814.3
811.5
813.1
816.9
814.9
814.4
802.7
803.3
798.4
805.8
802.8
806
808.8
806
812.7
813.3
819.4
810.7
813
807.9
804.4
799
796.7
802.3
795.9
802.4
802.4
805.6
802.2
808.7
812.3
814.1
811.3
806.5
813.2
801.4
802.8
797
800.8
796.9
792.3
794.9
800.8
799.4
797.6
803
802.8
799.7
795.7
805.5
795.7
796.7
792
787.9
794.3
788.8
790.2
791
796.7
795.1
791.3
802.1
797.1
798.1
796.5
793.2
795
790.2
790.1
784.3
789.1
788.4
785.1
792
791.3
792.8
791.1
797.8
797.3
792.1
794.7
792.6
787.8
787.7
787.1
780.7
788.7
782.9
784.3
786.7
791.2
792.4
792
791.9
797.1
789.2
786.8
788.7
779
779.8
777.1
774.6
776.3
783.7
782.4
784.4
787.5
784.9
784.9
787.4
785.7
781.5
783.4
781
783.1
778.9
781.9
773.6
770.9
779.4
794.5
780
783.9
786.1
791.9
789.6
777.8
778.7
777.2
778.7
780.7
783.1
778.1
780.8
786.8
791.2
782.9
778.4
775.4
778.4
778.3
775.5
755.5
772.5
778.1
775.8
772.8
775.9
779.2
778.2
781.1
784.5
785.8
779
779
773.8
774.4
770.7
772.5
769.5
773.2
773.8
772.4
773
781.6
781.2
787
781.4
779.9
776.8
772.4
768.4
770.4
768.8
768.5
764.7
770.6
778.1
772.6
778.8
773.2
779.8
785.2
775.6
772.1
772.7
784.1
766.8
765
757.1
765.9
764.3
770.2
773.8
777.3
778.6
777.5
776.9
775
778.1
770.9
771
767.5
763.3
767.9
765.9
763.2
770.6
769.7
769.3
773.1
774.3
776.3
768.8
773.4
765.1
762.1
767.3
767.9
758.6
761.4
754.8
761.8
760.8
770.5
770.4
774.7
769
767.1
766.9
763.5
761.5
766.3
761.2
756.4
753.4
750.5
759.5
757.6
759.4
767
761.4
766.2
766
762.2
762.7
759.7
756.9
750.2
751.6
750.8
750.6
751.4
755.2
757.1
764.4
759.4
761.5
757.5
761
753.6
756.1
748.6
754.8
746.4
755.7
755.2
759.5
757.6
761.9
760.7
764.4
762.9
753.3
757
757.3
756.6
747.1
745.8
752
747.7
749.7
751.7
757.8
763.4
756.6
762.1
763.3
759
753
750.9
751
748.3
744.6
749
744.5
747.8
750.2
753.7
751.4
753.1
756.4
754.9
756.4
751.1
746.9
742.9
747.2
744.2
745.7
747.6
745.8
745.6
742.9
752.2
757.9
758.5
751.3
753.4
746.7
743.5
750.3
742.4
740.5
741.9
734.9
737.1
736.4
750.2
753.2
744.3
752.9
751.2
747.7
748
742.4
737.9
734.9
737.9
736.6
733.5
737
738.6
743
743.5
742.8
742.8
741
749.2
743.4
739.6
738.6
730.7
731.9
730.5
723.8
734.4
735.1
734.1
737.7
735.4
740.1
742
744.7
739.5
739.8
738.3
734.7
732.3
728.2
731.3
730.6
726.5
736.1
736.1
736.9
740.1
737.2
738.1
737
731
733.6
725.8
727.5
730.7
722.2
723.8
731.7
733.4
731.9
742
739.4
736.2
743
733.8
734.7
732.2
726.2
726
728.4
728.6
723.9
731.5
723.3
736.8
733.2
736.1
736.9
737.7
735.1
735.3
731.8
729.9
723.1
726.8
719.3
721.6
724.9
723.8
727.9
739.9
729.9
744.3
736.2
743.1
734.5
723.8
730.3
729
726.4
734.8
732.7
735.4
739.5
738.8
743.4
746.9
749.7
742.8
746.5
741.5
743.7
743.7
740.1
726.4
726.5
728.8
737.6
743.5
746
749.3
752.8
748.7
754.9
746.4
747.6
741.4
744.2
737.3
739.5
739.8
737.7
747.2
737.2
745.3
747.2
742.1
755.5
749.7
744.4
745.4
742.4
745
745.1
740.3
740.6
740.3
739.9
744.5
737.6
748.4
746.1
752
752.2
750.8
747.8
744.2
743.7
741.7
743.2
741.4
743.1
737.7
741
744.4
750.7
746.3
752.3
753.6
750.6
747.8
749.3
747.8
749.1
744.4
735.4
743.9
744.2
744.2
738.9
743.2
745.1
747.6
756.5
749.9
755.9
747.3
743.7
748.4
744
742.6
745.1
746.9
744.2
750.6
744.4
749.5
755.8
752.3
753.3
753.3
744.2
750
741.8
737.8
732.9
745.3
744.5
745
748
744.8
750.8
750.3
751.3
751.3
747.4
754.9
745.9
743.8
741.3
740.6
741.9
740.5
737.2
742.1
745.7
750.8
748.1
756.2
755.4
749.6
742.2
743.5
746.3
744.8
741.2
742.4
740.3
732.2
739.9
742.2
746.4
751.9
748.6
747.4
746.4
744.8
743.1
740.3
735.6
735.6
741.4
737.8
740.1
742.8
744.6
749.6
747.2
751.2
745.1
747.6
748.7
742.3
736.3
740.3
738
739.3
742.7
730.7
737.9
745.3
747.8
748.1
749.5
743.8
750.9
745.5
746.1
745.1
738
735.1
736.9
735.8
740.5
739.3
739.8
743.7
747
749.3
746.7
751.3
746.6
747
742.7
740.3
743.1
743.5
736.9
742.7
738.5
743.3
742
748.6
749.5
743.9
749.5
747.9
748
749.7
743.7
737.3
739.6
730.4
736.5
740.3
738.4
741.6
741.2
744.6
743.8
746.2
746.2
744.8
737.8
742.4
732.4
731.3
733.8
734.1
730.2
733.3
740.8
742
742.1
738.4
742.5
746.5
739.7
739.6
736.5
726.3
730.7
730.1
732.9
723.3
734.4
735.8
731
739.1
736.1
738.4
742.2
733.6
736.9
725.1
732.4
731.7
727.6
724.8
731
725.1
733.2
732.4
733.8
739.7
735.4
734.5
734.9
727.2
728.1
723.8
724.8
721.7
722.5
721.9
728
727.4
729
734.8
732.3
736
732.4
730.8
728.6
725.2
727.4
724.7
725.9
723.8
720.3
724
723.9
728.6
735.9
734.8
732.3
729.3
722.7
723.7
720.8
721.1
726.2
720.8
722.5
721
727.4
727.9
727.2
728.6
731.6
729.7
734.3
726.8
723.6
721.7
715.6
721.1
715.4
715
714.1
720.7
719.9
721.7
726.2
724.8
723.4
725.1
721.4
721.4
720.9
716
716.9
713.9
715.1
712.1
709.1
716.4
720.7
726.6
724
721.2
718.8
722.9
721.4
714
716
712.9
712.7
716.8
711.5
715
714.8
717.1
715.7
723.4
721.3
721.3
719.6
719.2
708.2
709.6
706.1
710.9
708.6
704.4
705.2
710.4
709.3
712.1
714.6
718.1
716
714.6
713.6
710.4
708.7
702.1
691.2
705.9
703.4
699.8
706.5
707.7
712.6
717.7
709.4
712.7
710.2
706.9
701.5
706.9
703.2
707.7
703.2
694.8
695.4
709.6
704.4
709.2
710.9
713
710
706.7
706.1
705.8
701.9
702
697.1
705.8
697.7
696.1
700.8
698.9
707.6
701.2
703
707.3
703.9
700.8
697.2
697.9
694.8
690.7
702.7
699.9
697.1
700.8
698.9
701.4
699.4
701.2
706.1
699.8
698.5
696.1
692.4
697.6
688.5
690.5
689.5
692
695
693.4
696.8
697.2
703.3
698.9
700.5
695.2
695.6
690.3
684.4
691.7
686.7
690.3
687.2
692.8
695.2
691.6
694
714.1
695
699.4
693.2
686.3
686
688.8
683.7
688.9
691.9
693.3
696.5
695
693.8
690.7
695.4
697.3
695.1
693.4
690.7
687.5
685.9
683.9
684.6
686.7
681.4
682.1
694.6
689.2
696.9
695.3
695.2
689.8
687.9
686.8
684.3
680.5
681
677.9
679.9
675
685.8
681.1
684.7
682.7
683.8
686.2
678.5
681.6
679.2
677.8
679.1
677.2
680.1
675
682.1
679.9
678.4
681.4
691.6
682.7
683.6
680.8
682.1
676.3
674.5
677.6
675.6
674.6
673.4
676.3
683.4
680.4
680.6
687.5
679.5
680.8
678.2
673.2
677.5
676
670.1
673.8
665.6
668.8
668.7
674.4
677.4
676.3
675
680.2
677.8
673.3
666.2
667.4
675.7
677.2
668.5
670.3
670.2
676.9
676.4
670
683.2
674.6
682.1
679
675.2
669.5
672.7
667.6
667.5
667
669.9
661.2
674.8
675.2
677.6
677.4
677.5
679.6
674.6
669.2
669.8
669.2
673.4
665.8
668.9
665.6
664.1
671.6
665.1
670.6
677.2
677.6
668.6
665.8
664.9
670.1
664.7
665.2
664.7
662.5
665
659.6
666.4
665.3
675.2
675
671.8
669.4
671.4
665.6
661.4
660.7
658.1
658.9
661.5
662.3
659.3
670.8
667.4
664
670
669.8
668.5
659.3
666.6
656.9
657.5
657.8
654.3
655.2
658.8
662.3
665.4
658.1
670.6
664.3
662.1
663.1
660.1
663.3
660.5
658.3
651.3
652.6
654.1
648.6
654.9
655.6
658
662.1
665.1
663.4
660.5
659.6
657.4
652.7
653.4
653.2
647.1
661.5
651
658.9
653.7
656.9
662.4
661.9
663.1
656.8
655.6
652.4
647.3
649.9
647.8
651
648.1
649.8
644.7
648.5
654
653.5
652.6
658.3
657.1
652.4
651.5
647.4
653.2
643.3
654.4
645.4
646.2
647.9
650.2
648.9
652.1
652.2
652.3
654.1
651.4
651.7
641.5
644.3
648.2
640.8
642.1
637.1
646
644.4
645.3
652.1
650.2
648.2
647.9
647.8
645.8
638.6
642.2
646
638.6
642.7
641
641.9
641.5
650.5
650.9
651.5
649.7
648.1
641.9
638.3
636.3
633.5
639.8
641.6
636.6
639.8
642.2
637.6
639
646
645.7
648.9
644.9
642.6
636.6
631.2
633.6
636.2
632.7
635.9
632.1
635.6
636
641.9
642.6
642
646.6
640.6
641.2
631.1
630.2
628.5
629.9
630.6
630
635.7
631
638.6
632.6
636.7
632.9
632.9
633.1
631.8
632.7
627.7
627.2
626.7
628.9
629.2
631.5
628.2
631.5
639.6
636.1
632.7
637.5
633.5
634
637.2
626.6
632.5
624.4
627.2
626.7
624.7
626.2
625
632
632.7
636.9
634.2
631
626.5
631.6
629.3
620.4
625
618.3
621.9
625
626.2
625.5
626.3
636
633.1
630.2
633.7
623.7
623.9
626.4
615.8
619.9
625.2
622.9
620.8
626.2
626.2
624.5
629.4
627.8
631.6
627.8
624.5
622.4
622
618.1
617.6
618.5
617.4
624.6
622.6
627.2
622.6
624
625.4
625.7
629.2
630.1
620.9
617.4
611.9
613.7
617.6
615.8
614.4
617.8
618
620.5
626.8
627.4
627.6
629.9
626.5
619.4
619.8
615.6
615.5
612.7
613.4
615.7
617
620.2
622
616.9
623
620.7
620.2
615.4
618.6
613.5
615
611.7
618.2
614.1
615.7
611
618.1
619.9
622.4
622.6
618.6
617.7
615.1
617.6
609.9
610.7
608.4
607.8
607
606.5
613.7
615
620.4
620.1
615.6
620.3
617.1
619
613.9
607
611.6
608
607.7
606.8
607.9
605.1
615.1
616.6
611.5
621.7
616
610.1
614.6
615.7
611.4
601.3
603.6
602.5
603.9
603.1
605.8
608.4
610.7
617.1
611
613.4
613.3
608.8
600.6
607.3
600.9
600.8
604
599.1
605.2
607.1
604.5
611.2
611.1
614.2
609.8
609.2
605.8
605.9
602.3
597.8
604.1
604.8
601.8
607.9
604.7
610.4
607.3
608.4
615
610.5
605.1
598
605.6
596
599.9
598.3
598.2
602.4
602.9
598.9
608.1
607.4
608.1
606.2
603.3
601.6
597.6
599.7
598.3
598.5
594.2
601.8
599.5
603.2
605.9
610.5
610.6
605.4
606.5
607.3
598.8
600.1
595.6
595.8
599.1
597.5
595.5
597
597.1
605.1
606.3
604.7
603.2
603.7
606
605
602.5
600
594.1
592.4
593
595.1
595.5
601.9
604.8
602.2
604.6
603.8
603.8
598.6
597.5
591.2
594.6
593.1
594.7
594.1
591.5
593.7
593.2
597.4
597.3
603.7
603.7
601
600.8
601.8
594
594.4
590.2
588.5
591.3
590
592.8
593.4
596.2
595
604.8
597.3
599.9
594.4
592.5
591.1
584.4
586.9
595.7
592.5
592
594.8
600.9
599
592.2
592.5
594.5
598.9
596
596.2
588.5
595.5
597.1
591.2
593.7
592.9
596.9
592.1
596.4
605
602.1
604.6
608
594.9
597.2
594.7
585.3
594
593.1
596.4
594
598.2
590.6
597.7
606.2
601.8
596.7
596.2
597
585.3
588.6
593.5
585.7
591.1
585.5
589.9
593.2
585.8
599.6
593.9
597.5
596.5
597.2
587.5
593.2
594.8
588.2
589
589.6
590
589.4
592.8
591.8
583.5
589.5
593.9
590.7
588.9
588.7
584.6
579.2
589.2
584.1
580.2
586.5
585.4
592.8
583.1
588.4
596.9
587.6
593.3
586
581.8
581.3
579.8
590.3
584.5
579.6
587.3
583.4
591.4
591.4
591.6
593.6
594.1
588.4
583.3
585.6
578.9
581.1
581.6
574.2
574.6
586.3
577.7
586.3
584.6
584.7
586.7
591.9
592.4
583.5
580.9
583.8
582.8
583.8
580
580
582.1
582.3
587.4
594.5
585
587.4
592.1
594
592.6
585.2
580.3
581.8
580.3
580.1
582.2
574.9
585.3
581.9
585.4
584.5
585.1
588.2
584.7
585
582.6
584.7
577.3
578.7
577.7
579.1
574.6
583.2
585.8
580.5
590.9
582.6
589.5
583.6
583.2
582.1
576.3
577.9
577
576.4
574.5
575.3
579.6
586.5
584.3
582.6
586.7
585.5
589
580
583.2
577.7
570.9
572.6
574.5
577.7
577.9
573
581
581.8
585.9
586.4
588.8
583.9
575.2
575.5
573.7
571.5
569.5
573.2
560.1
577.3
576.2
580.3
584.1
578.9
585.8
582.8
583.9
578.8
570.9
575.9
571.1
572.7
566.7
570.8
573.2
574.7
579.3
580
580.5
577.8
584.2
584.5
578.9
573
574.2
568.8
570.8
570.1
573.5
571.3
573.1
579.4
577.8
576.1
580.4
582.5
577.6
575.4
572.8
568.2
569
569.6
570.4
568.2
570.8
575.6
571.5
573.5
579.1
580.6
562.7
578.3
576.7
575.5
567.3
568.8
566.6
570.7
571.7
574.1
573.4
577.5
579.4
572.6
582.2
576
575.3
571.2
568.4
569.8
566.5
567.2
566.9
572.3
568.3
573.2
578.4
572.7
578.8
574.2
578.1
573.3
569.3
570.2
568.8
565.3
567.4
569.3
565.4
569.2
568.6
573.4
576.3
573.2
576.5
576.5
572.6
571.5
569.5
565.8
557.2
561.7
566.1
562.5
566.2
562.8
568.7
574.9
570.2
575.1
573.1
571
564.3
569.3
567.9
564.1
563.3
564.7
566.7
566.8
567.3
568.2
573.6
567.4
573.4
572.3
567.5
568.8
570.5
567.6
563.2
565.6
566.9
566.2
564.5
568
575.2
571.2
569.8
575.5
572
563.2
568.9
567.4
561.8
565.3
562.7
558.9
562.3
562
564.7
567.7
569
571.8
578.8
574.9
571.1
562.7
560.3
562.5
556.3
557.4
558.9
558.7
558.6
561.6
560.5
559.2
570.2
571.4
567.5
571
573.5
569.5
559.6
563.1
559.9
556.1
559.3
552.3
560.5
562
562.2
565
567.4
568.2
571
569.6
565.9
559
558.4
557.7
552
557.6
554
560.8
564.1
561.8
561.2
564
564
564.2
565.7
566.8
556.2
558.7
551
554
559.1
554.9
557.6
561
562.7
562.4
567
562.9
564.5
561.7
557.3
558.7
551
553.5
553.8
552.2
555.3
554.9
562.4
566.3
563.3
561.4
564.7
565.8
560.9
560.9
558.4
551.7
547.6
560.5
546.5
551.7
559
554.4
558.5
556.9
566
565.7
561.7
561.1
556.6
547.7
553.9
550.9
548.6
544.7
546.5
548
556
557.6
559.9
558.4
566.3
562.9
555.8
552.5
555.5
552
553
550.7
551.6
552.2
555.3
555.8
558.9
559.7
556.2
566.6
562.8
556.6
553.4
551.6
550.5
542.5
553.6
552.9
554.9
550.7
552.6
552.3
558.5
555.3
556.6
558.6
556.8
553
547.6
552
549
549.1
551.3
549.2
555.1
554.6
554.9
556.2
551.9
557.7
556.3
554.3
554.2
552.5
547.9
550.4
545
546.8
547.7
548.4
551.2
551.2
555
560.9
553.1
560.6
558.4
551
545.7
544
547.2
548.2
544.9
547.4
548.2
559.8
552.2
560.2
555.5
561.1
554.3
552.2
547.3
550.7
546.7
547.2
544.7
547.2
547.9
549.2
551.2
552.8
553.3
556.3
550.4
551.3
555
544.5
551.6
544.7
544.4
544.2
545.1
541.2
539.4
548
549.8
547
553.4
548.1
557.1
552.9
545
545.5
542.5
536.4
540.7
539.1
545.4
540.4
546
547.2
551.2
545.2
554.2
551
548.4
555.2
546.8
548.3
548.6
545.9
546.7
547.2
541.8
543.4
546.1
549.7
552.1
559.3
552.9
551.2
549.2
547.3
541.9
540.2
538
537.3
539.9
538.4
545.1
544.4
546.2
549
548.7
555.7
551.2
554
543.5
542.3
537.9
529.7
533.6
544.8
541.7
543.6
550.9
550.2
546.3
553.3
547.9
552.4
549
545.7
540.3
541.4
540.4
538.1
534.6
544.2
542.9
547.4
549.8
553.9
550.3
544.1
551.2
546.3
540.7
535.1
537.1
535.9
539.1
548.1
538.9
547.2
543.2
542.9
544.4
548.7
549.9
540.9
546.3
538.6
538.2
541.4
539.1
540.4
539
533.8
544.9
540.9
546.9
540.8
552.8
544.2
545.2
548.6
545.3
541.6
543.4
544
542.4
542.2
542.2
543.6
552.3
547.8
553.1
555.4
548.8
550.5
543.4
547.1
544.9
539.9
544.3
539.9
537.1
540.9
541.7
547.6
549
552.1
542.6
548.2
547.4
538.7
538.7
539.8
538.4
535.6
533.7
537.8
536.8
535.7
536.9
543.8
543.7
546.3
544.4
544.7
538.4
537.3
536.7
540.1
537.3
535.4
530.9
536
535.1
539.7
545.9
542.2
543.1
542.2
544
539.9
535.5
532.7
533.4
525.8
532.7
530.1
533.9
534.3
537.7
541
537.5
546.5
548.1
537.4
540.4
538.3
542.9
530.5
533.3
533.2
530.7
532.2
533.4
535.7
543.5
542.2
541.1
541.1
542.6
538.5
539.3
536.7
528.1
532
527.3
530.7
528.7
536.4
540.2
535.9
537.8
541.7
541.3
540.3
538.4
539.3
538.3
539.8
537.9
531.2
532
531.2
534.8
535.4
539.3
538.4
535.4
540.5
540.8
539.5
535.2
541.8
534.9
533.5
537.5
528.9
532.7
539.3
535.7
540.5
537.2
538.2
539.6
541.9
527.3
541.4
532.4
532.8
532.7
535.4
536.1
532.9
538.3
537.7
535.7
535.4
534.1
538.7
538.2
534.6
532.3
530.9
530.5
527.8
533.2
529.3
523.4
527.5
538.4
531.7
534.8
546.8
540
537.3
535.9
539.3
532.6
530.2
531
526.3
526.4
524.8
530.1
531.7
533.1
528.4
539.3
537.7
535.3
534.8
535.2
530.9
529.3
522.5
526.2
531.3
525.5
527.3
530.4
536.1
537.4
539
535
538.3
536.1
530
528.2
532.3
519.1
531.5
527.1
527.5
529.8
529.3
529.7
547.5
542.8
541.2
538.2
538
533.7
530.1
530.9
529.8
535.6
534.2
535.1
538.5
533.1
534.3
537.8
542.6
541.1
543.6
541
531.7
536.6
518.2
531.2
534.1
527.7
529.4
532.5
536.1
534.7
537.9
542.5
541
537.6
539.8
535.8
538.2
532.2
528
531.6
529.9
530.7
534.7
528.4
538.4
537
540.5
541.5
538.3
533.7
534.6
533.9
527.5
529.1
524.5
527.3
528.8
525
531.1
533
539.2
536.7
540.3
537.7
531
533
537.1
528.2
526.7
526.1
526.9
527.5
529.2
531.4
531.1
537.9
537
538.3
536.4
536.9
534.5
533.2
530.2
528.7
532.4
530
528.7
522.4
531.1
528.9
533.7
534.6
543.7
538.8
536.6
532.8
530.4
527.8
529.6
523.8
527
526.1
525.7
531.3
532.2
533.7
533.8
535.8
535.6
532.8
533.1
529.8
529.2
521.7
531.9
525.2
532.9
522.3
526.9
530
537.2
539.7
533.8
533.8
532.5
535.1
528.3
530.1
524.1
526.9
526.4
528.7
528.5
533
528
537.5
534.2
535.5
530.3
534.6
529.1
528.9
527.4
525.9
522
516.2
526.4
519.8
531.1
529.9
537.6
529.5
536.8
539.6
536
530.3
527.4
526.8
522.8
526.4
524.4
528.5
521.8
530.4
523.7
532.1
541.2
539.7
535.3
530.5
527.9
525.2
524.7
527.4
520.4
519.6
520.1
525.2
529.1
531.2
539
535.1
531.8
532.6
532.5
528
527.7
526.1
517.7
524.4
521.9
527.7
527.2
527.1
528.3
536.8
535
541.7
536.1
533.3
529.4
530.1
527.9
524.8
519.5
523.9
522.9
524.1
525.6
530.8
531.7
534.3
532.2
531.7
528.7
530.6
529
524.7
527.1
520.6
530
524.7
517.6
525
529.4
533.6
532.9
535.5
538
531.8
531.4
525.1
517.2
518.3
517.9
521
522.8
522.4
527
524.7
516.5
529.5
534.3
533.6
530.2
524.7
525.3
525.3
520.1
523.7
521.5
525.1
518.9
527
520.1
528.2
536.2
530.6
528.1
524.4
520.5
523.4
522.2
518.4
519.6
520.3
517.2
512.2
522.8
526.6
524
530
529.6
529
525.5
520.2
518.9
521.3
516.7
515
521.3
519.2
521.7
526.7
529.2
532.8
530.6
529.1
527.8
524.4
522.7
522.3
518.1
515.7
513.6
518.3
518.5
515.5
526.7
523.8
528.3
528.3
521.3
527.1
527.9
522
517.4
515.6
521
517.2
517.4
519.7
525
520.2
529.6
527.4
526.1
532.2
525.2
522.3
522.7
515.5
512.5
522.8
517.8
515.5
516.5
518.8
521.1
523
528.4
529.4
530.1
524
522
519.6
515.5
516.1
516.3
512.8
519.6
521.5
520.5
524.7
530.5
528.2
528.1
528.4
524.3
525.3
521.6
520.3
518.4
518.4
518.5
514.2
516.3
520.5
527.5
524.7
525.2
525.5
521.7
520
520.8
521
516.4
523.8
515.6
516.7
524.1
519.5
523.6
525.9
528.8
527.5
531.1
527.1
521.7
519
514.6
517.8
514.3
511.2
513.7
515.2
517
518.4
522.7
524.8
524.7
529.4
529.2
516.4
518.3
514.9
514.6
518.1
516.2
514.9
516.3
520.8
517.2
521.3
523.1
525.5
524.1
520.6
519.9
518.4
521
513
519.9
511
519.3
518.2
514.2
522.2
521.5
524
521.7
526
525.9
520.4
519.1
515.8
510.9
506.5
513.8
513.8
516.4
520.5
527.4
517.4
524.9
523.2
521.9
516.5
518.3
517.4
513.3
516.9
516.7
515.4
511.3
514.7
513.3
519.1
521.2
521.1
523.6
526.3
516.2
526.8
514.6
516.4
514.8
514.7
514.1
514
514.8
519.4
515.2
519
512.1
521.1
523.2
518.1
520
514.3
512.5
510.7
509.7
508.2
508.9
513.9
512.5
511.6
521.2
520.1
525
521.3
526.1
519.7
521.6
513.2
513.5
510.1
513.8
520.8
511.6
515.6
520
518.9
521.2
524
523.7
519.1
510.4
517.8
512.9
513.9
514.1
509.3
512.7
510.1
514.6
513.3
520.3
518.8
520.8
517.3
520.8
521.4
516.6
514.1
516.1
508.9
518.4
513.9
509.1
514.1
514.5
519.6
521.5
518.5
517.1
519.4
520.5
515.9
510.1
516.9
510.4
506.1
510.4
516.7
513.7
512.1
514.7
519.1
517.2
515.9
519.7
516.4
514.3
509.2
513.8
510.9
514
517.5
513.3
516.9
520
519.8
520.5
521
518.5
511.9
516.7
514.7
513.2
505.3
507.1
511.9
507.9
511.3
509.9
515.6
519.1
516.2
524
519.7
515.3
517.2
513.6
508.7
514.8
511.1
503.3
514.4
507.4
510.5
516.9
518.1
516.5
519.1
518.2
517.2
514.8
516.2
513.6
515.3
515
512.8
509.2
507.5
514.9
514.5
514.8
519.1
522.3
520.5
516.9
516.3
512.3
511.8
508.5
506.6
509.7
504.1
512.1
511.3
513.9
518.8
520.1
521
523
521.2
515.5
514
510.1
508
509.1
506.3
507.3
508.9
508.3
513.3
514.5
514.2
516.9
514.7
518.6
523.7
510.5
511.5
509.9
503.3
505.7
506.8
509.7
525.1
518.8
515.4
513.4
514.6
521.1
513.5
512.1
511.8
510.8
507
510.4
505.1
506.7
515.6
506
507.6
511.4
517.6
517.8
516
518.5
515.8
510.7
511.9
510.3
509.6
505.8
507.7
510.9
508.5
513.5
510.3
515.9
514.1
517.6
514.9
515.9
510.6
505.2
504.8
506
512.7
514.7
508.2
509.9
512.1
514
514.2
513
514.2
519.8
513.3
516.4
508.2
508.3
504.7
505.1
503.7
503.8
507.3
515
511.1
515.7
521.2
511.1
516.7
514.5
507
502.9
502.5
502.5
508.7
505.8
506.5
503.9
516.6
513.1
519.3
517.1
509.8
512.8
508
508.8
507.5
509.3
508.9
503.4
501.5
502.4
513.2
512.1
513.2
510.6
513.7
513.8
512.7
504.9
512
509.5
505.6
505.6
500.8
505.1
506.8
507.9
508.7
516.5
516.6
519.8
513.7
515
515.9
504.5
512.3
507.6
505.1
506.7
505.8
507.2
513.6
512.9
520.9
520.1
516.6
515.1
516.1
512.3
506.5
509
508.9
508.9
498.2
505.4
503.3
506.8
506.8
516.2
513.5
504.8
512
513.5
508.9
506.5
506.4
504.8
506.1
506.4
503.2
502.4
512
515.6
509.5
510.7
509.8
518.6
510.1
511.8
508.6
506.8
503.3
502.1
508.7
509.4
510.8
513.3
512.2
513.4
511.1
518
513.7
513
508
514.1
501.1
507.6
504.2
505.6
505.6
505.3
503.7
513.8
513.4
518.8
516.4
505.8
503
504.5
511.1
508.2
505.1
510.2
501.2
505.8
507.9
507.8
510.1
517.5
523.6
515.9
509
505.9
507.7
511.6
504.8
502.7
503.5
498.5
506.4
503.1
501.3
508.7
510.3
509
514.4
512.5
509.6
512.2
510.6
502.8
502.4
500
500.2
500.4
504.6
509.3
501.9
510.7
515.6
516.3
513.6
510.8
509.9
506.2
510.4
502.8
504.4
505.2
511.3
508
507.9
509.5
503
508
517.1
510.8
514.3
513.5
510
505.1
508.4
501.5
501.3
502.2
501.6
499.4
503.7
515.9
514.6
509.5
511.6
513.9
513.1
506.6
511.5
512.2
503.8
502.6
505.6
495.9
506
504
510.3
510.1
506.4
511.8
514.4
511.5
510.6
506.9
502.2
502.6
503.2
500.7
501.4
500.6
502.7
505.6
511.5
514
514
514.7
516.3
510.6
509.4
507.9
500.7
503.2
499
500.5
503
503.7
502.7
510.5
504
506
511.5
513.5
511.3
522.7
503.1
505.7
493.4
505.1
505.5
508.3
503.4
498.9
505.3
502.7
512.8
507.6
511.6
506.5
506.2
506.8
501.3
504.1
494.1
499.9
513.2
506.8
508.5
512.9
519.5
518.7
512.2
518.6
514.1
512.9
507.8
508.7
502.7
500.3
496.4
504.3
509.4
514.7
506.9
513.1
506.8
518
512.9
515.9
510.2
505.3
512.6
505.5
504.9
508.1
505.6
505.9
514.6
521.8
521.9
512.9
519.2
505.6
512.8
505.4
502.9
497.5
511
499.2
508.3
503.9
508.1
509.8
513.8
516.3
512.2
512.4
513.3
512.7
512.3
499.6
498.9
505.7
500.7
502.4
511
508.4
513.2
513.8
519
519
512.4
510.5
512.6
509.9
502.8
507.3
510.5
504.8
498.3
504.2
501.4
509.6
510.1
511.5
510.4
516.5
509.8
508.4
503
508.1
504.3
505.8
503.3
500.9
504.5
509.3
507.4
513.4
511.7
518.1
513.2
516.8
512.8
506.9
507.5
504.8
505.2
500
507.7
503.8
505.9
502.3
510.1
518.2
518.4
514.7
505
512.5
505.7
508.7
498.4
505.8
493.5
500.4
500.1
509.2
507.8
511.5
508.3
507.1
511.2
510.6
510.9
507.5
499.9
498.6
498.3
512
509.6
499.6
494.5
508
511.4
506.7
504.8
507.9
508
511.1
501.5
508.9
504.6
505.5
504
501.7
507.5
506.2
511.1
513.7
518.8
511.7
511.9
508.5
507.5
510.4
506.4
501
505.4
505.7
495.7
501.2
507.9
512
509.7
514.2
507.1
509.4
510.3
509.7
505.2
506.6
503.7
505.5
497
503.3
504.6
508.5
515.3
507.2
508.8
515.1
512.4
514.8
510.4
504.9
502.8
505.9
503.8
499.4
497.6
519
506.2
512.8
509.8
512.3
511.4
509.8
517.1
512.4
508.3
504.5
502.4
501.4
503.7
500.2
500.1
501.3
503.3
509.5
517.3
512.8
513.3
508.2
506.2
504.2
504.7
500.3
501.9
500.6
502.3
507.1
497.2
507.8
514.3
512.6
513.4
516.6
504.5
505.5
505.6
502.6
505.9
499.5
503.5
495.9
505.4
513.8
506.9
511.1
508.2
504.5
514.9
511.2
502.5
502
501.6
503.9
506.6
501.5
499.2
497.6
509.7
508.1
510.7
510.1
508.8
511.9
506.2
499.6
500
495.6
494.6
496.3
500.9
498.9
502.4
506.8
513.3
511.9
513.1
514.7
508.5
508.8
505.7
503.6
505.2
504
502.1
501.9
507
507.6
509.3
508.9
512.2
502.3
506.9
506.4
498.9
503.5
495.7
501.1
493.3
500.4
498.8
499.7
505.9
503.7
510.9
505.1
512.3
501.5
504.2
506.9
504.1
503.3
497.5
501.8
499.8
496.2
497.4
504.9
500.9
508.8
513.2
502.3
508.2
511.7
504.1
500.4
502.3
501.2
496.6
500
505.1
501.9
502.8
503.2
509.5
509.5
506.9
508.7
502.6
507.6
505.4
498.5
497.1
498.9
501.2
499.5
500.2
503.6
506.4
509.2
508.5
508.1
516.5
504
503.9
498.3
499.1
501.5
493.3
499.9
501
505.7
505.3
506.3
504.4
506.2
505.1
508
505.7
498.8
505.3
502.8
496.9
498.8
501.6
493.9
503.6
506.2
505.1
507.8
513
513.1
510.2
506.4
499
499.2
499.1
494
500.9
495
494.2
499.4
497.6
506.4
504.6
507.6
506.2
505
503.4
498.3
495.3
497.6
491.2
494.7
494.9
500.3
501.1
502.3
504.7
509.3
500.7
509.2
509.8
506.6
496.1
497.1
498.6
496.9
493.3
493.3
495.9
495.4
500.9
504.9
502.2
503.7
506.7
504.1
503.6
494
496.6
495.1
492.7
496.6
497.5
494.7
497.3
502.1
501.6
501.4
502.8
503.1
502
502.3
502
495.2
497.4
495.2
494.4
492.9
492.2
501.8
498.8
500.4
501.6
503.5
503.5
499.2
501.6
496.6
499.2
497.9
491.2
493.9
501.4
495.8
502.7
509.4
510.1
507.3
509.3
504.4
501.4
501.4
501.4
500.7
495.3
504.3
496.4
496.4
500.9
500.9
505.2
509.1
505.9
506.5
505.7
498.1
493.1
493.4
498
501
496.6
495.5
496.3
498.9
496.9
501.3
501.6
501.2
502
496.4
498.3
494.3
498.7
495.2
492.8
503.6
491.9
496.2
496.7
500.2
504.5
502.9
503.7
500.7
500.7
498.3
497.6
489.9
500
496.9
490.4
491.9
496.8
496.7
504.9
505.4
507.1
505.4
500.4
501.4
503
495.1
494.7
495.5
494.8
498.1
503.6
496.6
502.2
495.7
503.8
506.1
508
506.4
496.8
493
491.4
499.2
495.4
493.7
494.9
498.3
498.7
498.7
504.9
498.6
504.5
504.6
499.2
497.7
493.9
493.8
496.4
490.9
497.8
498.4
496.3
499.4
497.1
498.4
502.6
502.3
504.8
502.4
496.7
499.9
492.5
492.8
490.6
493.4
490.7
493.3
500.9
506.2
504.3
501.4
503.2
501.7
498
499.3
494.2
498.3
496.7
490.1
493.7
495
493.8
497.4
501.4
504.5
508
509.2
499.7
496.9
496.5
492.8
499
494.8
488.6
496.9
494.5
492.1
495.2
497.9
496.8
497.6
500.7
498.3
498.3
483.7
491
489.6
491.8
486.3
489.8
496.4
501.7
499
499
499.8
498.5
504.1
501.6
493.1
493.3
498
492.5
489.8
488.9
495.2
495.3
496.7
497.6
497.6
507.7
501.8
502.2
497.6
495.3
491.1
496.6
493.4
490.2
489.7
492.2
497.3
493.6
498.3
499.2
498.8
499.9
498.2
500
499.6
496.5
491.7
492.4
484.9
491.9
493.1
494.9
494.5
498
501.6
503.7
500.1
504.3
499.1
499.5
495.7
491.7
498.5
493.3
496.1
488.4
491.3
496.6
498.8
500.1
501
499.1
499.6
496.1
498.6
492.8
495
488.5
497
488.5
488.9
490.7
491.7
498.6
500.4
499.9
495.7
496.2
492.8
494.8
495.2
487.1
494
491.9
494.7
492.9
492.8
491.8
493.5
501.9
501.6
500.5
500.4
495.7
502.1
496.5
494.4
488.6
494.3
489.8
492.4
497.6
494.5
495.9
491.3
500.2
503.2
496.9
500.7
497.2
493.8
491.2
487.1
487.2
488.9
492.4
490.7
483.9
492.6
494.5
495.4
501
507.1
498.9
499
498.7
491.2
488.3
491
488.4
490.1
488.3
486.6
489.9
490
502
497.6
496.7
499.5
489.8
494
492
494.6
490.7
487
484.4
487.9
491.4
500.9
495.1
496.9
502.1
502.6
495.6
504.3
496.4
488.6
487
488.4
498.2
491.8
490.7
496.7
508
500.3
505
502.8
501.7
499.1
504.4
496.4
494.3
495.6
493.1
497.1
490.9
498
497.9
499.5
498
502.2
505.4
502.7
498.7
506.7
501.9
493.9
496.3
496.7
495.9
492
489.6
496.9
503
499.2
499.7
505
503.9
503.8
502.2
502.4
495
496.8
495.7
498.6
492.4
490.7
493.6
493.4
496.4
501.4
499.2
497.9
490
494.5
494.4
491.9
488.5
490.1
486.7
491.2
492.7
488.7
494
499.3
498.1
498.3
500.7
493.9
492.4
493
488.8
487.3
490.2
487.8
491.4
490.1
493.6
492
498.6
499.4
498
498.7
495
495.7
494.2
494.8
485.8
496.4
492.9
489.1
497.9
496.6
497.8
494.3
498.9
500
491
496.4
489.6
495.5
488.8
496
495
492.5
492.3
490.3
496.2
502.9
499.3
502.4
505.5
507.9
502.6
489.9
494.9
497.4
497.1
